,Timestamp,Open,High,Low,Close,Volume,Dividends,Stock Splits,Date
0,2021-08-09 09:15:00+05:30,523.0499877929688,526.8499755859375,521.0499877929688,522.4500122070312,0,0.0,0.0,2021-08-09
1,2021-08-09 10:15:00+05:30,522.0999755859375,523.9500122070312,520.5499877929688,522.9000244140625,8958,0.0,0.0,2021-08-09
2,2021-08-09 11:15:00+05:30,520.8499755859375,523.8499755859375,520.5499877929688,520.6500244140625,4122,0.0,0.0,2021-08-09
3,2021-08-09 12:15:00+05:30,521.0,524.0,520.5999755859375,521.5,29084,0.0,0.0,2021-08-09
4,2021-08-09 13:15:00+05:30,521.0999755859375,522.7000122070312,520.5499877929688,521.6500244140625,9040,0.0,0.0,2021-08-09
5,2021-08-09 14:15:00+05:30,521.0,524.9000244140625,520.0,520.0999755859375,8989,0.0,0.0,2021-08-09
6,2021-08-09 15:15:00+05:30,520.0999755859375,523.0,520.0,520.6500244140625,5425,0.0,0.0,2021-08-09
7,2021-08-10 09:15:00+05:30,525.8499755859375,525.8499755859375,520.0,521.9000244140625,0,0.0,0.0,2021-08-10
8,2021-08-10 10:15:00+05:30,521.0499877929688,522.2999877929688,520.0,521.7000122070312,7681,0.0,0.0,2021-08-10
9,2021-08-10 11:15:00+05:30,521.0,522.2000122070312,520.0,521.5499877929688,3913,0.0,0.0,2021-08-10
10,2021-08-10 12:15:00+05:30,521.9000244140625,522.25,520.0,522.25,5175,0.0,0.0,2021-08-10
11,2021-08-10 13:15:00+05:30,520.9500122070312,522.4000244140625,520.0,520.0,13575,0.0,0.0,2021-08-10
12,2021-08-10 14:15:00+05:30,520.9000244140625,522.2999877929688,520.0,520.0999755859375,4845,0.0,0.0,2021-08-10
13,2021-08-10 15:15:00+05:30,520.2999877929688,522.4500122070312,520.0,520.1500244140625,6602,0.0,0.0,2021-08-10
14,2021-08-11 09:15:00+05:30,522.0,524.4500122070312,494.0,495.29998779296875,0,0.0,0.0,2021-08-11
15,2021-08-11 10:15:00+05:30,520.3499755859375,521.25,494.0,509.8500061035156,60357,0.0,0.0,2021-08-11
16,2021-08-11 11:15:00+05:30,508.95001220703125,514.0999755859375,507.1499938964844,510.5,10470,0.0,0.0,2021-08-11
17,2021-08-11 12:15:00+05:30,510.95001220703125,522.0,510.0,520.5499877929688,23280,0.0,0.0,2021-08-11
18,2021-08-11 13:15:00+05:30,510.8999938964844,522.0,510.25,510.95001220703125,47763,0.0,0.0,2021-08-11
19,2021-08-11 14:15:00+05:30,516.0,519.5,510.1499938964844,514.5499877929688,28169,0.0,0.0,2021-08-11
20,2021-08-11 15:15:00+05:30,511.1000061035156,521.9500122070312,510.95001220703125,515.2000122070312,14720,0.0,0.0,2021-08-11
21,2021-08-12 09:15:00+05:30,527.9000244140625,527.9000244140625,511.1499938964844,512.0,14273,0.0,0.0,2021-08-12
22,2021-08-12 10:15:00+05:30,515.0,519.5,511.5,511.54998779296875,20031,0.0,0.0,2021-08-12
23,2021-08-12 11:15:00+05:30,516.5,519.0,511.04998779296875,511.25,23166,0.0,0.0,2021-08-12
24,2021-08-12 12:15:00+05:30,512.25,519.0499877929688,511.1499938964844,515.5499877929688,21799,0.0,0.0,2021-08-12
25,2021-08-12 13:15:00+05:30,516.0,517.7999877929688,511.29998779296875,512.4000244140625,18093,0.0,0.0,2021-08-12
26,2021-08-12 14:15:00+05:30,516.0,517.1500244140625,510.20001220703125,515.4000244140625,11730,0.0,0.0,2021-08-12
27,2021-08-12 15:15:00+05:30,510.5,528.0,510.3500061035156,517.7000122070312,0,0.0,0.0,2021-08-12
28,2021-08-13 09:15:00+05:30,525.9500122070312,537.0,511.1499938964844,534.75,20347,0.0,0.0,2021-08-13
29,2021-08-13 10:15:00+05:30,519.7000122070312,537.0,518.25,531.4000244140625,27502,0.0,0.0,2021-08-13
30,2021-08-13 11:15:00+05:30,531.5,532.0499877929688,518.7000122070312,526.0,15714,0.0,0.0,2021-08-13
31,2021-08-13 12:15:00+05:30,527.1500244140625,530.7999877929688,518.7000122070312,525.7999877929688,23133,0.0,0.0,2021-08-13
32,2021-08-13 13:15:00+05:30,527.7000122070312,527.9000244140625,520.5999755859375,524.4500122070312,6468,0.0,0.0,2021-08-13
33,2021-08-13 14:15:00+05:30,524.6500244140625,528.0,520.5499877929688,524.4000244140625,18802,0.0,0.0,2021-08-13
34,2021-08-13 15:15:00+05:30,525.3499755859375,526.0,521.4000244140625,524.7999877929688,18994,0.0,0.0,2021-08-13
35,2021-08-16 09:15:00+05:30,527.9000244140625,527.9000244140625,514.5499877929688,520.1500244140625,0,0.0,0.0,2021-08-16
36,2021-08-16 10:15:00+05:30,520.5,528.9500122070312,518.0,522.2999877929688,41927,0.0,0.0,2021-08-16
37,2021-08-16 11:15:00+05:30,521.25,529.2000122070312,520.6500244140625,528.9500122070312,17706,0.0,0.0,2021-08-16
38,2021-08-16 12:15:00+05:30,526.2000122070312,534.9500122070312,520.7999877929688,523.25,28455,0.0,0.0,2021-08-16
39,2021-08-16 13:15:00+05:30,522.0499877929688,528.75,522.0499877929688,525.4000244140625,16399,0.0,0.0,2021-08-16
40,2021-08-16 14:15:00+05:30,527.5,533.4000244140625,517.5499877929688,529.7999877929688,31674,0.0,0.0,2021-08-16
41,2021-08-16 15:15:00+05:30,529.2999877929688,533.4000244140625,522.2000122070312,527.7999877929688,25629,0.0,0.0,2021-08-16
42,2021-08-17 09:15:00+05:30,530.6500244140625,534.5,521.5999755859375,524.0,0,0.0,0.0,2021-08-17
43,2021-08-17 10:15:00+05:30,526.0,527.4500122070312,518.7999877929688,525.0499877929688,32550,0.0,0.0,2021-08-17
44,2021-08-17 11:15:00+05:30,523.9500122070312,527.25,521.5999755859375,525.7000122070312,12893,0.0,0.0,2021-08-17
45,2021-08-17 12:15:00+05:30,525.0,526.8499755859375,510.75,512.6500244140625,11206,0.0,0.0,2021-08-17
46,2021-08-17 13:15:00+05:30,520.75,527.0,510.75,527.0,43816,0.0,0.0,2021-08-17
47,2021-08-17 14:15:00+05:30,525.5999755859375,527.7999877929688,522.5,524.5999755859375,28018,0.0,0.0,2021-08-17
48,2021-08-17 15:15:00+05:30,525.5999755859375,529.7000122070312,522.5,526.0999755859375,40780,0.0,0.0,2021-08-17
49,2021-08-18 09:15:00+05:30,520.4000244140625,529.5499877929688,520.4000244140625,525.5,0,0.0,0.0,2021-08-18
50,2021-08-18 10:15:00+05:30,525.3499755859375,528.9500122070312,522.4000244140625,523.7000122070312,4610,0.0,0.0,2021-08-18
51,2021-08-18 11:15:00+05:30,523.0999755859375,526.0,521.75,523.0,3863,0.0,0.0,2021-08-18
52,2021-08-18 12:15:00+05:30,523.5499877929688,525.5999755859375,522.0,523.3499755859375,4345,0.0,0.0,2021-08-18
53,2021-08-18 13:15:00+05:30,524.2999877929688,532.7000122070312,521.7000122070312,529.5,13452,0.0,0.0,2021-08-18
54,2021-08-18 14:15:00+05:30,524.25,532.7000122070312,521.5,526.75,13633,0.0,0.0,2021-08-18
55,2021-08-18 15:15:00+05:30,524.5499877929688,528.4500122070312,522.2000122070312,525.4500122070312,18290,0.0,0.0,2021-08-18
56,2021-08-20 09:15:00+05:30,518.7999877929688,533.0,518.7999877929688,522.9500122070312,0,0.0,0.0,2021-08-20
57,2021-08-20 10:15:00+05:30,522.3499755859375,528.4500122070312,521.75,524.0,14107,0.0,0.0,2021-08-20
58,2021-08-20 11:15:00+05:30,524.5,525.75,520.5,521.5,10899,0.0,0.0,2021-08-20
59,2021-08-20 12:15:00+05:30,522.75,526.25,519.8499755859375,522.0,12657,0.0,0.0,2021-08-20
60,2021-08-20 13:15:00+05:30,520.7999877929688,526.25,519.8499755859375,521.75,18680,0.0,0.0,2021-08-20
61,2021-08-20 14:15:00+05:30,521.1500244140625,526.9000244140625,516.2000122070312,516.2000122070312,11106,0.0,0.0,2021-08-20
62,2021-08-20 15:15:00+05:30,515.8499755859375,519.7999877929688,511.8999938964844,515.8499755859375,9214,0.0,0.0,2021-08-20
63,2021-08-23 09:15:00+05:30,521.9500122070312,523.7000122070312,511.0,512.0499877929688,0,0.0,0.0,2021-08-23
64,2021-08-23 10:15:00+05:30,511.0,514.7999877929688,500.45001220703125,512.5,26411,0.0,0.0,2021-08-23
65,2021-08-23 11:15:00+05:30,513.4000244140625,514.4500122070312,511.04998779296875,512.75,5989,0.0,0.0,2021-08-23
66,2021-08-23 12:15:00+05:30,512.0999755859375,516.2000122070312,511.5,513.7999877929688,9923,0.0,0.0,2021-08-23
67,2021-08-23 13:15:00+05:30,514.5999755859375,516.5999755859375,512.0499877929688,514.1500244140625,9278,0.0,0.0,2021-08-23
68,2021-08-23 14:15:00+05:30,515.4000244140625,516.4000244140625,505.25,506.5,7053,0.0,0.0,2021-08-23
69,2021-08-23 15:15:00+05:30,507.5,512.9500122070312,505.20001220703125,507.70001220703125,13991,0.0,0.0,2021-08-23
70,2021-08-24 09:15:00+05:30,512.9000244140625,512.9000244140625,506.1000061035156,506.3500061035156,0,0.0,0.0,2021-08-24
71,2021-08-24 10:15:00+05:30,506.20001220703125,509.20001220703125,505.1000061035156,506.3500061035156,13845,0.0,0.0,2021-08-24
72,2021-08-24 11:15:00+05:30,506.29998779296875,508.29998779296875,505.54998779296875,506.45001220703125,4267,0.0,0.0,2021-08-24
73,2021-08-24 12:15:00+05:30,507.20001220703125,508.0,505.54998779296875,507.6000061035156,3684,0.0,0.0,2021-08-24
74,2021-08-24 13:15:00+05:30,506.6499938964844,512.75,505.54998779296875,510.54998779296875,9972,0.0,0.0,2021-08-24
75,2021-08-24 14:15:00+05:30,510.29998779296875,513.0,510.0,510.70001220703125,3740,0.0,0.0,2021-08-24
76,2021-08-24 15:15:00+05:30,510.70001220703125,517.0,508.04998779296875,516.9500122070312,8129,0.0,0.0,2021-08-24
77,2021-08-25 09:15:00+05:30,518.75,518.75,506.1000061035156,510.0,0,0.0,0.0,2021-08-25
78,2021-08-25 10:15:00+05:30,508.3999938964844,512.5999755859375,507.8999938964844,511.20001220703125,17195,0.0,0.0,2021-08-25
79,2021-08-25 11:15:00+05:30,511.1499938964844,526.9500122070312,508.04998779296875,523.9500122070312,17014,0.0,0.0,2021-08-25
80,2021-08-25 12:15:00+05:30,512.4000244140625,526.9500122070312,512.0499877929688,513.5999755859375,19845,0.0,0.0,2021-08-25
81,2021-08-25 13:15:00+05:30,518.5499877929688,519.5499877929688,513.0,515.6500244140625,16033,0.0,0.0,2021-08-25
82,2021-08-25 14:15:00+05:30,515.0,519.5499877929688,513.25,514.0,11502,0.0,0.0,2021-08-25
83,2021-08-25 15:15:00+05:30,513.4000244140625,518.3499755859375,507.1499938964844,514.0499877929688,14478,0.0,0.0,2021-08-25
84,2021-08-26 09:15:00+05:30,519.9500122070312,519.9500122070312,508.3500061035156,512.0999755859375,0,0.0,0.0,2021-08-26
85,2021-08-26 10:15:00+05:30,510.29998779296875,519.0,510.25,515.0999755859375,38619,0.0,0.0,2021-08-26
86,2021-08-26 11:15:00+05:30,512.6500244140625,526.9000244140625,512.6500244140625,516.9500122070312,23608,0.0,0.0,2021-08-26
87,2021-08-26 12:15:00+05:30,517.0,518.7000122070312,515.3499755859375,516.7000122070312,5082,0.0,0.0,2021-08-26
88,2021-08-26 13:15:00+05:30,517.5,525.0,515.5499877929688,517.7999877929688,15948,0.0,0.0,2021-08-26
89,2021-08-26 14:15:00+05:30,519.1500244140625,519.1500244140625,514.0,516.2999877929688,6676,0.0,0.0,2021-08-26
90,2021-08-26 15:15:00+05:30,515.1500244140625,517.0,508.04998779296875,514.6500244140625,12245,0.0,0.0,2021-08-26
91,2021-08-27 09:15:00+05:30,524.9000244140625,524.9000244140625,511.0,516.1500244140625,6749,0.0,0.0,2021-08-27
92,2021-08-27 10:15:00+05:30,515.0999755859375,520.8499755859375,515.0499877929688,518.9500122070312,16125,0.0,0.0,2021-08-27
93,2021-08-27 11:15:00+05:30,519.2000122070312,520.8499755859375,517.0,518.2000122070312,12847,0.0,0.0,2021-08-27
94,2021-08-27 12:15:00+05:30,518.8499755859375,518.9000244140625,515.2999877929688,516.25,4204,0.0,0.0,2021-08-27
95,2021-08-27 13:15:00+05:30,516.7999877929688,518.4000244140625,515.2999877929688,516.2000122070312,8449,0.0,0.0,2021-08-27
96,2021-08-27 14:15:00+05:30,517.0,518.8499755859375,513.4500122070312,515.9500122070312,12888,0.0,0.0,2021-08-27
97,2021-08-27 15:15:00+05:30,515.0499877929688,518.8499755859375,510.8500061035156,515.4000244140625,0,0.0,0.0,2021-08-27
98,2021-08-30 09:15:00+05:30,519.9500122070312,523.75,515.0,518.5499877929688,0,0.0,0.0,2021-08-30
99,2021-08-30 10:15:00+05:30,518.6500244140625,521.0499877929688,512.0,517.0,8477,0.0,0.0,2021-08-30
100,2021-08-30 11:15:00+05:30,517.0,519.8499755859375,515.5,518.0999755859375,3204,0.0,0.0,2021-08-30
101,2021-08-30 12:15:00+05:30,518.9000244140625,523.75,516.2000122070312,516.2000122070312,9696,0.0,0.0,2021-08-30
102,2021-08-30 13:15:00+05:30,520.75,520.7999877929688,515.7999877929688,519.2999877929688,2892,0.0,0.0,2021-08-30
103,2021-08-30 14:15:00+05:30,519.3499755859375,526.9500122070312,518.0,520.0,26694,0.0,0.0,2021-08-30
104,2021-08-30 15:15:00+05:30,519.9000244140625,525.9500122070312,517.1500244140625,521.1500244140625,37089,0.0,0.0,2021-08-30
105,2021-08-31 09:15:00+05:30,521.1500244140625,521.1500244140625,515.0,518.7000122070312,0,0.0,0.0,2021-08-31
106,2021-08-31 10:15:00+05:30,518.5,519.5999755859375,505.45001220703125,510.1000061035156,22819,0.0,0.0,2021-08-31
107,2021-08-31 11:15:00+05:30,511.5,516.0,510.1000061035156,513.0,6105,0.0,0.0,2021-08-31
108,2021-08-31 12:15:00+05:30,513.2000122070312,513.75,509.54998779296875,510.5,2481,0.0,0.0,2021-08-31
109,2021-08-31 13:15:00+05:30,510.5,512.0,506.29998779296875,510.20001220703125,3810,0.0,0.0,2021-08-31
110,2021-08-31 14:15:00+05:30,510.6499938964844,511.3500061035156,507.0,509.8500061035156,6365,0.0,0.0,2021-08-31
111,2021-08-31 15:15:00+05:30,509.8500061035156,510.0,505.1499938964844,508.1499938964844,4604,0.0,0.0,2021-08-31
112,2021-09-01 09:15:00+05:30,511.0,511.0,504.8500061035156,505.04998779296875,0,0.0,0.0,2021-09-01
113,2021-09-01 10:15:00+05:30,505.04998779296875,507.29998779296875,501.04998779296875,501.20001220703125,40841,0.0,0.0,2021-09-01
114,2021-09-01 11:15:00+05:30,501.20001220703125,504.5,501.20001220703125,502.95001220703125,6773,0.0,0.0,2021-09-01
115,2021-09-01 12:15:00+05:30,503.5,510.1499938964844,502.8500061035156,509.95001220703125,7862,0.0,0.0,2021-09-01
116,2021-09-01 13:15:00+05:30,509.95001220703125,512.9000244140625,508.1000061035156,510.29998779296875,13076,0.0,0.0,2021-09-01
117,2021-09-01 14:15:00+05:30,511.3500061035156,514.2000122070312,509.0,514.2000122070312,31207,0.0,0.0,2021-09-01
118,2021-09-01 15:15:00+05:30,513.1500244140625,517.7000122070312,511.75,513.7000122070312,10038,0.0,0.0,2021-09-01
119,2021-09-02 09:15:00+05:30,517.9000244140625,520.8499755859375,511.8500061035156,513.9500122070312,0,0.0,0.0,2021-09-02
120,2021-09-02 10:15:00+05:30,512.5999755859375,513.9500122070312,509.0,509.5,6015,0.0,0.0,2021-09-02
121,2021-09-02 11:15:00+05:30,509.54998779296875,512.25,509.04998779296875,511.0,3283,0.0,0.0,2021-09-02
122,2021-09-02 12:15:00+05:30,511.70001220703125,511.95001220703125,510.0,511.8500061035156,3089,0.0,0.0,2021-09-02
123,2021-09-02 13:15:00+05:30,511.8500061035156,512.4000244140625,510.1000061035156,511.1000061035156,2717,0.0,0.0,2021-09-02
124,2021-09-02 14:15:00+05:30,510.70001220703125,516.0499877929688,510.6499938964844,511.20001220703125,5713,0.0,0.0,2021-09-02
125,2021-09-02 15:15:00+05:30,511.3999938964844,511.8999938964844,510.04998779296875,510.8999938964844,2486,0.0,0.0,2021-09-02
126,2021-09-03 09:15:00+05:30,515.6500244140625,515.6500244140625,507.0,509.70001220703125,0,0.0,0.0,2021-09-03
127,2021-09-03 10:15:00+05:30,509.0,513.8499755859375,508.3500061035156,510.8999938964844,12225,0.0,0.0,2021-09-03
128,2021-09-03 11:15:00+05:30,510.8999938964844,511.20001220703125,508.70001220703125,510.79998779296875,4512,0.0,0.0,2021-09-03
129,2021-09-03 12:15:00+05:30,510.8999938964844,512.9000244140625,509.5,512.9000244140625,9200,0.0,0.0,2021-09-03
130,2021-09-03 13:15:00+05:30,512.9500122070312,513.0,511.1000061035156,512.1500244140625,1685,0.0,0.0,2021-09-03
131,2021-09-03 14:15:00+05:30,512.7999877929688,514.5999755859375,508.5,508.75,6153,0.0,0.0,2021-09-03
132,2021-09-03 15:15:00+05:30,508.8500061035156,509.29998779296875,507.5,508.79998779296875,1207,0.0,0.0,2021-09-03
133,2021-09-06 09:15:00+05:30,505.0,512.9000244140625,476.1499938964844,509.20001220703125,0,0.0,0.0,2021-09-06
134,2021-09-06 10:15:00+05:30,509.70001220703125,510.70001220703125,507.1499938964844,509.3500061035156,4895,0.0,0.0,2021-09-06
135,2021-09-06 11:15:00+05:30,509.0,509.95001220703125,507.54998779296875,508.8500061035156,4740,0.0,0.0,2021-09-06
136,2021-09-06 12:15:00+05:30,508.6499938964844,509.8500061035156,507.1000061035156,507.95001220703125,2603,0.0,0.0,2021-09-06
137,2021-09-06 13:15:00+05:30,508.0,513.0,507.45001220703125,509.29998779296875,6203,0.0,0.0,2021-09-06
138,2021-09-06 14:15:00+05:30,509.0,509.75,505.04998779296875,505.54998779296875,2510,0.0,0.0,2021-09-06
139,2021-09-06 15:15:00+05:30,505.54998779296875,507.8999938964844,505.0,505.6000061035156,1988,0.0,0.0,2021-09-06
140,2021-09-07 09:15:00+05:30,507.3999938964844,508.95001220703125,505.0,506.45001220703125,0,0.378368,0.0,2021-09-07
141,2021-09-07 10:15:00+05:30,506.45001220703125,506.75,498.5,505.1499938964844,4762,0.0,0.0,2021-09-07
142,2021-09-07 11:15:00+05:30,506.1499938964844,506.3999938964844,505.0,506.25,1808,0.0,0.0,2021-09-07
143,2021-09-07 12:15:00+05:30,506.29998779296875,508.5,505.3500061035156,506.29998779296875,5373,0.0,0.0,2021-09-07
144,2021-09-07 13:15:00+05:30,506.5,507.95001220703125,505.79998779296875,506.6499938964844,2879,0.0,0.0,2021-09-07
145,2021-09-07 14:15:00+05:30,507.1000061035156,507.8500061035156,505.25,506.70001220703125,1911,0.0,0.0,2021-09-07
146,2021-09-07 15:15:00+05:30,506.70001220703125,508.0,506.0,507.45001220703125,2163,0.0,0.0,2021-09-07
147,2021-09-08 09:15:00+05:30,507.45001220703125,509.75,505.45001220703125,507.70001220703125,0,0.0,0.0,2021-09-08
148,2021-09-08 10:15:00+05:30,507.0,509.1499938964844,506.6499938964844,507.75,4462,0.0,0.0,2021-09-08
149,2021-09-08 11:15:00+05:30,506.6499938964844,508.1000061035156,506.6499938964844,507.54998779296875,1020,0.0,0.0,2021-09-08
150,2021-09-08 12:15:00+05:30,507.45001220703125,507.8500061035156,505.0,505.0,3042,0.0,0.0,2021-09-08
151,2021-09-08 13:15:00+05:30,505.04998779296875,507.29998779296875,505.04998779296875,506.3500061035156,2536,0.0,0.0,2021-09-08
152,2021-09-08 14:15:00+05:30,506.04998779296875,514.0999755859375,501.0,512.0499877929688,45251,0.0,0.0,2021-09-08
153,2021-09-08 15:15:00+05:30,512.0499877929688,515.0,511.04998779296875,512.4000244140625,1787,0.0,0.0,2021-09-08
154,2021-09-09 09:15:00+05:30,519.0,519.0,508.29998779296875,510.0,0,0.0,0.0,2021-09-09
155,2021-09-09 10:15:00+05:30,510.25,514.0,509.70001220703125,510.3999938964844,3773,0.0,0.0,2021-09-09
156,2021-09-09 11:15:00+05:30,510.3999938964844,514.9500122070312,509.29998779296875,509.75,10479,0.0,0.0,2021-09-09
157,2021-09-09 12:15:00+05:30,509.75,512.9500122070312,508.70001220703125,511.6000061035156,2941,0.0,0.0,2021-09-09
158,2021-09-09 13:15:00+05:30,511.75,512.7999877929688,510.5,511.20001220703125,2001,0.0,0.0,2021-09-09
159,2021-09-09 14:15:00+05:30,511.95001220703125,512.2000122070312,507.8500061035156,507.8999938964844,6158,0.0,0.0,2021-09-09
160,2021-09-09 15:15:00+05:30,508.1499938964844,510.75,508.1000061035156,509.04998779296875,1466,0.0,0.0,2021-09-09
161,2021-09-13 09:15:00+05:30,510.8999938964844,510.8999938964844,502.1000061035156,504.25,0,0.0,0.0,2021-09-13
162,2021-09-13 10:15:00+05:30,503.3999938964844,506.95001220703125,503.3999938964844,505.0,4421,0.0,0.0,2021-09-13
163,2021-09-13 11:15:00+05:30,504.8999938964844,505.79998779296875,502.3500061035156,502.75,2877,0.0,0.0,2021-09-13
164,2021-09-13 12:15:00+05:30,502.75,504.1499938964844,501.1000061035156,502.3500061035156,6266,0.0,0.0,2021-09-13
165,2021-09-13 13:15:00+05:30,502.3999938964844,504.1499938964844,502.04998779296875,503.54998779296875,0,0.0,0.0,2021-09-13
166,2021-09-13 14:15:00+05:30,503.54998779296875,503.6000061035156,501.1000061035156,502.45001220703125,30654,0.0,0.0,2021-09-13
167,2021-09-13 15:15:00+05:30,501.95001220703125,504.95001220703125,501.1499938964844,501.75,1740,0.0,0.0,2021-09-13
168,2021-09-14 09:15:00+05:30,502.1000061035156,506.0,501.5,505.3999938964844,0,0.0,0.0,2021-09-14
169,2021-09-14 10:15:00+05:30,505.25,505.25,502.5,502.5,4608,0.0,0.0,2021-09-14
170,2021-09-14 11:15:00+05:30,502.6000061035156,504.20001220703125,501.6499938964844,502.0,3597,0.0,0.0,2021-09-14
171,2021-09-14 12:15:00+05:30,502.04998779296875,504.75,502.0,503.3999938964844,2448,0.0,0.0,2021-09-14
172,2021-09-14 13:15:00+05:30,503.29998779296875,503.75,502.04998779296875,502.6499938964844,4226,0.0,0.0,2021-09-14
173,2021-09-14 14:15:00+05:30,503.1000061035156,505.04998779296875,502.1000061035156,505.04998779296875,2529,0.0,0.0,2021-09-14
174,2021-09-14 15:15:00+05:30,504.8999938964844,504.95001220703125,502.04998779296875,503.45001220703125,478,0.0,0.0,2021-09-14
175,2021-09-15 09:15:00+05:30,507.5,507.5,502.25,503.54998779296875,0,0.0,0.0,2021-09-15
176,2021-09-15 10:15:00+05:30,503.3500061035156,504.79998779296875,503.0,504.5,881,0.0,0.0,2021-09-15
177,2021-09-15 11:15:00+05:30,504.5,504.6000061035156,502.95001220703125,503.45001220703125,1083,0.0,0.0,2021-09-15
178,2021-09-15 12:15:00+05:30,503.8500061035156,504.79998779296875,502.6499938964844,504.6000061035156,2771,0.0,0.0,2021-09-15
179,2021-09-15 13:15:00+05:30,504.20001220703125,504.20001220703125,502.6000061035156,503.0,246,0.0,0.0,2021-09-15
180,2021-09-15 14:15:00+05:30,502.95001220703125,504.6000061035156,501.54998779296875,502.1499938964844,2868,0.0,0.0,2021-09-15
181,2021-09-15 15:15:00+05:30,502.1499938964844,503.75,501.5,502.5,889,0.0,0.0,2021-09-15
182,2021-09-16 09:15:00+05:30,502.5,504.70001220703125,497.8999938964844,504.70001220703125,0,0.0,0.0,2021-09-16
183,2021-09-16 10:15:00+05:30,504.70001220703125,504.70001220703125,501.0,501.95001220703125,2636,0.0,0.0,2021-09-16
184,2021-09-16 11:15:00+05:30,501.95001220703125,503.45001220703125,501.0,502.20001220703125,1699,0.0,0.0,2021-09-16
185,2021-09-16 12:15:00+05:30,502.1000061035156,503.3999938964844,501.04998779296875,502.1000061035156,1798,0.0,0.0,2021-09-16
186,2021-09-16 13:15:00+05:30,501.6000061035156,502.54998779296875,501.0,501.0,2238,0.0,0.0,2021-09-16
187,2021-09-16 14:15:00+05:30,502.1499938964844,503.3999938964844,501.0,501.1499938964844,766,0.0,0.0,2021-09-16
188,2021-09-16 15:15:00+05:30,502.1000061035156,502.8999938964844,501.0,501.70001220703125,808,0.0,0.0,2021-09-16
189,2021-09-17 09:15:00+05:30,508.0,508.0,499.75,503.70001220703125,0,0.0,0.0,2021-09-17
190,2021-09-17 10:15:00+05:30,504.0,504.1000061035156,502.0,503.3999938964844,4157,0.0,0.0,2021-09-17
191,2021-09-17 11:15:00+05:30,503.25,503.95001220703125,501.1000061035156,501.5,3630,0.0,0.0,2021-09-17
192,2021-09-17 12:15:00+05:30,501.25,503.70001220703125,501.0,503.0,2099,0.0,0.0,2021-09-17
193,2021-09-17 13:15:00+05:30,503.20001220703125,503.8999938964844,501.1499938964844,503.20001220703125,5790,0.0,0.0,2021-09-17
194,2021-09-17 14:15:00+05:30,503.20001220703125,503.79998779296875,501.29998779296875,502.0,5429,0.0,0.0,2021-09-17
195,2021-09-17 15:15:00+05:30,503.0,503.04998779296875,501.0,502.3500061035156,731,0.0,0.0,2021-09-17
196,2021-09-20 09:15:00+05:30,503.0,504.79998779296875,500.95001220703125,502.3500061035156,0,0.0,0.0,2021-09-20
197,2021-09-20 10:15:00+05:30,503.1000061035156,503.6499938964844,501.70001220703125,503.45001220703125,2242,0.0,0.0,2021-09-20
198,2021-09-20 11:15:00+05:30,503.20001220703125,503.29998779296875,501.29998779296875,502.29998779296875,1710,0.0,0.0,2021-09-20
199,2021-09-20 12:15:00+05:30,502.3999938964844,503.45001220703125,501.0,502.25,1821,0.0,0.0,2021-09-20
200,2021-09-20 13:15:00+05:30,502.29998779296875,503.3999938964844,501.0,501.8500061035156,5612,0.0,0.0,2021-09-20
201,2021-09-20 14:15:00+05:30,501.3999938964844,502.95001220703125,501.0,501.20001220703125,3804,0.0,0.0,2021-09-20
202,2021-09-20 15:15:00+05:30,501.1000061035156,503.5,501.0,501.75,1519,0.0,0.0,2021-09-20
203,2021-09-21 09:15:00+05:30,500.0,503.8999938964844,495.8500061035156,501.79998779296875,0,0.0,0.0,2021-09-21
204,2021-09-21 10:15:00+05:30,501.70001220703125,502.79998779296875,501.04998779296875,501.25,4530,0.0,0.0,2021-09-21
205,2021-09-21 11:15:00+05:30,501.5,502.20001220703125,497.0,497.0,11776,0.0,0.0,2021-09-21
206,2021-09-21 12:15:00+05:30,497.0,502.79998779296875,496.8999938964844,502.0,10342,0.0,0.0,2021-09-21
207,2021-09-21 13:15:00+05:30,501.04998779296875,502.0,497.3999938964844,501.20001220703125,15381,0.0,0.0,2021-09-21
208,2021-09-21 14:15:00+05:30,501.20001220703125,502.45001220703125,499.45001220703125,501.5,4093,0.0,0.0,2021-09-21
209,2021-09-21 15:15:00+05:30,502.0,509.0,501.6499938964844,503.29998779296875,4225,0.0,0.0,2021-09-21
210,2021-09-22 09:15:00+05:30,507.75,510.20001220703125,500.0,503.75,0,0.0,0.0,2021-09-22
211,2021-09-22 10:15:00+05:30,503.6499938964844,503.95001220703125,502.1000061035156,502.70001220703125,3616,0.0,0.0,2021-09-22
212,2021-09-22 11:15:00+05:30,503.25,504.1499938964844,502.25,504.1000061035156,9434,0.0,0.0,2021-09-22
213,2021-09-22 12:15:00+05:30,503.6499938964844,504.3999938964844,502.5,504.20001220703125,2289,0.0,0.0,2021-09-22
214,2021-09-22 13:15:00+05:30,502.79998779296875,504.45001220703125,502.25,503.8999938964844,2701,0.0,0.0,2021-09-22
215,2021-09-22 14:15:00+05:30,504.04998779296875,504.79998779296875,502.1000061035156,502.95001220703125,4058,0.0,0.0,2021-09-22
216,2021-09-22 15:15:00+05:30,502.3999938964844,503.5,502.0,502.20001220703125,7700,0.0,0.0,2021-09-22
217,2021-09-23 09:15:00+05:30,502.20001220703125,504.8500061035156,502.0,502.79998779296875,0,0.0,0.0,2021-09-23
218,2021-09-23 10:15:00+05:30,502.8500061035156,504.20001220703125,502.5,503.1499938964844,1610,0.0,0.0,2021-09-23
219,2021-09-23 11:15:00+05:30,502.95001220703125,504.70001220703125,502.54998779296875,503.04998779296875,1281,0.0,0.0,2021-09-23
220,2021-09-23 12:15:00+05:30,503.04998779296875,519.7000122070312,503.04998779296875,515.3499755859375,22412,0.0,0.0,2021-09-23
221,2021-09-23 13:15:00+05:30,515.3499755859375,524.0,510.0,519.25,37312,0.0,0.0,2021-09-23
222,2021-09-23 14:15:00+05:30,518.8499755859375,520.9500122070312,513.5499877929688,518.25,19991,0.0,0.0,2021-09-23
223,2021-09-23 15:15:00+05:30,519.0,519.9500122070312,510.0,517.5999755859375,6337,0.0,0.0,2021-09-23
224,2021-09-24 09:15:00+05:30,517.5499877929688,520.4500122070312,509.3999938964844,512.4000244140625,0,0.0,0.0,2021-09-24
225,2021-09-24 10:15:00+05:30,513.4500122070312,516.9000244140625,510.8999938964844,515.0,5323,0.0,0.0,2021-09-24
226,2021-09-24 11:15:00+05:30,515.0,518.0,513.3499755859375,517.3499755859375,6326,0.0,0.0,2021-09-24
227,2021-09-24 12:15:00+05:30,517.75,519.9000244140625,513.3499755859375,514.5,4013,0.0,0.0,2021-09-24
228,2021-09-24 13:15:00+05:30,515.0,517.7999877929688,505.3999938964844,509.1499938964844,7095,0.0,0.0,2021-09-24
229,2021-09-24 14:15:00+05:30,509.79998779296875,518.0,507.3999938964844,518.0,5886,0.0,0.0,2021-09-24
230,2021-09-24 15:15:00+05:30,518.0,519.75,515.0,515.2999877929688,1509,0.0,0.0,2021-09-24
231,2021-09-27 09:15:00+05:30,517.8499755859375,517.8499755859375,509.0,510.3500061035156,0,0.0,0.0,2021-09-27
232,2021-09-27 10:15:00+05:30,510.3500061035156,511.6499938964844,506.0,508.3999938964844,4512,0.0,0.0,2021-09-27
233,2021-09-27 11:15:00+05:30,508.70001220703125,512.0,506.1000061035156,509.0,6517,0.0,0.0,2021-09-27
234,2021-09-27 12:15:00+05:30,508.75,511.8999938964844,507.6000061035156,510.5,3126,0.0,0.0,2021-09-27
235,2021-09-27 13:15:00+05:30,510.25,512.9500122070312,507.54998779296875,509.29998779296875,2802,0.0,0.0,2021-09-27
236,2021-09-27 14:15:00+05:30,509.45001220703125,514.25,508.04998779296875,512.5,1668,0.0,0.0,2021-09-27
237,2021-09-27 15:15:00+05:30,512.0999755859375,516.0,511.95001220703125,513.5,1849,0.0,0.0,2021-09-27
238,2021-09-28 09:15:00+05:30,515.9500122070312,515.9500122070312,506.0,510.6499938964844,0,0.0,0.0,2021-09-28
239,2021-09-28 10:15:00+05:30,509.45001220703125,511.1000061035156,506.70001220703125,509.25,1345,0.0,0.0,2021-09-28
240,2021-09-28 11:15:00+05:30,509.5,509.79998779296875,508.25,508.25,1059,0.0,0.0,2021-09-28
241,2021-09-28 12:15:00+05:30,509.95001220703125,511.25,508.0,508.20001220703125,2066,0.0,0.0,2021-09-28
242,2021-09-28 13:15:00+05:30,509.25,510.6000061035156,508.04998779296875,509.45001220703125,1880,0.0,0.0,2021-09-28
243,2021-09-28 14:15:00+05:30,509.20001220703125,509.8500061035156,505.3999938964844,506.1499938964844,7768,0.0,0.0,2021-09-28
244,2021-09-28 15:15:00+05:30,506.0,507.8999938964844,505.0,505.70001220703125,934,0.0,0.0,2021-09-28
245,2021-09-29 09:15:00+05:30,495.0,503.95001220703125,495.0,503.79998779296875,0,0.0,0.0,2021-09-29
246,2021-09-29 10:15:00+05:30,502.79998779296875,504.0,501.3500061035156,503.3500061035156,832,0.0,0.0,2021-09-29
247,2021-09-29 11:15:00+05:30,503.5,504.0,501.20001220703125,502.5,1029,0.0,0.0,2021-09-29
248,2021-09-29 12:15:00+05:30,502.5,503.95001220703125,501.1000061035156,501.5,3262,0.0,0.0,2021-09-29
249,2021-09-29 13:15:00+05:30,501.6000061035156,503.1000061035156,501.1000061035156,502.75,4594,0.0,0.0,2021-09-29
250,2021-09-29 14:15:00+05:30,502.8500061035156,503.6499938964844,501.1000061035156,501.1499938964844,1357,0.0,0.0,2021-09-29
251,2021-09-29 15:15:00+05:30,501.1499938964844,503.5,501.1000061035156,501.3500061035156,2967,0.0,0.0,2021-09-29
252,2021-09-30 09:15:00+05:30,503.8999938964844,510.3500061035156,503.25,510.3500061035156,0,0.0,0.0,2021-09-30
253,2021-09-30 10:15:00+05:30,514.7000122070312,514.7000122070312,510.0,512.0,7489,0.0,0.0,2021-09-30
254,2021-09-30 11:15:00+05:30,512.5499877929688,515.0,506.1499938964844,511.75,7110,0.0,0.0,2021-09-30
255,2021-09-30 12:15:00+05:30,511.75,512.4000244140625,511.6000061035156,511.75,1154,0.0,0.0,2021-09-30
256,2021-09-30 13:15:00+05:30,511.75,517.0,511.6000061035156,514.75,9333,0.0,0.0,2021-09-30
257,2021-09-30 14:15:00+05:30,514.5,521.7000122070312,514.0,517.0999755859375,11361,0.0,0.0,2021-09-30
258,2021-09-30 15:15:00+05:30,517.0999755859375,520.5999755859375,505.20001220703125,515.25,11190,0.0,0.0,2021-09-30
259,2021-10-01 09:15:00+05:30,516.1500244140625,526.5,506.54998779296875,522.75,0,0.0,0.0,2021-10-01
260,2021-10-01 10:15:00+05:30,522.5499877929688,528.0,522.5,522.9000244140625,9227,0.0,0.0,2021-10-01
261,2021-10-01 11:15:00+05:30,523.1500244140625,525.2999877929688,522.0,522.4000244140625,2581,0.0,0.0,2021-10-01
262,2021-10-01 12:15:00+05:30,523.7999877929688,524.6500244140625,522.0,523.4000244140625,3372,0.0,0.0,2021-10-01
263,2021-10-01 13:15:00+05:30,523.4000244140625,525.5,521.0,522.0,9056,0.0,0.0,2021-10-01
264,2021-10-01 14:15:00+05:30,522.25,527.0,522.0,525.1500244140625,10917,0.0,0.0,2021-10-01
265,2021-10-01 15:15:00+05:30,528.0,528.0,525.0,525.4500122070312,4664,0.0,0.0,2021-10-01
266,2021-10-04 09:15:00+05:30,534.9500122070312,555.0,532.7000122070312,549.8499755859375,1344,0.0,0.0,2021-10-04
267,2021-10-04 10:15:00+05:30,549.2000122070312,569.0,543.75,548.1500244140625,91224,0.0,0.0,2021-10-04
268,2021-10-04 11:15:00+05:30,548.2999877929688,552.25,540.8499755859375,544.6500244140625,24621,0.0,0.0,2021-10-04
269,2021-10-04 12:15:00+05:30,544.6500244140625,548.5,544.0499877929688,547.2000122070312,9373,0.0,0.0,2021-10-04
270,2021-10-04 13:15:00+05:30,548.0499877929688,549.0,545.0999755859375,548.0499877929688,8784,0.0,0.0,2021-10-04
271,2021-10-04 14:15:00+05:30,548.6500244140625,548.6500244140625,543.7000122070312,545.5,9526,0.0,0.0,2021-10-04
272,2021-10-04 15:15:00+05:30,545.4000244140625,545.4000244140625,530.7000122070312,538.7000122070312,14842,0.0,0.0,2021-10-04
273,2021-10-05 09:15:00+05:30,533.7000122070312,533.7000122070312,526.2000122070312,532.9000244140625,0,0.0,0.0,2021-10-05
274,2021-10-05 10:15:00+05:30,532.9000244140625,537.75,532.4000244140625,533.0,6508,0.0,0.0,2021-10-05
275,2021-10-05 11:15:00+05:30,533.0,534.9500122070312,530.0499877929688,531.0999755859375,4352,0.0,0.0,2021-10-05
276,2021-10-05 12:15:00+05:30,532.0499877929688,534.9500122070312,531.2000122070312,532.7999877929688,1636,0.0,0.0,2021-10-05
277,2021-10-05 13:15:00+05:30,531.5499877929688,533.6500244140625,531.1500244140625,532.9000244140625,2053,0.0,0.0,2021-10-05
278,2021-10-05 14:15:00+05:30,532.2000122070312,533.2999877929688,526.0,531.25,4613,0.0,0.0,2021-10-05
279,2021-10-05 15:15:00+05:30,531.2999877929688,533.0,528.0499877929688,530.8499755859375,2214,0.0,0.0,2021-10-05
280,2021-10-06 09:15:00+05:30,533.5499877929688,534.5,524.5499877929688,526.2999877929688,0,0.0,0.0,2021-10-06
281,2021-10-06 10:15:00+05:30,527.0999755859375,529.5,526.0999755859375,526.6500244140625,3217,0.0,0.0,2021-10-06
282,2021-10-06 11:15:00+05:30,527.2999877929688,528.9500122070312,526.0,528.5999755859375,1496,0.0,0.0,2021-10-06
283,2021-10-06 12:15:00+05:30,528.1500244140625,528.1500244140625,525.0,525.7000122070312,2666,0.0,0.0,2021-10-06
284,2021-10-06 13:15:00+05:30,525.0,526.9500122070312,517.3499755859375,523.9500122070312,8727,0.0,0.0,2021-10-06
285,2021-10-06 14:15:00+05:30,524.0499877929688,533.9000244140625,520.0,527.9000244140625,14191,0.0,0.0,2021-10-06
286,2021-10-06 15:15:00+05:30,527.2999877929688,527.2999877929688,523.0499877929688,524.5999755859375,1821,0.0,0.0,2021-10-06
287,2021-10-07 09:15:00+05:30,521.0999755859375,531.9500122070312,521.0999755859375,524.2999877929688,0,0.0,0.0,2021-10-07
288,2021-10-07 10:15:00+05:30,525.7000122070312,530.2000122070312,525.1500244140625,526.4500122070312,2554,0.0,0.0,2021-10-07
289,2021-10-07 11:15:00+05:30,525.5999755859375,528.8499755859375,525.1500244140625,526.4500122070312,4826,0.0,0.0,2021-10-07
290,2021-10-07 12:15:00+05:30,526.6500244140625,528.7000122070312,525.2999877929688,526.9000244140625,2462,0.0,0.0,2021-10-07
291,2021-10-07 13:15:00+05:30,526.0999755859375,527.4500122070312,525.0499877929688,527.0,652,0.0,0.0,2021-10-07
292,2021-10-07 14:15:00+05:30,527.8499755859375,529.75,525.0499877929688,527.9500122070312,4189,0.0,0.0,2021-10-07
293,2021-10-07 15:15:00+05:30,526.1500244140625,531.9000244140625,526.1500244140625,529.0499877929688,1688,0.0,0.0,2021-10-07
294,2021-10-08 09:15:00+05:30,529.0499877929688,541.0,522.2000122070312,529.7999877929688,0,0.0,0.0,2021-10-08
295,2021-10-08 10:15:00+05:30,529.8499755859375,535.0999755859375,526.7999877929688,531.9000244140625,7043,0.0,0.0,2021-10-08
296,2021-10-08 11:15:00+05:30,531.9000244140625,532.2000122070312,528.0499877929688,530.5,3443,0.0,0.0,2021-10-08
297,2021-10-08 12:15:00+05:30,530.2000122070312,531.0,526.0999755859375,527.75,1546,0.0,0.0,2021-10-08
298,2021-10-08 13:15:00+05:30,527.7000122070312,527.75,525.0,526.6500244140625,971,0.0,0.0,2021-10-08
299,2021-10-08 14:15:00+05:30,526.0,529.0,525.0,526.7999877929688,1334,0.0,0.0,2021-10-08
300,2021-10-08 15:15:00+05:30,526.7999877929688,528.9000244140625,525.0,525.9000244140625,1294,0.0,0.0,2021-10-08
301,2021-10-11 09:15:00+05:30,528.5,528.5,521.5,524.4000244140625,0,0.0,0.0,2021-10-11
302,2021-10-11 10:15:00+05:30,523.0,524.5499877929688,521.0,522.5499877929688,1600,0.0,0.0,2021-10-11
303,2021-10-11 11:15:00+05:30,522.7999877929688,523.9500122070312,521.0499877929688,521.3499755859375,2112,0.0,0.0,2021-10-11
304,2021-10-11 12:15:00+05:30,522.8499755859375,523.9500122070312,521.5999755859375,522.8499755859375,938,0.0,0.0,2021-10-11
305,2021-10-11 13:15:00+05:30,523.0,523.4000244140625,521.0,521.6500244140625,2991,0.0,0.0,2021-10-11
306,2021-10-11 14:15:00+05:30,522.0,524.0,521.0,521.0,5299,0.0,0.0,2021-10-11
307,2021-10-11 15:15:00+05:30,521.0499877929688,522.9000244140625,521.0,521.25,659,0.0,0.0,2021-10-11
308,2021-10-12 09:15:00+05:30,522.3499755859375,529.9500122070312,516.4000244140625,522.5,0,0.0,0.0,2021-10-12
309,2021-10-12 10:15:00+05:30,523.0,524.5999755859375,507.3999938964844,521.9500122070312,10100,0.0,0.0,2021-10-12
310,2021-10-12 11:15:00+05:30,522.0,525.0,521.0499877929688,523.4500122070312,2547,0.0,0.0,2021-10-12
311,2021-10-12 12:15:00+05:30,523.9500122070312,524.0,521.0,522.1500244140625,790,0.0,0.0,2021-10-12
312,2021-10-12 13:15:00+05:30,521.5999755859375,527.0,521.1500244140625,526.75,2955,0.0,0.0,2021-10-12
313,2021-10-12 14:15:00+05:30,528.2000122070312,529.0,521.0,525.7999877929688,34287,0.0,0.0,2021-10-12
314,2021-10-12 15:15:00+05:30,526.8499755859375,535.0,524.0499877929688,525.3499755859375,0,0.0,0.0,2021-10-12
315,2021-10-13 09:15:00+05:30,520.0999755859375,535.0,520.0999755859375,530.4500122070312,4703,0.0,0.0,2021-10-13
316,2021-10-13 10:15:00+05:30,530.2999877929688,544.0,530.2999877929688,536.6500244140625,9006,0.0,0.0,2021-10-13
317,2021-10-13 11:15:00+05:30,536.6500244140625,538.9500122070312,531.3499755859375,534.2000122070312,2053,0.0,0.0,2021-10-13
318,2021-10-13 12:15:00+05:30,533.2999877929688,535.5999755859375,531.0,533.8499755859375,3030,0.0,0.0,2021-10-13
319,2021-10-13 13:15:00+05:30,533.5999755859375,535.3499755859375,525.4000244140625,528.5,4189,0.0,0.0,2021-10-13
320,2021-10-13 14:15:00+05:30,528.9000244140625,528.9500122070312,525.0,525.0999755859375,6187,0.0,0.0,2021-10-13
321,2021-10-13 15:15:00+05:30,525.7000122070312,527.5999755859375,525.0999755859375,526.3499755859375,1072,0.0,0.0,2021-10-13
322,2021-10-14 09:15:00+05:30,528.9000244140625,534.9500122070312,522.0,527.2999877929688,0,0.0,0.0,2021-10-14
323,2021-10-14 10:15:00+05:30,526.5999755859375,528.8499755859375,522.2000122070312,524.5999755859375,4141,0.0,0.0,2021-10-14
324,2021-10-14 11:15:00+05:30,524.5999755859375,525.5,521.1500244140625,522.25,4640,0.0,0.0,2021-10-14
325,2021-10-14 12:15:00+05:30,522.4500122070312,524.4000244140625,520.0999755859375,522.2000122070312,2001,0.0,0.0,2021-10-14
326,2021-10-14 13:15:00+05:30,520.8499755859375,524.25,520.1500244140625,521.9000244140625,11772,0.0,0.0,2021-10-14
327,2021-10-14 14:15:00+05:30,522.0,524.7999877929688,520.0499877929688,520.0499877929688,4981,0.0,0.0,2021-10-14
328,2021-10-14 15:15:00+05:30,520.0499877929688,522.9000244140625,516.3499755859375,519.6500244140625,8063,0.0,0.0,2021-10-14
329,2021-10-18 11:15:00+05:30,520.8499755859375,523.2000122070312,518.0,520.25,452,0.0,0.0,2021-10-18
330,2021-10-18 12:15:00+05:30,520.0,521.5499877929688,511.79998779296875,514.5999755859375,1963,0.0,0.0,2021-10-18
331,2021-10-18 13:15:00+05:30,512.1500244140625,516.7000122070312,508.1499938964844,514.0999755859375,4316,0.0,0.0,2021-10-18
332,2021-10-18 14:15:00+05:30,512.25,518.2000122070312,509.0,518.0,6151,0.0,0.0,2021-10-18
333,2021-10-18 15:15:00+05:30,517.75,523.0,515.0999755859375,517.0499877929688,3150,0.0,0.0,2021-10-18
334,2021-10-19 09:15:00+05:30,519.9500122070312,530.0,511.20001220703125,514.0499877929688,0,0.0,0.0,2021-10-19
335,2021-10-19 10:15:00+05:30,514.2999877929688,518.3499755859375,511.25,512.4500122070312,3055,0.0,0.0,2021-10-19
336,2021-10-19 11:15:00+05:30,512.0,515.1500244140625,511.1000061035156,512.0,2888,0.0,0.0,2021-10-19
337,2021-10-19 12:15:00+05:30,512.5,512.9000244140625,509.29998779296875,510.0,6177,0.0,0.0,2021-10-19
338,2021-10-19 13:15:00+05:30,510.20001220703125,514.2000122070312,509.25,510.20001220703125,4040,0.0,0.0,2021-10-19
339,2021-10-19 14:15:00+05:30,510.95001220703125,510.95001220703125,497.04998779296875,503.0,16963,0.0,0.0,2021-10-19
340,2021-10-19 15:15:00+05:30,502.5,514.0,501.1000061035156,505.0,5672,0.0,0.0,2021-10-19
341,2021-10-20 09:15:00+05:30,518.2000122070312,518.2000122070312,501.1499938964844,503.8500061035156,0,0.0,0.0,2021-10-20
342,2021-10-20 10:15:00+05:30,503.8500061035156,506.0,501.20001220703125,503.95001220703125,8430,0.0,0.0,2021-10-20
343,2021-10-20 11:15:00+05:30,504.0,513.0499877929688,503.1000061035156,504.75,2143,0.0,0.0,2021-10-20
344,2021-10-20 12:15:00+05:30,504.70001220703125,506.8500061035156,502.0,504.45001220703125,1554,0.0,0.0,2021-10-20
345,2021-10-20 13:15:00+05:30,503.95001220703125,511.8999938964844,502.29998779296875,506.70001220703125,1204,0.0,0.0,2021-10-20
346,2021-10-20 14:15:00+05:30,507.04998779296875,512.0,503.3999938964844,510.70001220703125,2787,0.0,0.0,2021-10-20
347,2021-10-20 15:15:00+05:30,511.3500061035156,513.9500122070312,502.1499938964844,509.1000061035156,2963,0.0,0.0,2021-10-20
348,2021-10-21 09:15:00+05:30,511.6499938964844,511.6499938964844,505.1000061035156,505.20001220703125,0,0.0,0.0,2021-10-21
349,2021-10-21 10:15:00+05:30,505.1499938964844,507.79998779296875,505.1499938964844,505.5,774,0.0,0.0,2021-10-21
350,2021-10-21 11:15:00+05:30,505.95001220703125,508.1000061035156,505.1000061035156,508.1000061035156,507,0.0,0.0,2021-10-21
351,2021-10-21 12:15:00+05:30,506.95001220703125,510.0,505.1000061035156,506.20001220703125,758,0.0,0.0,2021-10-21
352,2021-10-21 13:15:00+05:30,506.20001220703125,509.25,505.1499938964844,506.0,1456,0.0,0.0,2021-10-21
353,2021-10-21 14:15:00+05:30,506.0,510.1000061035156,505.1000061035156,510.1000061035156,2025,0.0,0.0,2021-10-21
354,2021-10-21 15:15:00+05:30,510.79998779296875,511.0,505.1499938964844,508.0,1109,0.0,0.0,2021-10-21
355,2021-10-22 09:15:00+05:30,506.1000061035156,527.8499755859375,506.1000061035156,514.25,2524,0.0,0.0,2021-10-22
356,2021-10-22 10:15:00+05:30,514.3499755859375,517.1500244140625,513.0,513.5,884,0.0,0.0,2021-10-22
357,2021-10-22 11:15:00+05:30,515.6500244140625,515.6500244140625,506.0,507.8999938964844,1901,0.0,0.0,2021-10-22
358,2021-10-22 12:15:00+05:30,507.8999938964844,510.25,504.8500061035156,506.6000061035156,2486,0.0,0.0,2021-10-22
359,2021-10-22 13:15:00+05:30,504.8500061035156,509.75,503.6000061035156,506.54998779296875,2654,0.0,0.0,2021-10-22
360,2021-10-22 14:15:00+05:30,504.04998779296875,508.5,501.0,505.1499938964844,2360,0.0,0.0,2021-10-22
361,2021-10-22 15:15:00+05:30,506.29998779296875,520.0,505.1499938964844,510.3999938964844,3861,0.0,0.0,2021-10-22
362,2021-10-25 09:15:00+05:30,513.0,513.0,502.1000061035156,506.29998779296875,0,0.0,0.0,2021-10-25
363,2021-10-25 10:15:00+05:30,506.29998779296875,511.6499938964844,505.1499938964844,507.5,1125,0.0,0.0,2021-10-25
364,2021-10-25 11:15:00+05:30,507.54998779296875,512.2000122070312,505.1499938964844,506.5,1512,0.0,0.0,2021-10-25
365,2021-10-25 12:15:00+05:30,506.6000061035156,510.0,505.20001220703125,507.6000061035156,1148,0.0,0.0,2021-10-25
366,2021-10-25 13:15:00+05:30,506.29998779296875,518.5999755859375,505.5,512.9500122070312,54780,0.0,0.0,2021-10-25
367,2021-10-25 14:15:00+05:30,512.0,523.1500244140625,510.1000061035156,516.5999755859375,10913,0.0,0.0,2021-10-25
368,2021-10-25 15:15:00+05:30,517.0,517.0,512.0,515.0499877929688,48020,0.0,0.0,2021-10-25
369,2021-10-26 09:15:00+05:30,524.0,526.9500122070312,518.0,525.4500122070312,0,0.0,0.0,2021-10-26
370,2021-10-26 10:15:00+05:30,525.0999755859375,525.7000122070312,512.7000122070312,520.0,12328,0.0,0.0,2021-10-26
371,2021-10-26 11:15:00+05:30,519.9500122070312,524.6500244140625,518.0,519.2999877929688,3562,0.0,0.0,2021-10-26
372,2021-10-26 12:15:00+05:30,519.2000122070312,521.0,519.0999755859375,520.0,747,0.0,0.0,2021-10-26
373,2021-10-26 13:15:00+05:30,519.7000122070312,521.4000244140625,519.0,520.3499755859375,566,0.0,0.0,2021-10-26
374,2021-10-26 14:15:00+05:30,520.0,522.5,515.25,522.4500122070312,6816,0.0,0.0,2021-10-26
375,2021-10-26 15:15:00+05:30,522.5,527.75,521.2999877929688,521.2999877929688,1981,0.0,0.0,2021-10-26
376,2021-10-27 09:15:00+05:30,527.9500122070312,528.75,520.2000122070312,525.25,0,0.0,0.0,2021-10-27
377,2021-10-27 10:15:00+05:30,525.5,527.7999877929688,522.0499877929688,525.0999755859375,6220,0.0,0.0,2021-10-27
378,2021-10-27 11:15:00+05:30,525.9000244140625,527.7999877929688,525.0999755859375,526.7999877929688,2360,0.0,0.0,2021-10-27
379,2021-10-27 12:15:00+05:30,526.5999755859375,534.5999755859375,526.1500244140625,529.9000244140625,4931,0.0,0.0,2021-10-27
380,2021-10-27 13:15:00+05:30,529.9500122070312,532.9000244140625,527.0499877929688,531.0,2403,0.0,0.0,2021-10-27
381,2021-10-27 14:15:00+05:30,530.5,532.0,525.0,527.9500122070312,4705,0.0,0.0,2021-10-27
382,2021-10-27 15:15:00+05:30,526.2999877929688,537.7000122070312,525.0,529.5499877929688,3941,0.0,0.0,2021-10-27
383,2021-10-28 09:15:00+05:30,532.2000122070312,533.0499877929688,519.7999877929688,527.6500244140625,0,0.0,0.0,2021-10-28
384,2021-10-28 10:15:00+05:30,526.7999877929688,527.5,522.0,525.0,3163,0.0,0.0,2021-10-28
385,2021-10-28 11:15:00+05:30,525.0,526.0,521.0,523.1500244140625,4522,0.0,0.0,2021-10-28
386,2021-10-28 12:15:00+05:30,521.6500244140625,526.7000122070312,521.0,526.0,3199,0.0,0.0,2021-10-28
387,2021-10-28 13:15:00+05:30,526.25,527.5,525.0,525.0999755859375,1147,0.0,0.0,2021-10-28
388,2021-10-28 14:15:00+05:30,525.0999755859375,531.75,521.1500244140625,529.25,5427,0.0,0.0,2021-10-28
389,2021-10-28 15:15:00+05:30,529.9000244140625,560.0,528.0,540.0,4752,0.0,0.0,2021-10-28
390,2021-10-29 09:15:00+05:30,539.5,539.5499877929688,516.6500244140625,529.8499755859375,0,0.0,0.0,2021-10-29
391,2021-10-29 10:15:00+05:30,530.2999877929688,549.5,530.2999877929688,540.0499877929688,10960,0.0,0.0,2021-10-29
392,2021-10-29 11:15:00+05:30,539.0,544.0,533.4000244140625,543.9000244140625,6402,0.0,0.0,2021-10-29
393,2021-10-29 12:15:00+05:30,543.5,544.5,538.5,542.3499755859375,2145,0.0,0.0,2021-10-29
394,2021-10-29 13:15:00+05:30,542.0,546.25,535.5,537.5999755859375,2493,0.0,0.0,2021-10-29
395,2021-10-29 14:15:00+05:30,537.0999755859375,545.0,535.1500244140625,544.7000122070312,1782,0.0,0.0,2021-10-29
396,2021-10-29 15:15:00+05:30,544.8499755859375,547.0,538.0,543.3499755859375,2587,0.0,0.0,2021-10-29
397,2021-11-01 09:15:00+05:30,545.9500122070312,545.9500122070312,529.4000244140625,534.3499755859375,0,0.0,0.0,2021-11-01
398,2021-11-01 10:15:00+05:30,533.2000122070312,535.0,530.5,531.3499755859375,1062,0.0,0.0,2021-11-01
399,2021-11-01 11:15:00+05:30,531.2000122070312,535.8499755859375,531.2000122070312,533.5,2400,0.0,0.0,2021-11-01
400,2021-11-01 12:15:00+05:30,533.5,545.4000244140625,533.0,535.0,11710,0.0,0.0,2021-11-01
401,2021-11-01 13:15:00+05:30,536.75,543.7999877929688,533.6500244140625,538.9500122070312,13830,0.0,0.0,2021-11-01
402,2021-11-01 14:15:00+05:30,537.7999877929688,548.6500244140625,537.0499877929688,547.0999755859375,3575,0.0,0.0,2021-11-01
403,2021-11-01 15:15:00+05:30,548.0,548.0,530.5499877929688,541.0,3816,0.0,0.0,2021-11-01
404,2021-11-02 09:15:00+05:30,538.9500122070312,539.7999877929688,531.0499877929688,538.5999755859375,0,0.0,0.0,2021-11-02
405,2021-11-02 10:15:00+05:30,537.4500122070312,540.0,535.1500244140625,537.5999755859375,1344,0.0,0.0,2021-11-02
406,2021-11-02 11:15:00+05:30,539.5,539.9000244140625,535.6500244140625,536.5499877929688,462,0.0,0.0,2021-11-02
407,2021-11-02 12:15:00+05:30,537.25,538.7000122070312,536.4500122070312,537.0,513,0.0,0.0,2021-11-02
408,2021-11-02 13:15:00+05:30,537.6500244140625,538.2999877929688,533.8499755859375,534.0,171,0.0,0.0,2021-11-02
409,2021-11-02 14:15:00+05:30,534.0,535.9500122070312,534.0,535.8499755859375,306,0.0,0.0,2021-11-02
410,2021-11-02 15:15:00+05:30,535.8499755859375,539.0,532.9000244140625,536.2000122070312,1054,0.0,0.0,2021-11-02
411,2021-11-03 09:15:00+05:30,538.5999755859375,538.5999755859375,531.2000122070312,535.7000122070312,0,0.0,0.0,2021-11-03
412,2021-11-03 10:15:00+05:30,534.6500244140625,535.7999877929688,530.2999877929688,530.2999877929688,785,0.0,0.0,2021-11-03
413,2021-11-03 11:15:00+05:30,530.5,534.0499877929688,520.0499877929688,526.3499755859375,5204,0.0,0.0,2021-11-03
414,2021-11-03 12:15:00+05:30,527.75,527.8499755859375,522.7999877929688,525.5,706,0.0,0.0,2021-11-03
415,2021-11-03 13:15:00+05:30,525.0499877929688,526.1500244140625,520.0,520.9500122070312,602,0.0,0.0,2021-11-03
416,2021-11-03 14:15:00+05:30,519.1500244140625,521.9000244140625,514.5499877929688,516.9500122070312,1738,0.0,0.0,2021-11-03
417,2021-11-03 15:15:00+05:30,514.0999755859375,518.9500122070312,512.0,515.6500244140625,2105,0.0,0.0,2021-11-03
418,2021-11-04 18:15:00+05:30,528.5999755859375,529.7999877929688,511.75,523.0,2381,0.0,0.0,2021-11-04
419,2021-11-08 09:15:00+05:30,525.5999755859375,525.5999755859375,513.5999755859375,517.2000122070312,0,0.0,0.0,2021-11-08
420,2021-11-08 10:15:00+05:30,518.75,518.75,513.8499755859375,516.8499755859375,566,0.0,0.0,2021-11-08
421,2021-11-08 11:15:00+05:30,516.8499755859375,516.8499755859375,510.0,511.8500061035156,1659,0.0,0.0,2021-11-08
422,2021-11-08 12:15:00+05:30,512.25,517.0,511.0,514.5999755859375,693,0.0,0.0,2021-11-08
423,2021-11-08 13:15:00+05:30,513.0,516.8499755859375,512.5,515.9000244140625,913,0.0,0.0,2021-11-08
424,2021-11-08 14:15:00+05:30,515.7999877929688,515.7999877929688,510.0,511.0,2949,0.0,0.0,2021-11-08
425,2021-11-08 15:15:00+05:30,511.0,515.7000122070312,508.1499938964844,510.8500061035156,3054,0.0,0.0,2021-11-08
426,2021-11-09 09:15:00+05:30,513.3499755859375,515.2000122070312,508.3500061035156,513.8499755859375,0,0.0,0.0,2021-11-09
427,2021-11-09 10:15:00+05:30,513.9000244140625,513.9000244140625,510.1000061035156,511.3999938964844,2790,0.0,0.0,2021-11-09
428,2021-11-09 11:15:00+05:30,512.2000122070312,512.9500122070312,506.25,508.5,5537,0.0,0.0,2021-11-09
429,2021-11-09 12:15:00+05:30,508.5,510.1499938964844,507.04998779296875,508.95001220703125,5621,0.0,0.0,2021-11-09
430,2021-11-09 13:15:00+05:30,507.0,508.79998779296875,505.54998779296875,507.95001220703125,3350,0.0,0.0,2021-11-09
431,2021-11-09 14:15:00+05:30,507.79998779296875,509.54998779296875,496.8999938964844,498.0,19880,0.0,0.0,2021-11-09
432,2021-11-09 15:15:00+05:30,498.95001220703125,502.95001220703125,495.95001220703125,497.95001220703125,6005,0.0,0.0,2021-11-09
433,2021-11-10 09:15:00+05:30,497.8500061035156,504.3999938964844,496.0,498.3500061035156,0,0.0,0.0,2021-11-10
434,2021-11-10 10:15:00+05:30,497.5,504.3999938964844,497.5,501.45001220703125,4003,0.0,0.0,2021-11-10
435,2021-11-10 11:15:00+05:30,501.79998779296875,502.0,498.3999938964844,499.8999938964844,2753,0.0,0.0,2021-11-10
436,2021-11-10 12:15:00+05:30,499.75,499.75,497.6499938964844,498.1000061035156,1535,0.0,0.0,2021-11-10
437,2021-11-10 13:15:00+05:30,498.1000061035156,501.54998779296875,490.5,495.25,7493,0.0,0.0,2021-11-10
438,2021-11-10 14:15:00+05:30,496.70001220703125,499.54998779296875,492.1000061035156,494.25,1491,0.0,0.0,2021-11-10
439,2021-11-10 15:15:00+05:30,494.25,497.6000061035156,491.0,493.95001220703125,3321,0.0,0.0,2021-11-10
440,2021-11-11 09:15:00+05:30,495.0,495.0,485.6499938964844,486.45001220703125,0,0.0,0.0,2021-11-11
441,2021-11-11 10:15:00+05:30,486.29998779296875,490.3500061035156,481.04998779296875,482.8999938964844,8561,0.0,0.0,2021-11-11
442,2021-11-11 11:15:00+05:30,481.95001220703125,489.0,481.1499938964844,485.25,12556,0.0,0.0,2021-11-11
443,2021-11-11 12:15:00+05:30,485.1499938964844,489.1499938964844,483.0,483.25,8491,0.0,0.0,2021-11-11
444,2021-11-11 13:15:00+05:30,483.29998779296875,488.04998779296875,483.1000061035156,488.04998779296875,7816,0.0,0.0,2021-11-11
445,2021-11-11 14:15:00+05:30,488.0,530.0,486.45001220703125,524.0,114997,0.0,0.0,2021-11-11
446,2021-11-11 15:15:00+05:30,523.25,529.9500122070312,518.9500122070312,526.2999877929688,40952,0.0,0.0,2021-11-11
447,2021-11-12 09:15:00+05:30,525.4500122070312,525.4500122070312,510.0,512.25,0,0.0,0.0,2021-11-12
448,2021-11-12 10:15:00+05:30,512.5,513.0,506.25,511.0,5809,0.0,0.0,2021-11-12
449,2021-11-12 11:15:00+05:30,510.75,522.0,510.3500061035156,519.75,12669,0.0,0.0,2021-11-12
450,2021-11-12 12:15:00+05:30,519.8499755859375,529.5,516.0,526.25,6717,0.0,0.0,2021-11-12
451,2021-11-12 13:15:00+05:30,526.0999755859375,528.0,514.5999755859375,523.2999877929688,8183,0.0,0.0,2021-11-12
452,2021-11-12 14:15:00+05:30,523.2000122070312,527.9000244140625,518.0,522.0,10539,0.0,0.0,2021-11-12
453,2021-11-12 15:15:00+05:30,521.0,523.5499877929688,519.4000244140625,521.8499755859375,1905,0.0,0.0,2021-11-12
454,2021-11-15 09:15:00+05:30,521.6500244140625,521.7000122070312,515.1500244140625,516.8499755859375,0,0.0,0.0,2021-11-15
455,2021-11-15 10:15:00+05:30,516.2000122070312,517.2999877929688,511.25,512.0499877929688,2169,0.0,0.0,2021-11-15
456,2021-11-15 11:15:00+05:30,512.0499877929688,523.0,512.0499877929688,518.5499877929688,5835,0.0,0.0,2021-11-15
457,2021-11-15 12:15:00+05:30,519.5499877929688,521.0999755859375,516.0,519.2999877929688,2598,0.0,0.0,2021-11-15
458,2021-11-15 13:15:00+05:30,520.3499755859375,522.0,518.0999755859375,521.2000122070312,5599,0.0,0.0,2021-11-15
459,2021-11-15 14:15:00+05:30,520.9500122070312,522.0,519.75,521.9000244140625,3386,0.0,0.0,2021-11-15
460,2021-11-15 15:15:00+05:30,521.9000244140625,521.9000244140625,520.0,520.5,1237,0.0,0.0,2021-11-15
461,2021-11-16 09:15:00+05:30,522.9000244140625,522.9000244140625,513.9500122070312,516.2999877929688,0,0.0,0.0,2021-11-16
462,2021-11-16 10:15:00+05:30,518.3499755859375,519.9000244140625,515.0,516.25,3324,0.0,0.0,2021-11-16
463,2021-11-16 11:15:00+05:30,516.25,516.7000122070312,515.6500244140625,516.2000122070312,669,0.0,0.0,2021-11-16
464,2021-11-16 12:15:00+05:30,516.2000122070312,519.9000244140625,515.5,517.9500122070312,8373,0.0,0.0,2021-11-16
465,2021-11-16 13:15:00+05:30,518.25,519.7999877929688,517.7999877929688,518.2000122070312,352,0.0,0.0,2021-11-16
466,2021-11-16 14:15:00+05:30,518.5499877929688,519.7999877929688,517.0,518.9000244140625,1584,0.0,0.0,2021-11-16
467,2021-11-16 15:15:00+05:30,518.8499755859375,518.8499755859375,511.6000061035156,516.0499877929688,1012,0.0,0.0,2021-11-16
468,2021-11-17 09:15:00+05:30,518.5999755859375,518.9500122070312,512.25,514.5,0,0.0,0.0,2021-11-17
469,2021-11-17 10:15:00+05:30,514.5,517.0,511.54998779296875,516.5,2606,0.0,0.0,2021-11-17
470,2021-11-17 11:15:00+05:30,516.9000244140625,516.9000244140625,512.5,513.5999755859375,1941,0.0,0.0,2021-11-17
471,2021-11-17 12:15:00+05:30,513.0999755859375,517.75,513.0999755859375,516.8499755859375,2248,0.0,0.0,2021-11-17
472,2021-11-17 13:15:00+05:30,517.9500122070312,517.9500122070312,515.0,516.25,6083,0.0,0.0,2021-11-17
473,2021-11-17 14:15:00+05:30,515.5,517.4000244140625,514.9500122070312,516.5999755859375,4388,0.0,0.0,2021-11-17
474,2021-11-17 15:15:00+05:30,516.5499877929688,520.0,515.0499877929688,516.4500122070312,730,0.0,0.0,2021-11-17
475,2021-11-18 09:15:00+05:30,517.9500122070312,536.2999877929688,511.3999938964844,528.5,0,0.0,0.0,2021-11-18
476,2021-11-18 10:15:00+05:30,528.0,531.5999755859375,520.5,529.0,11641,0.0,0.0,2021-11-18
477,2021-11-18 11:15:00+05:30,529.6500244140625,530.25,523.2999877929688,527.6500244140625,11508,0.0,0.0,2021-11-18
478,2021-11-18 12:15:00+05:30,527.6500244140625,529.5,526.0,529.0,2011,0.0,0.0,2021-11-18
479,2021-11-18 13:15:00+05:30,527.8499755859375,529.0,524.0499877929688,526.4500122070312,9507,0.0,0.0,2021-11-18
480,2021-11-18 14:15:00+05:30,526.0499877929688,530.0,520.0499877929688,526.4000244140625,8093,0.0,0.0,2021-11-18
481,2021-11-18 15:15:00+05:30,526.5,530.0,520.0499877929688,526.9500122070312,4266,0.0,0.0,2021-11-18
482,2021-11-22 09:15:00+05:30,532.0,532.0,520.0999755859375,526.9500122070312,0,0.0,0.0,2021-11-22
483,2021-11-22 10:15:00+05:30,526.5499877929688,534.8499755859375,523.0499877929688,527.5999755859375,7484,0.0,0.0,2021-11-22
484,2021-11-22 11:15:00+05:30,526.3499755859375,531.0999755859375,525.0499877929688,527.9000244140625,7682,0.0,0.0,2021-11-22
485,2021-11-22 12:15:00+05:30,528.8499755859375,530.25,520.0,521.5999755859375,6284,0.0,0.0,2021-11-22
486,2021-11-22 13:15:00+05:30,523.2000122070312,526.9500122070312,521.0,523.2999877929688,9043,0.0,0.0,2021-11-22
487,2021-11-22 14:15:00+05:30,523.8499755859375,525.5999755859375,520.5,521.7000122070312,986,0.0,0.0,2021-11-22
488,2021-11-22 15:15:00+05:30,520.0,522.4500122070312,503.1499938964844,511.1499938964844,8868,0.0,0.0,2021-11-22
489,2021-11-23 09:15:00+05:30,512.0,536.0,507.20001220703125,527.0499877929688,0,0.0,0.0,2021-11-23
490,2021-11-23 10:15:00+05:30,527.0499877929688,530.9500122070312,516.5999755859375,521.0499877929688,7959,0.0,0.0,2021-11-23
491,2021-11-23 11:15:00+05:30,520.0,520.0,510.0,513.2000122070312,14226,0.0,0.0,2021-11-23
492,2021-11-23 12:15:00+05:30,513.4500122070312,515.7999877929688,511.0,515.0,5806,0.0,0.0,2021-11-23
493,2021-11-23 13:15:00+05:30,514.7999877929688,516.4000244140625,513.0,516.4000244140625,2565,0.0,0.0,2021-11-23
494,2021-11-23 14:15:00+05:30,516.0,517.3499755859375,515.0,515.25,5406,0.0,0.0,2021-11-23
495,2021-11-23 15:15:00+05:30,515.0,516.4500122070312,511.1000061035156,514.7999877929688,2433,0.0,0.0,2021-11-23
496,2021-11-24 09:15:00+05:30,514.7999877929688,524.7000122070312,513.25,518.7999877929688,0,0.0,0.0,2021-11-24
497,2021-11-24 10:15:00+05:30,518.7999877929688,520.4500122070312,508.6000061035156,514.9000244140625,6694,0.0,0.0,2021-11-24
498,2021-11-24 11:15:00+05:30,514.7999877929688,519.6500244140625,511.1000061035156,515.0,7883,0.0,0.0,2021-11-24
499,2021-11-24 12:15:00+05:30,514.4500122070312,516.0,513.0999755859375,514.25,6533,0.0,0.0,2021-11-24
500,2021-11-24 13:15:00+05:30,514.25,516.7999877929688,511.6499938964844,515.7000122070312,4749,0.0,0.0,2021-11-24
501,2021-11-24 14:15:00+05:30,513.25,520.0,511.95001220703125,518.0999755859375,7654,0.0,0.0,2021-11-24
502,2021-11-24 15:15:00+05:30,518.5,518.5,515.0,517.1500244140625,516,0.0,0.0,2021-11-24
503,2021-11-25 09:15:00+05:30,529.9500122070312,532.0,520.0,526.0,0,0.0,0.0,2021-11-25
504,2021-11-25 10:15:00+05:30,526.0,527.9000244140625,523.1500244140625,526.4500122070312,5023,0.0,0.0,2021-11-25
505,2021-11-25 11:15:00+05:30,526.4000244140625,526.4500122070312,524.4000244140625,525.25,1842,0.0,0.0,2021-11-25
506,2021-11-25 12:15:00+05:30,525.5999755859375,526.5,522.0,523.5,5876,0.0,0.0,2021-11-25
507,2021-11-25 13:15:00+05:30,524.5,527.5,523.0999755859375,524.2999877929688,6996,0.0,0.0,2021-11-25
508,2021-11-25 14:15:00+05:30,523.5999755859375,526.5,521.2000122070312,526.1500244140625,3511,0.0,0.0,2021-11-25
509,2021-11-25 15:15:00+05:30,526.5,527.5,521.1500244140625,524.8499755859375,1913,0.0,0.0,2021-11-25
510,2021-11-26 09:15:00+05:30,524.8499755859375,527.0999755859375,518.75,523.1500244140625,0,0.0,0.0,2021-11-26
511,2021-11-26 10:15:00+05:30,521.1500244140625,522.25,512.9500122070312,517.25,4150,0.0,0.0,2021-11-26
512,2021-11-26 11:15:00+05:30,519.4500122070312,519.4500122070312,517.1500244140625,518.8499755859375,381,0.0,0.0,2021-11-26
513,2021-11-26 12:15:00+05:30,518.8499755859375,525.3499755859375,512.2000122070312,518.0,8696,0.0,0.0,2021-11-26
514,2021-11-26 13:15:00+05:30,517.0,521.5999755859375,512.5,514.8499755859375,2330,0.0,0.0,2021-11-26
515,2021-11-26 14:15:00+05:30,514.4500122070312,519.0,508.5,514.1500244140625,4520,0.0,0.0,2021-11-26
516,2021-11-26 15:15:00+05:30,514.0999755859375,514.8499755859375,511.54998779296875,511.54998779296875,1761,0.0,0.0,2021-11-26
517,2021-11-29 09:15:00+05:30,511.5,511.5,499.1499938964844,506.0,0,0.0,0.0,2021-11-29
518,2021-11-29 10:15:00+05:30,507.1000061035156,507.1000061035156,501.1499938964844,505.25,1468,0.0,0.0,2021-11-29
519,2021-11-29 11:15:00+05:30,505.25,513.9000244140625,501.0,502.29998779296875,7479,0.0,0.0,2021-11-29
520,2021-11-29 12:15:00+05:30,503.5,509.45001220703125,496.25,503.6000061035156,13073,0.0,0.0,2021-11-29
521,2021-11-29 13:15:00+05:30,503.54998779296875,505.3500061035156,502.5,505.3500061035156,420,0.0,0.0,2021-11-29
522,2021-11-29 14:15:00+05:30,504.75,511.95001220703125,502.70001220703125,510.1000061035156,4244,0.0,0.0,2021-11-29
523,2021-11-29 15:15:00+05:30,510.1000061035156,514.0,503.5,509.29998779296875,2721,0.0,0.0,2021-11-29
524,2021-11-30 09:15:00+05:30,508.8999938964844,517.5499877929688,496.25,514.9500122070312,0,0.0,0.0,2021-11-30
525,2021-11-30 10:15:00+05:30,515.0,515.0,501.20001220703125,508.20001220703125,7038,0.0,0.0,2021-11-30
526,2021-11-30 11:15:00+05:30,508.29998779296875,509.8999938964844,502.8999938964844,504.70001220703125,6280,0.0,0.0,2021-11-30
527,2021-11-30 12:15:00+05:30,505.3999938964844,506.54998779296875,503.25,505.45001220703125,462,0.0,0.0,2021-11-30
528,2021-11-30 13:15:00+05:30,505.3500061035156,505.45001220703125,503.6000061035156,504.75,440,0.0,0.0,2021-11-30
529,2021-11-30 14:15:00+05:30,504.3999938964844,505.25,501.0,502.70001220703125,3227,0.0,0.0,2021-11-30
530,2021-11-30 15:15:00+05:30,502.6000061035156,505.0,491.20001220703125,500.3500061035156,2288,0.0,0.0,2021-11-30
531,2021-12-01 09:15:00+05:30,500.04998779296875,508.25,495.20001220703125,503.0,0,0.0,0.0,2021-12-01
532,2021-12-01 10:15:00+05:30,501.54998779296875,507.75,501.0,502.3999938964844,1570,0.0,0.0,2021-12-01
533,2021-12-01 11:15:00+05:30,503.70001220703125,508.8500061035156,500.25,506.0,12096,0.0,0.0,2021-12-01
534,2021-12-01 12:15:00+05:30,506.1000061035156,511.1000061035156,502.04998779296875,505.3999938964844,9004,0.0,0.0,2021-12-01
535,2021-12-01 13:15:00+05:30,505.29998779296875,518.0,504.3500061035156,516.2000122070312,4284,0.0,0.0,2021-12-01
536,2021-12-01 14:15:00+05:30,518.1500244140625,529.9000244140625,515.0,527.5,12457,0.0,0.0,2021-12-01
537,2021-12-01 15:15:00+05:30,528.6500244140625,529.75,520.0,525.9000244140625,4593,0.0,0.0,2021-12-01
538,2021-12-02 09:15:00+05:30,527.9500122070312,527.9500122070312,512.0,517.5999755859375,0,0.0,0.0,2021-12-02
539,2021-12-02 10:15:00+05:30,517.5999755859375,517.5999755859375,513.0499877929688,513.5499877929688,3950,0.0,0.0,2021-12-02
540,2021-12-02 11:15:00+05:30,513.5999755859375,519.5999755859375,513.2000122070312,517.0999755859375,422,0.0,0.0,2021-12-02
541,2021-12-02 12:15:00+05:30,517.0999755859375,517.0999755859375,513.2000122070312,515.4000244140625,5814,0.0,0.0,2021-12-02
542,2021-12-02 13:15:00+05:30,516.2000122070312,516.2000122070312,512.7999877929688,514.5499877929688,498,0.0,0.0,2021-12-02
543,2021-12-02 14:15:00+05:30,513.9000244140625,514.4000244140625,512.0,514.3499755859375,485,0.0,0.0,2021-12-02
544,2021-12-02 15:15:00+05:30,514.3499755859375,514.75,512.0,512.7000122070312,868,0.0,0.0,2021-12-02
545,2021-12-03 09:15:00+05:30,512.0,515.0999755859375,510.25,513.2999877929688,0,0.0,0.0,2021-12-03
546,2021-12-03 10:15:00+05:30,512.9000244140625,514.7999877929688,505.75,511.0,3943,0.0,0.0,2021-12-03
547,2021-12-03 11:15:00+05:30,510.8999938964844,515.9000244140625,509.6499938964844,515.9000244140625,8933,0.0,0.0,2021-12-03
548,2021-12-03 12:15:00+05:30,515.7000122070312,517.9500122070312,510.20001220703125,516.0,5639,0.0,0.0,2021-12-03
549,2021-12-03 13:15:00+05:30,515.4500122070312,517.0,512.7000122070312,515.0999755859375,392,0.0,0.0,2021-12-03
550,2021-12-03 14:15:00+05:30,513.0,517.2999877929688,510.1000061035156,514.9500122070312,4929,0.0,0.0,2021-12-03
551,2021-12-03 15:15:00+05:30,514.5499877929688,514.5499877929688,506.0,510.95001220703125,6578,0.0,0.0,2021-12-03
552,2021-12-06 09:15:00+05:30,510.04998779296875,513.5,510.04998779296875,512.0,0,0.0,0.0,2021-12-06
553,2021-12-06 10:15:00+05:30,512.0499877929688,513.2000122070312,511.20001220703125,511.95001220703125,2528,0.0,0.0,2021-12-06
554,2021-12-06 11:15:00+05:30,512.0,513.0,510.5,513.0,5127,0.0,0.0,2021-12-06
555,2021-12-06 12:15:00+05:30,513.0,513.0499877929688,511.0,512.8499755859375,1525,0.0,0.0,2021-12-06
556,2021-12-06 13:15:00+05:30,512.8499755859375,514.0,511.1000061035156,513.9000244140625,161,0.0,0.0,2021-12-06
557,2021-12-06 14:15:00+05:30,513.0,516.7000122070312,510.04998779296875,513.4000244140625,794,0.0,0.0,2021-12-06
558,2021-12-06 15:15:00+05:30,511.0,517.7000122070312,511.0,512.5999755859375,0,0.0,0.0,2021-12-06
559,2021-12-07 09:15:00+05:30,510.0,515.2000122070312,507.1499938964844,510.54998779296875,3461,0.0,0.0,2021-12-07
560,2021-12-07 10:15:00+05:30,509.04998779296875,511.0,507.79998779296875,508.0,893,0.0,0.0,2021-12-07
561,2021-12-07 11:15:00+05:30,507.8999938964844,513.0,507.0,510.04998779296875,4893,0.0,0.0,2021-12-07
562,2021-12-07 12:15:00+05:30,510.1000061035156,513.0,508.5,509.0,575,0.0,0.0,2021-12-07
563,2021-12-07 13:15:00+05:30,508.3500061035156,510.3999938964844,502.54998779296875,503.70001220703125,2070,0.0,0.0,2021-12-07
564,2021-12-07 14:15:00+05:30,504.54998779296875,512.9500122070312,502.54998779296875,509.45001220703125,6499,0.0,0.0,2021-12-07
565,2021-12-07 15:15:00+05:30,509.45001220703125,509.75,505.54998779296875,508.29998779296875,0,0.0,0.0,2021-12-07
566,2021-12-08 09:15:00+05:30,505.3500061035156,513.4500122070312,505.3500061035156,510.0,2537,0.0,0.0,2021-12-08
567,2021-12-08 10:15:00+05:30,508.75,510.6000061035156,507.54998779296875,510.0,3007,0.0,0.0,2021-12-08
568,2021-12-08 11:15:00+05:30,510.95001220703125,510.95001220703125,507.5,510.25,1012,0.0,0.0,2021-12-08
569,2021-12-08 12:15:00+05:30,510.6499938964844,510.6499938964844,507.04998779296875,509.54998779296875,5437,0.0,0.0,2021-12-08
570,2021-12-08 13:15:00+05:30,510.1000061035156,510.20001220703125,506.29998779296875,506.29998779296875,110,0.0,0.0,2021-12-08
571,2021-12-08 14:15:00+05:30,506.0,508.1499938964844,504.04998779296875,505.6499938964844,474,0.0,0.0,2021-12-08
572,2021-12-08 15:15:00+05:30,505.75,510.0,504.1000061035156,505.5,1040,0.0,0.0,2021-12-08
573,2021-12-09 09:15:00+05:30,507.0,511.29998779296875,500.1000061035156,508.0,0,0.0,0.0,2021-12-09
574,2021-12-09 10:15:00+05:30,508.1000061035156,508.1000061035156,504.0,505.45001220703125,5888,0.0,0.0,2021-12-09
575,2021-12-09 11:15:00+05:30,507.5,508.8500061035156,507.1000061035156,508.70001220703125,172,0.0,0.0,2021-12-09
576,2021-12-09 12:15:00+05:30,508.75,509.54998779296875,506.95001220703125,507.79998779296875,130,0.0,0.0,2021-12-09
577,2021-12-09 13:15:00+05:30,508.3999938964844,508.8500061035156,506.20001220703125,507.29998779296875,130,0.0,0.0,2021-12-09
578,2021-12-09 14:15:00+05:30,507.79998779296875,509.3500061035156,505.6499938964844,508.0,472,0.0,0.0,2021-12-09
579,2021-12-09 15:15:00+05:30,508.3999938964844,508.8500061035156,503.04998779296875,505.79998779296875,0,0.0,0.0,2021-12-09
580,2021-12-10 09:15:00+05:30,507.75,507.75,503.0,504.5,7260,0.0,0.0,2021-12-10
581,2021-12-10 10:15:00+05:30,505.8500061035156,507.95001220703125,504.04998779296875,505.45001220703125,1021,0.0,0.0,2021-12-10
582,2021-12-10 11:15:00+05:30,507.0,513.1500244140625,505.79998779296875,511.0,6176,0.0,0.0,2021-12-10
583,2021-12-10 12:15:00+05:30,509.6499938964844,509.8999938964844,507.29998779296875,508.0,642,0.0,0.0,2021-12-10
584,2021-12-10 13:15:00+05:30,508.0,508.0,506.54998779296875,506.54998779296875,147,0.0,0.0,2021-12-10
585,2021-12-10 14:15:00+05:30,506.8999938964844,507.95001220703125,505.45001220703125,507.25,849,0.0,0.0,2021-12-10
586,2021-12-10 15:15:00+05:30,507.29998779296875,507.95001220703125,504.1499938964844,506.75,1252,0.0,0.0,2021-12-10
587,2021-12-13 09:15:00+05:30,509.29998779296875,511.70001220703125,506.20001220703125,509.5,0,0.0,0.0,2021-12-13
588,2021-12-13 10:15:00+05:30,508.0,511.95001220703125,506.5,510.1000061035156,5756,0.0,0.0,2021-12-13
589,2021-12-13 11:15:00+05:30,507.8999938964844,509.8999938964844,506.5,508.20001220703125,739,0.0,0.0,2021-12-13
590,2021-12-13 12:15:00+05:30,508.20001220703125,509.5,507.79998779296875,509.29998779296875,308,0.0,0.0,2021-12-13
591,2021-12-13 13:15:00+05:30,509.25,511.29998779296875,507.79998779296875,509.6499938964844,663,0.0,0.0,2021-12-13
592,2021-12-13 14:15:00+05:30,509.6499938964844,511.75,509.3500061035156,510.25,553,0.0,0.0,2021-12-13
593,2021-12-13 15:15:00+05:30,510.1000061035156,512.0,508.1499938964844,510.29998779296875,1806,0.0,0.0,2021-12-13
594,2021-12-14 09:15:00+05:30,512.8499755859375,512.8499755859375,506.5,507.25,0,0.0,0.0,2021-12-14
595,2021-12-14 10:15:00+05:30,507.6000061035156,509.95001220703125,505.3500061035156,507.1499938964844,4717,0.0,0.0,2021-12-14
596,2021-12-14 11:15:00+05:30,507.1000061035156,509.70001220703125,507.0,509.04998779296875,882,0.0,0.0,2021-12-14
597,2021-12-14 12:15:00+05:30,508.6499938964844,510.0,507.75,509.29998779296875,483,0.0,0.0,2021-12-14
598,2021-12-14 13:15:00+05:30,509.8999938964844,510.20001220703125,508.1499938964844,510.20001220703125,242,0.0,0.0,2021-12-14
599,2021-12-14 14:15:00+05:30,510.45001220703125,519.9500122070312,509.3500061035156,515.4500122070312,1359,0.0,0.0,2021-12-14
600,2021-12-14 15:15:00+05:30,516.0,519.5999755859375,513.75,515.7000122070312,3064,0.0,0.0,2021-12-14
601,2021-12-15 09:15:00+05:30,520.0499877929688,522.0,512.9000244140625,517.8499755859375,6763,0.0,0.0,2021-12-15
602,2021-12-15 10:15:00+05:30,517.0499877929688,527.0,516.25,523.5,8524,0.0,0.0,2021-12-15
603,2021-12-15 11:15:00+05:30,523.5,526.9000244140625,520.7999877929688,525.0499877929688,1802,0.0,0.0,2021-12-15
604,2021-12-15 12:15:00+05:30,526.0,526.2000122070312,521.75,523.5999755859375,373,0.0,0.0,2021-12-15
605,2021-12-15 13:15:00+05:30,522.8499755859375,524.25,522.5,524.2000122070312,343,0.0,0.0,2021-12-15
606,2021-12-15 14:15:00+05:30,523.4000244140625,523.4000244140625,513.7000122070312,516.6500244140625,1745,0.0,0.0,2021-12-15
607,2021-12-15 15:15:00+05:30,516.5999755859375,521.25,510.6000061035156,516.2000122070312,0,0.0,0.0,2021-12-15
608,2021-12-16 09:15:00+05:30,518.7000122070312,521.8499755859375,513.9500122070312,517.3499755859375,7342,0.0,0.0,2021-12-16
609,2021-12-16 10:15:00+05:30,515.3499755859375,517.0,515.3499755859375,517.0,136,0.0,0.0,2021-12-16
610,2021-12-16 11:15:00+05:30,516.9500122070312,517.0,510.6000061035156,511.8500061035156,5954,0.0,0.0,2021-12-16
611,2021-12-16 12:15:00+05:30,513.5499877929688,513.8499755859375,511.79998779296875,513.0,385,0.0,0.0,2021-12-16
612,2021-12-16 13:15:00+05:30,511.75,512.7000122070312,510.3999938964844,511.5,82,0.0,0.0,2021-12-16
613,2021-12-16 14:15:00+05:30,511.5,511.8999938964844,504.8500061035156,510.6000061035156,1329,0.0,0.0,2021-12-16
614,2021-12-16 15:15:00+05:30,510.6000061035156,512.4500122070312,505.20001220703125,508.54998779296875,0,0.0,0.0,2021-12-16
615,2021-12-17 09:15:00+05:30,511.04998779296875,511.04998779296875,503.75,503.75,2940,0.0,0.0,2021-12-17
616,2021-12-17 10:15:00+05:30,504.29998779296875,505.1000061035156,502.29998779296875,504.45001220703125,126,0.0,0.0,2021-12-17
617,2021-12-17 11:15:00+05:30,503.95001220703125,505.29998779296875,501.0,503.75,8103,0.0,0.0,2021-12-17
618,2021-12-17 12:15:00+05:30,503.54998779296875,505.6499938964844,503.0,505.1499938964844,808,0.0,0.0,2021-12-17
619,2021-12-17 13:15:00+05:30,505.0,505.1499938964844,498.8999938964844,500.0,738,0.0,0.0,2021-12-17
620,2021-12-17 14:15:00+05:30,499.95001220703125,499.95001220703125,496.0,498.5,507,0.0,0.0,2021-12-17
621,2021-12-17 15:15:00+05:30,498.5,500.5,495.5,498.20001220703125,1038,0.0,0.0,2021-12-17
622,2021-12-20 09:15:00+05:30,482.54998779296875,493.8500061035156,452.20001220703125,475.1000061035156,0,0.0,0.0,2021-12-20
623,2021-12-20 10:15:00+05:30,475.70001220703125,479.3500061035156,475.04998779296875,477.04998779296875,6606,0.0,0.0,2021-12-20
624,2021-12-20 11:15:00+05:30,475.45001220703125,476.8500061035156,475.1000061035156,476.8500061035156,249,0.0,0.0,2021-12-20
625,2021-12-20 12:15:00+05:30,475.8500061035156,476.75,475.1000061035156,475.1499938964844,316,0.0,0.0,2021-12-20
626,2021-12-20 13:15:00+05:30,475.5,480.0,475.5,476.6000061035156,971,0.0,0.0,2021-12-20
627,2021-12-20 14:15:00+05:30,476.6499938964844,478.79998779296875,475.1499938964844,476.6000061035156,757,0.0,0.0,2021-12-20
628,2021-12-20 15:15:00+05:30,476.20001220703125,478.70001220703125,475.0,475.6000061035156,2609,0.0,0.0,2021-12-20
629,2021-12-21 09:15:00+05:30,475.0,490.70001220703125,472.04998779296875,473.0,0,0.0,0.0,2021-12-21
630,2021-12-21 10:15:00+05:30,473.0,475.0,471.0,473.8500061035156,2255,0.0,0.0,2021-12-21
631,2021-12-21 11:15:00+05:30,473.8500061035156,475.20001220703125,471.04998779296875,472.1000061035156,5932,0.0,0.0,2021-12-21
632,2021-12-21 12:15:00+05:30,471.75,472.5,471.1000061035156,472.5,340,0.0,0.0,2021-12-21
633,2021-12-21 13:15:00+05:30,472.29998779296875,472.29998779296875,471.0,471.3999938964844,51,0.0,0.0,2021-12-21
634,2021-12-21 14:15:00+05:30,470.54998779296875,473.1000061035156,470.54998779296875,472.70001220703125,1538,0.0,0.0,2021-12-21
635,2021-12-21 15:15:00+05:30,472.5,478.0,471.04998779296875,472.1499938964844,876,0.0,0.0,2021-12-21
636,2021-12-22 09:15:00+05:30,472.3999938964844,487.0,463.70001220703125,485.3999938964844,0,0.0,0.0,2021-12-22
637,2021-12-22 10:15:00+05:30,485.6499938964844,514.1500244140625,485.5,508.8999938964844,144943,0.0,0.0,2021-12-22
638,2021-12-22 11:15:00+05:30,507.8500061035156,520.0,506.0,513.2000122070312,91101,0.0,0.0,2021-12-22
639,2021-12-22 12:15:00+05:30,513.9500122070312,518.0,509.0,511.95001220703125,49694,0.0,0.0,2021-12-22
640,2021-12-22 13:15:00+05:30,511.8500061035156,514.9500122070312,505.5,512.0999755859375,43841,0.0,0.0,2021-12-22
641,2021-12-22 14:15:00+05:30,512.0999755859375,533.7999877929688,510.6000061035156,530.5499877929688,185208,0.0,0.0,2021-12-22
642,2021-12-22 15:15:00+05:30,530.4500122070312,555.0,529.6500244140625,535.9500122070312,155554,0.0,0.0,2021-12-22
643,2021-12-23 09:15:00+05:30,515.0,525.9000244140625,513.2000122070312,516.1500244140625,0,0.0,0.0,2021-12-23
644,2021-12-23 10:15:00+05:30,516.1500244140625,518.4500122070312,514.0,515.5999755859375,19674,0.0,0.0,2021-12-23
645,2021-12-23 11:15:00+05:30,515.5499877929688,516.5,512.0,514.8499755859375,13833,0.0,0.0,2021-12-23
646,2021-12-23 12:15:00+05:30,514.8499755859375,519.0,514.4000244140625,515.7999877929688,7444,0.0,0.0,2021-12-23
647,2021-12-23 13:15:00+05:30,515.7999877929688,515.7999877929688,513.0,514.75,8307,0.0,0.0,2021-12-23
648,2021-12-23 14:15:00+05:30,514.0499877929688,530.0,514.0499877929688,528.5,108678,0.0,0.0,2021-12-23
649,2021-12-23 15:15:00+05:30,530.0,530.0,521.5999755859375,529.25,13960,0.0,0.0,2021-12-23
650,2021-12-24 09:15:00+05:30,520.5999755859375,537.9500122070312,517.0,520.0,0,0.0,0.0,2021-12-24
651,2021-12-24 10:15:00+05:30,520.0,521.0,514.0499877929688,516.0499877929688,11338,0.0,0.0,2021-12-24
652,2021-12-24 11:15:00+05:30,516.75,518.25,511.3500061035156,518.0,4653,0.0,0.0,2021-12-24
653,2021-12-24 12:15:00+05:30,517.0999755859375,517.0999755859375,513.6500244140625,513.75,2345,0.0,0.0,2021-12-24
654,2021-12-24 13:15:00+05:30,513.3499755859375,516.9000244140625,512.4500122070312,513.7000122070312,13222,0.0,0.0,2021-12-24
655,2021-12-24 14:15:00+05:30,514.9000244140625,515.5,506.3500061035156,506.3500061035156,7463,0.0,0.0,2021-12-24
656,2021-12-24 15:15:00+05:30,506.3500061035156,506.95001220703125,496.75,503.6000061035156,14681,0.0,0.0,2021-12-24
657,2021-12-27 09:15:00+05:30,500.3500061035156,501.04998779296875,493.75,496.95001220703125,0,0.0,0.0,2021-12-27
658,2021-12-27 10:15:00+05:30,496.95001220703125,498.8999938964844,496.0,497.0,2771,0.0,0.0,2021-12-27
659,2021-12-27 11:15:00+05:30,496.95001220703125,497.8500061035156,496.3999938964844,496.79998779296875,701,0.0,0.0,2021-12-27
660,2021-12-27 12:15:00+05:30,498.0,498.04998779296875,496.3999938964844,496.95001220703125,5763,0.0,0.0,2021-12-27
661,2021-12-27 13:15:00+05:30,496.8999938964844,497.8500061035156,496.3999938964844,497.45001220703125,3017,0.0,0.0,2021-12-27
662,2021-12-27 14:15:00+05:30,497.0,509.0,495.0,504.79998779296875,7780,0.0,0.0,2021-12-27
663,2021-12-27 15:15:00+05:30,504.8999938964844,506.5,501.0,502.0,2457,0.0,0.0,2021-12-27
664,2021-12-28 09:15:00+05:30,504.54998779296875,504.8999938964844,496.45001220703125,496.45001220703125,0,0.0,0.0,2021-12-28
665,2021-12-28 10:15:00+05:30,496.8999938964844,502.54998779296875,496.8999938964844,500.0,1151,0.0,0.0,2021-12-28
666,2021-12-28 11:15:00+05:30,499.75,504.75,495.6000061035156,500.3500061035156,8675,0.0,0.0,2021-12-28
667,2021-12-28 12:15:00+05:30,500.6000061035156,501.25,497.6000061035156,500.95001220703125,493,0.0,0.0,2021-12-28
668,2021-12-28 13:15:00+05:30,501.0,506.1000061035156,500.54998779296875,504.54998779296875,7013,0.0,0.0,2021-12-28
669,2021-12-28 14:15:00+05:30,504.6000061035156,505.0,501.1000061035156,501.20001220703125,933,0.0,0.0,2021-12-28
670,2021-12-28 15:15:00+05:30,501.20001220703125,506.75,498.29998779296875,501.70001220703125,5082,0.0,0.0,2021-12-28
671,2021-12-29 09:15:00+05:30,502.25,518.0,502.25,513.0499877929688,0,0.0,0.0,2021-12-29
672,2021-12-29 10:15:00+05:30,512.0,519.0,506.5,511.6499938964844,19884,0.0,0.0,2021-12-29
673,2021-12-29 11:15:00+05:30,511.29998779296875,513.7999877929688,506.20001220703125,510.45001220703125,4751,0.0,0.0,2021-12-29
674,2021-12-29 12:15:00+05:30,510.45001220703125,511.5,508.6499938964844,510.5,7352,0.0,0.0,2021-12-29
675,2021-12-29 13:15:00+05:30,511.5,512.3499755859375,510.5,512.3499755859375,2329,0.0,0.0,2021-12-29
676,2021-12-29 14:15:00+05:30,513.0,529.0,510.0,523.9000244140625,20462,0.0,0.0,2021-12-29
677,2021-12-29 15:15:00+05:30,524.4000244140625,528.7999877929688,518.4500122070312,523.2999877929688,10629,0.0,0.0,2021-12-29
678,2021-12-30 09:15:00+05:30,520.0,521.2999877929688,515.1500244140625,516.4500122070312,0,0.0,0.0,2021-12-30
679,2021-12-30 10:15:00+05:30,517.7000122070312,517.75,515.3499755859375,516.5999755859375,5833,0.0,0.0,2021-12-30
680,2021-12-30 11:15:00+05:30,515.6500244140625,517.25,515.2999877929688,517.0,624,0.0,0.0,2021-12-30
681,2021-12-30 12:15:00+05:30,516.9500122070312,519.5499877929688,514.2000122070312,518.5,5341,0.0,0.0,2021-12-30
682,2021-12-30 13:15:00+05:30,519.5499877929688,519.5499877929688,515.0,515.2000122070312,154,0.0,0.0,2021-12-30
683,2021-12-30 14:15:00+05:30,515.2999877929688,516.9000244140625,512.2000122070312,516.7999877929688,1563,0.0,0.0,2021-12-30
684,2021-12-30 15:15:00+05:30,515.25,524.7000122070312,515.0999755859375,521.7000122070312,10408,0.0,0.0,2021-12-30
685,2021-12-31 09:15:00+05:30,517.2999877929688,524.0,517.2999877929688,520.2000122070312,0,0.0,0.0,2021-12-31
686,2021-12-31 10:15:00+05:30,520.2000122070312,521.0999755859375,519.0,520.7000122070312,201,0.0,0.0,2021-12-31
687,2021-12-31 11:15:00+05:30,520.0,525.0,514.25,517.1500244140625,6374,0.0,0.0,2021-12-31
688,2021-12-31 12:15:00+05:30,516.25,524.0,515.0999755859375,523.9000244140625,9627,0.0,0.0,2021-12-31
689,2021-12-31 13:15:00+05:30,522.6500244140625,522.6500244140625,515.5,516.0,2874,0.0,0.0,2021-12-31
690,2021-12-31 14:15:00+05:30,515.9500122070312,524.9500122070312,515.5,521.0499877929688,1743,0.0,0.0,2021-12-31
691,2021-12-31 15:15:00+05:30,521.2999877929688,525.0,519.0999755859375,522.9500122070312,1303,0.0,0.0,2021-12-31
692,2022-01-03 09:15:00+05:30,524.5499877929688,529.4000244140625,511.45001220703125,513.0499877929688,0,0.0,0.0,2022-01-03
693,2022-01-03 10:15:00+05:30,513.0499877929688,515.8499755859375,511.6000061035156,512.25,2130,0.0,0.0,2022-01-03
694,2022-01-03 11:15:00+05:30,512.0499877929688,515.5,512.0,512.0,8038,0.0,0.0,2022-01-03
695,2022-01-03 12:15:00+05:30,512.0,517.5499877929688,512.0,515.5999755859375,2004,0.0,0.0,2022-01-03
696,2022-01-03 13:15:00+05:30,515.4500122070312,519.9500122070312,513.0999755859375,513.4500122070312,5038,0.0,0.0,2022-01-03
697,2022-01-03 14:15:00+05:30,513.1500244140625,516.5499877929688,512.75,513.5499877929688,2541,0.0,0.0,2022-01-03
698,2022-01-03 15:15:00+05:30,514.3499755859375,515.4000244140625,512.0499877929688,513.2000122070312,1384,0.0,0.0,2022-01-03
699,2022-01-04 09:15:00+05:30,515.5499877929688,515.5499877929688,507.1000061035156,511.04998779296875,0,0.0,0.0,2022-01-04
700,2022-01-04 10:15:00+05:30,511.70001220703125,511.8999938964844,508.0,510.8999938964844,1299,0.0,0.0,2022-01-04
701,2022-01-04 11:15:00+05:30,510.6000061035156,515.0,507.70001220703125,512.75,11752,0.0,0.0,2022-01-04
702,2022-01-04 12:15:00+05:30,512.9500122070312,513.5999755859375,511.54998779296875,511.54998779296875,438,0.0,0.0,2022-01-04
703,2022-01-04 13:15:00+05:30,511.04998779296875,517.9500122070312,510.6000061035156,513.25,3649,0.0,0.0,2022-01-04
704,2022-01-04 14:15:00+05:30,513.1500244140625,517.25,513.1500244140625,514.9500122070312,1576,0.0,0.0,2022-01-04
705,2022-01-04 15:15:00+05:30,514.9500122070312,517.7999877929688,513.5,515.4000244140625,1154,0.0,0.0,2022-01-04
706,2022-01-05 09:15:00+05:30,509.1000061035156,516.0,509.1000061035156,513.2999877929688,0,0.0,0.0,2022-01-05
707,2022-01-05 10:15:00+05:30,512.75,514.4500122070312,512.1500244140625,512.9500122070312,402,0.0,0.0,2022-01-05
708,2022-01-05 11:15:00+05:30,512.1500244140625,516.1500244140625,512.0499877929688,512.0999755859375,6413,0.0,0.0,2022-01-05
709,2022-01-05 12:15:00+05:30,512.0999755859375,513.2999877929688,509.3999938964844,509.8999938964844,1165,0.0,0.0,2022-01-05
710,2022-01-05 13:15:00+05:30,510.79998779296875,512.9000244140625,510.04998779296875,510.20001220703125,732,0.0,0.0,2022-01-05
711,2022-01-05 14:15:00+05:30,510.20001220703125,511.45001220703125,510.04998779296875,510.54998779296875,407,0.0,0.0,2022-01-05
712,2022-01-05 15:15:00+05:30,510.0,510.6000061035156,508.1499938964844,510.0,2617,0.0,0.0,2022-01-05
713,2022-01-06 09:15:00+05:30,510.0,510.0,505.75,509.0,0,0.0,0.0,2022-01-06
714,2022-01-06 10:15:00+05:30,509.0,510.0,507.3999938964844,507.3999938964844,406,0.0,0.0,2022-01-06
715,2022-01-06 11:15:00+05:30,508.25,511.95001220703125,507.29998779296875,509.1000061035156,2036,0.0,0.0,2022-01-06
716,2022-01-06 12:15:00+05:30,509.1000061035156,510.79998779296875,508.3500061035156,509.54998779296875,518,0.0,0.0,2022-01-06
717,2022-01-06 13:15:00+05:30,509.6499938964844,511.0,508.0,511.0,432,0.0,0.0,2022-01-06
718,2022-01-06 14:15:00+05:30,511.0,524.8499755859375,509.0,523.75,23070,0.0,0.0,2022-01-06
719,2022-01-06 15:15:00+05:30,523.5999755859375,529.0999755859375,518.0,523.8499755859375,13069,0.0,0.0,2022-01-06
720,2022-01-07 09:15:00+05:30,528.9500122070312,528.9500122070312,518.1500244140625,518.1500244140625,0,0.0,0.0,2022-01-07
721,2022-01-07 10:15:00+05:30,519.5499877929688,519.8499755859375,512.2999877929688,512.5,775,0.0,0.0,2022-01-07
722,2022-01-07 11:15:00+05:30,512.5499877929688,518.6500244140625,512.5499877929688,516.7000122070312,1112,0.0,0.0,2022-01-07
723,2022-01-07 12:15:00+05:30,515.6500244140625,517.25,514.0,515.6500244140625,2677,0.0,0.0,2022-01-07
724,2022-01-07 13:15:00+05:30,514.8499755859375,521.7999877929688,513.6500244140625,516.7999877929688,3365,0.0,0.0,2022-01-07
725,2022-01-07 14:15:00+05:30,516.6500244140625,521.7000122070312,513.5999755859375,513.7999877929688,17316,0.0,0.0,2022-01-07
726,2022-01-07 15:15:00+05:30,514.0499877929688,514.7000122070312,511.0,512.9000244140625,2273,0.0,0.0,2022-01-07
727,2022-01-10 09:15:00+05:30,508.0,525.0,508.0,520.4000244140625,0,0.0,0.0,2022-01-10
728,2022-01-10 10:15:00+05:30,520.0499877929688,520.0499877929688,510.1000061035156,513.2999877929688,10646,0.0,0.0,2022-01-10
729,2022-01-10 11:15:00+05:30,513.3499755859375,515.0,508.1000061035156,510.5,11683,0.0,0.0,2022-01-10
730,2022-01-10 12:15:00+05:30,510.54998779296875,513.0499877929688,509.79998779296875,511.8999938964844,5552,0.0,0.0,2022-01-10
731,2022-01-10 13:15:00+05:30,511.54998779296875,512.7999877929688,505.29998779296875,505.29998779296875,4422,0.0,0.0,2022-01-10
732,2022-01-10 14:15:00+05:30,505.79998779296875,521.0,504.75,518.0,27240,0.0,0.0,2022-01-10
733,2022-01-10 15:15:00+05:30,517.7000122070312,525.7000122070312,516.7999877929688,520.1500244140625,5042,0.0,0.0,2022-01-10
734,2022-01-11 09:15:00+05:30,522.7999877929688,524.25,512.0999755859375,518.0,0,0.0,0.0,2022-01-11
735,2022-01-11 10:15:00+05:30,518.0499877929688,522.0,518.0499877929688,520.0,1621,0.0,0.0,2022-01-11
736,2022-01-11 11:15:00+05:30,519.3499755859375,521.6500244140625,519.0999755859375,519.6500244140625,1165,0.0,0.0,2022-01-11
737,2022-01-11 12:15:00+05:30,521.6500244140625,521.6500244140625,518.2999877929688,519.5,555,0.0,0.0,2022-01-11
738,2022-01-11 13:15:00+05:30,520.7999877929688,521.7000122070312,518.0999755859375,519.0999755859375,1189,0.0,0.0,2022-01-11
739,2022-01-11 14:15:00+05:30,522.0,522.8499755859375,516.1500244140625,519.4500122070312,2087,0.0,0.0,2022-01-11
740,2022-01-11 15:15:00+05:30,518.2999877929688,525.0,514.2000122070312,519.25,2851,0.0,0.0,2022-01-11
741,2022-01-12 09:15:00+05:30,521.8499755859375,524.0,515.25,519.2999877929688,5279,0.0,0.0,2022-01-12
742,2022-01-12 10:15:00+05:30,517.5999755859375,522.2999877929688,516.9000244140625,520.3499755859375,5087,0.0,0.0,2022-01-12
743,2022-01-12 11:15:00+05:30,520.0,523.2000122070312,517.0,517.0,2122,0.0,0.0,2022-01-12
744,2022-01-12 12:15:00+05:30,517.0,520.0,517.0,519.9000244140625,374,0.0,0.0,2022-01-12
745,2022-01-12 13:15:00+05:30,520.0,520.9000244140625,513.1500244140625,516.7999877929688,793,0.0,0.0,2022-01-12
746,2022-01-12 14:15:00+05:30,515.9000244140625,521.0,513.8499755859375,517.0,1437,0.0,0.0,2022-01-12
747,2022-01-12 15:15:00+05:30,516.5,518.5499877929688,512.0999755859375,515.4500122070312,1855,0.0,0.0,2022-01-12
748,2022-01-13 09:15:00+05:30,510.0,520.0,510.0,516.9000244140625,0,0.0,0.0,2022-01-13
749,2022-01-13 10:15:00+05:30,516.9000244140625,520.1500244140625,516.0,519.5999755859375,795,0.0,0.0,2022-01-13
750,2022-01-13 11:15:00+05:30,519.2999877929688,519.2999877929688,516.0499877929688,518.9000244140625,493,0.0,0.0,2022-01-13
751,2022-01-13 12:15:00+05:30,518.2999877929688,519.0499877929688,516.0499877929688,517.0,529,0.0,0.0,2022-01-13
752,2022-01-13 13:15:00+05:30,516.5999755859375,516.7999877929688,509.79998779296875,510.3999938964844,4341,0.0,0.0,2022-01-13
753,2022-01-13 14:15:00+05:30,512.1500244140625,514.9000244140625,510.1000061035156,510.1499938964844,1204,0.0,0.0,2022-01-13
754,2022-01-13 15:15:00+05:30,510.1499938964844,519.8499755859375,510.1499938964844,514.4000244140625,4094,0.0,0.0,2022-01-13
755,2022-01-14 09:15:00+05:30,517.0,520.0,511.04998779296875,516.5999755859375,0,0.0,0.0,2022-01-14
756,2022-01-14 10:15:00+05:30,517.3499755859375,518.2999877929688,512.0999755859375,516.0,986,0.0,0.0,2022-01-14
757,2022-01-14 11:15:00+05:30,516.0,516.0,513.0,514.0,258,0.0,0.0,2022-01-14
758,2022-01-14 12:15:00+05:30,514.4500122070312,515.2999877929688,513.2000122070312,514.4000244140625,137,0.0,0.0,2022-01-14
759,2022-01-14 13:15:00+05:30,515.7000122070312,516.0,513.5,513.5,1184,0.0,0.0,2022-01-14
760,2022-01-14 14:15:00+05:30,513.6500244140625,515.9000244140625,513.0,515.9000244140625,1505,0.0,0.0,2022-01-14
761,2022-01-14 15:15:00+05:30,515.9000244140625,527.4000244140625,515.9000244140625,522.9000244140625,10156,0.0,0.0,2022-01-14
762,2022-01-17 09:15:00+05:30,527.0,527.0,515.2999877929688,515.6500244140625,0,0.0,0.0,2022-01-17
763,2022-01-17 10:15:00+05:30,515.5999755859375,518.6500244140625,515.5499877929688,516.1500244140625,4392,0.0,0.0,2022-01-17
764,2022-01-17 11:15:00+05:30,516.2999877929688,517.4000244140625,515.5499877929688,516.2999877929688,3127,0.0,0.0,2022-01-17
765,2022-01-17 12:15:00+05:30,515.5,526.3499755859375,515.3499755859375,523.5,9915,0.0,0.0,2022-01-17
766,2022-01-17 13:15:00+05:30,523.5,534.5,516.5,534.0,22740,0.0,0.0,2022-01-17
767,2022-01-17 14:15:00+05:30,534.0,536.75,528.2000122070312,535.0499877929688,63191,0.0,0.0,2022-01-17
768,2022-01-17 15:15:00+05:30,535.9500122070312,539.7000122070312,535.5999755859375,535.5999755859375,4407,0.0,0.0,2022-01-17
769,2022-01-18 09:15:00+05:30,538.9500122070312,544.0,530.0,532.4500122070312,0,0.0,0.0,2022-01-18
770,2022-01-18 10:15:00+05:30,531.9500122070312,542.0,529.7000122070312,538.5999755859375,9342,0.0,0.0,2022-01-18
771,2022-01-18 11:15:00+05:30,539.0,541.0499877929688,537.7000122070312,539.9500122070312,2735,0.0,0.0,2022-01-18
772,2022-01-18 12:15:00+05:30,539.0,540.5,535.75,536.8499755859375,1092,0.0,0.0,2022-01-18
773,2022-01-18 13:15:00+05:30,536.0,537.2000122070312,522.4500122070312,528.0,22318,0.0,0.0,2022-01-18
774,2022-01-18 14:15:00+05:30,529.2000122070312,550.0,522.1500244140625,537.2999877929688,16293,0.0,0.0,2022-01-18
775,2022-01-18 15:15:00+05:30,537.9000244140625,545.0499877929688,522.7000122070312,545.0,9640,0.0,0.0,2022-01-18
776,2022-01-19 09:15:00+05:30,533.0,548.7000122070312,530.5499877929688,536.0,3473,0.0,0.0,2022-01-19
777,2022-01-19 10:15:00+05:30,535.4500122070312,537.7999877929688,534.2999877929688,536.5,1271,0.0,0.0,2022-01-19
778,2022-01-19 11:15:00+05:30,536.5,536.5,530.0,531.4500122070312,2545,0.0,0.0,2022-01-19
779,2022-01-19 12:15:00+05:30,531.3499755859375,535.0,531.0999755859375,533.1500244140625,1114,0.0,0.0,2022-01-19
780,2022-01-19 13:15:00+05:30,533.0999755859375,538.2999877929688,532.5,536.0,1983,0.0,0.0,2022-01-19
781,2022-01-19 14:15:00+05:30,535.7999877929688,548.0,535.5999755859375,541.5,4171,0.0,0.0,2022-01-19
782,2022-01-19 15:15:00+05:30,537.0499877929688,544.4500122070312,537.0499877929688,544.0,1369,0.0,0.0,2022-01-19
783,2022-01-20 09:15:00+05:30,542.7999877929688,542.7999877929688,525.4000244140625,535.25,0,0.0,0.0,2022-01-20
784,2022-01-20 10:15:00+05:30,535.2999877929688,536.0,533.0,535.2999877929688,678,0.0,0.0,2022-01-20
785,2022-01-20 11:15:00+05:30,535.0,536.5499877929688,534.0,534.0,255,0.0,0.0,2022-01-20
786,2022-01-20 12:15:00+05:30,534.5999755859375,534.5999755859375,533.5499877929688,533.9000244140625,747,0.0,0.0,2022-01-20
787,2022-01-20 13:15:00+05:30,533.9000244140625,533.9000244140625,526.0999755859375,531.3499755859375,3814,0.0,0.0,2022-01-20
788,2022-01-20 14:15:00+05:30,532.5499877929688,547.0,529.0,539.0499877929688,5279,0.0,0.0,2022-01-20
789,2022-01-20 15:15:00+05:30,538.5999755859375,543.6500244140625,538.5999755859375,542.9000244140625,0,0.0,0.0,2022-01-20
790,2022-01-21 09:15:00+05:30,540.0,540.0,532.4000244140625,535.9000244140625,4756,0.0,0.0,2022-01-21
791,2022-01-21 10:15:00+05:30,535.6500244140625,538.0,535.0,538.0,692,0.0,0.0,2022-01-21
792,2022-01-21 11:15:00+05:30,537.0,537.25,534.5499877929688,536.9500122070312,1442,0.0,0.0,2022-01-21
793,2022-01-21 12:15:00+05:30,534.5,537.4500122070312,534.1500244140625,535.5999755859375,1692,0.0,0.0,2022-01-21
794,2022-01-21 13:15:00+05:30,534.5999755859375,535.4500122070312,531.0499877929688,532.2000122070312,1172,0.0,0.0,2022-01-21
795,2022-01-21 14:15:00+05:30,533.4000244140625,540.0,528.0,540.0,6988,0.0,0.0,2022-01-21
796,2022-01-21 15:15:00+05:30,537.5,546.0,535.9500122070312,538.25,2453,0.0,0.0,2022-01-21
797,2022-01-24 09:15:00+05:30,540.9500122070312,546.6500244140625,527.0,530.0,0,0.0,0.0,2022-01-24
798,2022-01-24 10:15:00+05:30,529.3499755859375,530.5499877929688,529.0499877929688,529.5499877929688,322,0.0,0.0,2022-01-24
799,2022-01-24 11:15:00+05:30,529.5499877929688,531.9500122070312,525.0999755859375,525.7999877929688,704,0.0,0.0,2022-01-24
800,2022-01-24 12:15:00+05:30,525.9500122070312,527.0,525.0999755859375,525.9000244140625,210,0.0,0.0,2022-01-24
801,2022-01-24 13:15:00+05:30,525.2999877929688,530.8499755859375,525.0499877929688,527.0,380,0.0,0.0,2022-01-24
802,2022-01-24 14:15:00+05:30,527.0,540.9500122070312,526.5499877929688,527.8499755859375,5017,0.0,0.0,2022-01-24
803,2022-01-24 15:15:00+05:30,527.8499755859375,540.0,527.0,534.2999877929688,3355,0.0,0.0,2022-01-24
804,2022-01-25 09:15:00+05:30,527.0,533.9000244140625,525.1500244140625,525.1500244140625,0,0.0,0.0,2022-01-25
805,2022-01-25 10:15:00+05:30,525.1500244140625,530.25,525.1500244140625,528.0,1314,0.0,0.0,2022-01-25
806,2022-01-25 11:15:00+05:30,529.0,532.6500244140625,527.6500244140625,529.0499877929688,907,0.0,0.0,2022-01-25
807,2022-01-25 12:15:00+05:30,530.2000122070312,537.0,529.8499755859375,536.6500244140625,1252,0.0,0.0,2022-01-25
808,2022-01-25 13:15:00+05:30,533.6500244140625,537.0,530.5,533.0499877929688,1162,0.0,0.0,2022-01-25
809,2022-01-25 14:15:00+05:30,531.5499877929688,542.0,529.3499755859375,536.8499755859375,2725,0.0,0.0,2022-01-25
810,2022-01-25 15:15:00+05:30,538.7999877929688,554.0,526.7999877929688,541.2999877929688,3044,0.0,0.0,2022-01-25
811,2022-01-27 09:15:00+05:30,533.9500122070312,544.0,530.0,532.8499755859375,0,0.0,0.0,2022-01-27
812,2022-01-27 10:15:00+05:30,532.9500122070312,540.0,531.5499877929688,532.9500122070312,3482,0.0,0.0,2022-01-27
813,2022-01-27 11:15:00+05:30,533.0,535.9000244140625,532.5,533.0,534,0.0,0.0,2022-01-27
814,2022-01-27 12:15:00+05:30,534.5999755859375,535.9500122070312,534.0,535.7000122070312,108,0.0,0.0,2022-01-27
815,2022-01-27 13:15:00+05:30,535.0,539.9500122070312,534.5999755859375,537.0,851,0.0,0.0,2022-01-27
816,2022-01-27 14:15:00+05:30,536.9000244140625,541.8499755859375,535.6500244140625,535.75,1463,0.0,0.0,2022-01-27
817,2022-01-27 15:15:00+05:30,539.5999755859375,542.0,535.6500244140625,538.0999755859375,1837,0.0,0.0,2022-01-27
818,2022-01-28 09:15:00+05:30,540.7999877929688,552.0,534.7999877929688,541.4500122070312,0,0.0,0.0,2022-01-28
819,2022-01-28 10:15:00+05:30,541.0999755859375,549.7999877929688,540.2999877929688,541.75,12477,0.0,0.0,2022-01-28
820,2022-01-28 11:15:00+05:30,542.6500244140625,548.6500244140625,541.75,546.7999877929688,7596,0.0,0.0,2022-01-28
821,2022-01-28 12:15:00+05:30,545.4500122070312,548.5,537.0,537.9000244140625,4788,0.0,0.0,2022-01-28
822,2022-01-28 13:15:00+05:30,538.2000122070312,546.9500122070312,538.2000122070312,543.7999877929688,3422,0.0,0.0,2022-01-28
823,2022-01-28 14:15:00+05:30,543.5999755859375,543.5999755859375,532.4000244140625,534.9000244140625,3862,0.0,0.0,2022-01-28
824,2022-01-28 15:15:00+05:30,534.0,537.25,533.0,534.2999877929688,639,0.0,0.0,2022-01-28
825,2022-01-31 09:15:00+05:30,537.0,541.0,536.0499877929688,538.7000122070312,0,0.0,0.0,2022-01-31
826,2022-01-31 10:15:00+05:30,538.7000122070312,539.75,534.5499877929688,534.5499877929688,414,0.0,0.0,2022-01-31
827,2022-01-31 11:15:00+05:30,536.2999877929688,536.9500122070312,533.0999755859375,533.2999877929688,402,0.0,0.0,2022-01-31
828,2022-01-31 12:15:00+05:30,533.25,533.25,532.1500244140625,533.0,268,0.0,0.0,2022-01-31
829,2022-01-31 13:15:00+05:30,532.0,540.4000244140625,531.2999877929688,540.4000244140625,2001,0.0,0.0,2022-01-31
830,2022-01-31 14:15:00+05:30,540.4000244140625,544.7999877929688,536.0999755859375,544.7999877929688,4086,0.0,0.0,2022-01-31
831,2022-01-31 15:15:00+05:30,544.7999877929688,545.0,540.75,540.75,1510,0.0,0.0,2022-01-31
832,2022-02-01 09:15:00+05:30,543.3499755859375,548.25,537.1500244140625,546.25,0,0.0,0.0,2022-02-01
833,2022-02-01 10:15:00+05:30,546.0,549.2999877929688,541.0499877929688,546.7000122070312,3954,0.0,0.0,2022-02-01
834,2022-02-01 11:15:00+05:30,546.7000122070312,546.9500122070312,541.25,545.0,795,0.0,0.0,2022-02-01
835,2022-02-01 12:15:00+05:30,545.0,545.9500122070312,543.0999755859375,543.0999755859375,1213,0.0,0.0,2022-02-01
836,2022-02-01 13:15:00+05:30,543.0999755859375,547.4000244140625,540.0,546.7000122070312,1885,0.0,0.0,2022-02-01
837,2022-02-01 14:15:00+05:30,545.0999755859375,570.0,543.0499877929688,566.8499755859375,18865,0.0,0.0,2022-02-01
838,2022-02-01 15:15:00+05:30,565.0499877929688,585.0,561.5999755859375,580.0,56576,0.0,0.0,2022-02-01
839,2022-02-02 09:15:00+05:30,591.0499877929688,629.3499755859375,591.0499877929688,614.3499755859375,471076,0.0,0.0,2022-02-02
840,2022-02-02 10:15:00+05:30,614.2999877929688,625.0,614.2999877929688,621.5,126786,0.0,0.0,2022-02-02
841,2022-02-02 11:15:00+05:30,621.5,621.5,601.4500122070312,609.5999755859375,133474,0.0,0.0,2022-02-02
842,2022-02-02 12:15:00+05:30,609.7000122070312,613.5,602.0999755859375,613.4500122070312,48389,0.0,0.0,2022-02-02
843,2022-02-02 13:15:00+05:30,613.6500244140625,613.9000244140625,604.0,607.8499755859375,26612,0.0,0.0,2022-02-02
844,2022-02-02 14:15:00+05:30,608.0,610.0999755859375,591.3499755859375,595.9000244140625,54266,0.0,0.0,2022-02-02
845,2022-02-02 15:15:00+05:30,596.6500244140625,602.9500122070312,592.1500244140625,593.2000122070312,48079,0.0,0.0,2022-02-02
846,2022-02-03 09:15:00+05:30,599.4000244140625,604.9000244140625,591.0999755859375,594.75,0,0.0,0.0,2022-02-03
847,2022-02-03 10:15:00+05:30,593.6500244140625,598.0,585.1500244140625,591.9500122070312,26614,0.0,0.0,2022-02-03
848,2022-02-03 11:15:00+05:30,592.2999877929688,592.5,585.0,587.2000122070312,5120,0.0,0.0,2022-02-03
849,2022-02-03 12:15:00+05:30,587.9500122070312,591.9500122070312,582.2000122070312,589.7999877929688,8683,0.0,0.0,2022-02-03
850,2022-02-03 13:15:00+05:30,591.4000244140625,592.0,584.0,587.5,4585,0.0,0.0,2022-02-03
851,2022-02-03 14:15:00+05:30,587.5,590.5499877929688,582.0499877929688,582.9500122070312,6602,0.0,0.0,2022-02-03
852,2022-02-03 15:15:00+05:30,584.25,584.4500122070312,575.5,578.4000244140625,14460,0.0,0.0,2022-02-03
853,2022-02-04 09:15:00+05:30,576.0,578.0,567.0499877929688,567.0499877929688,21855,0.0,0.0,2022-02-04
854,2022-02-04 10:15:00+05:30,567.0999755859375,569.0,565.0,566.2000122070312,13698,0.0,0.0,2022-02-04
855,2022-02-04 11:15:00+05:30,567.0,576.0999755859375,565.0499877929688,573.0999755859375,8102,0.0,0.0,2022-02-04
856,2022-02-04 12:15:00+05:30,574.9500122070312,584.9000244140625,573.0999755859375,579.5499877929688,14925,0.0,0.0,2022-02-04
857,2022-02-04 13:15:00+05:30,580.7999877929688,582.75,575.0,578.0,4974,0.0,0.0,2022-02-04
858,2022-02-04 14:15:00+05:30,578.0,582.0,570.0999755859375,575.0,8999,0.0,0.0,2022-02-04
859,2022-02-04 15:15:00+05:30,575.0999755859375,579.4500122070312,573.5,579.4500122070312,3173,0.0,0.0,2022-02-04
860,2022-02-07 09:15:00+05:30,598.75,619.0,592.7000122070312,594.4000244140625,90883,0.0,0.0,2022-02-07
861,2022-02-07 10:15:00+05:30,594.7000122070312,600.0,594.1500244140625,599.2000122070312,25333,0.0,0.0,2022-02-07
862,2022-02-07 11:15:00+05:30,599.2000122070312,600.0,595.2000122070312,598.0,21174,0.0,0.0,2022-02-07
863,2022-02-07 12:15:00+05:30,598.2000122070312,610.0,597.5999755859375,606.9500122070312,66125,0.0,0.0,2022-02-07
864,2022-02-07 13:15:00+05:30,606.9500122070312,607.0,598.0,602.0499877929688,24722,0.0,0.0,2022-02-07
865,2022-02-07 14:15:00+05:30,602.0999755859375,602.7000122070312,592.0,595.4500122070312,22334,0.0,0.0,2022-02-07
866,2022-02-07 15:15:00+05:30,596.25,596.9500122070312,580.25,581.0,18601,0.0,0.0,2022-02-07
867,2022-02-08 09:15:00+05:30,590.0499877929688,594.25,581.0499877929688,581.8499755859375,0,0.0,0.0,2022-02-08
868,2022-02-08 10:15:00+05:30,581.7000122070312,587.9000244140625,575.6500244140625,582.4000244140625,7355,0.0,0.0,2022-02-08
869,2022-02-08 11:15:00+05:30,580.8499755859375,589.4500122070312,578.0,581.0,3775,0.0,0.0,2022-02-08
870,2022-02-08 12:15:00+05:30,579.4500122070312,588.0,578.6500244140625,583.9000244140625,2852,0.0,0.0,2022-02-08
871,2022-02-08 13:15:00+05:30,584.5,585.1500244140625,581.0,584.2000122070312,2015,0.0,0.0,2022-02-08
872,2022-02-08 14:15:00+05:30,582.5499877929688,585.0,577.1500244140625,580.7999877929688,4352,0.0,0.0,2022-02-08
873,2022-02-08 15:15:00+05:30,578.8499755859375,581.9000244140625,575.1500244140625,577.9500122070312,4863,0.0,0.0,2022-02-08
874,2022-02-09 09:15:00+05:30,593.5,593.5,580.0999755859375,587.6500244140625,0,0.0,0.0,2022-02-09
875,2022-02-09 10:15:00+05:30,587.0,588.4000244140625,580.7999877929688,581.5999755859375,6802,0.0,0.0,2022-02-09
876,2022-02-09 11:15:00+05:30,582.9000244140625,589.7000122070312,581.0,583.2999877929688,7527,0.0,0.0,2022-02-09
877,2022-02-09 12:15:00+05:30,584.8499755859375,587.9500122070312,582.1500244140625,585.9000244140625,4788,0.0,0.0,2022-02-09
878,2022-02-09 13:15:00+05:30,585.9500122070312,586.0,582.5999755859375,585.2999877929688,1318,0.0,0.0,2022-02-09
879,2022-02-09 14:15:00+05:30,585.25,589.5999755859375,576.1500244140625,578.0,6938,0.0,0.0,2022-02-09
880,2022-02-09 15:15:00+05:30,578.0,583.0499877929688,576.25,579.4000244140625,3511,0.0,0.0,2022-02-09
881,2022-02-10 09:15:00+05:30,586.5999755859375,586.5999755859375,575.5,580.9500122070312,0,0.0,0.0,2022-02-10
882,2022-02-10 10:15:00+05:30,581.0,581.0,576.4500122070312,578.25,1478,0.0,0.0,2022-02-10
883,2022-02-10 11:15:00+05:30,576.8499755859375,584.9500122070312,576.8499755859375,579.5499877929688,4367,0.0,0.0,2022-02-10
884,2022-02-10 12:15:00+05:30,579.6500244140625,582.5,576.5499877929688,578.25,1253,0.0,0.0,2022-02-10
885,2022-02-10 13:15:00+05:30,579.5499877929688,580.4500122070312,576.0499877929688,578.4500122070312,2067,0.0,0.0,2022-02-10
886,2022-02-10 14:15:00+05:30,578.6500244140625,578.9000244140625,575.2999877929688,575.4000244140625,2669,0.0,0.0,2022-02-10
887,2022-02-10 15:15:00+05:30,577.5499877929688,579.75,575.2999877929688,576.9000244140625,2077,0.0,0.0,2022-02-10
888,2022-02-11 09:15:00+05:30,576.9000244140625,583.7000122070312,576.9000244140625,581.4500122070312,0,0.0,0.0,2022-02-11
889,2022-02-11 10:15:00+05:30,581.9500122070312,582.5,577.5,579.0499877929688,7719,0.0,0.0,2022-02-11
890,2022-02-11 11:15:00+05:30,580.0,581.8499755859375,577.5499877929688,578.0,2829,0.0,0.0,2022-02-11
891,2022-02-11 12:15:00+05:30,577.8499755859375,581.0,577.7999877929688,578.2999877929688,1357,0.0,0.0,2022-02-11
892,2022-02-11 13:15:00+05:30,578.25,581.0,578.0,579.0,1979,0.0,0.0,2022-02-11
893,2022-02-11 14:15:00+05:30,579.0,579.0,575.0,575.7000122070312,10928,0.0,0.0,2022-02-11
894,2022-02-11 15:15:00+05:30,576.1500244140625,576.1500244140625,571.1500244140625,574.0,2566,0.0,0.0,2022-02-11
895,2022-02-14 09:15:00+05:30,574.8499755859375,608.4500122070312,544.6500244140625,602.1500244140625,94075,0.0,0.0,2022-02-14
896,2022-02-14 10:15:00+05:30,602.5999755859375,618.25,601.0,612.9500122070312,180573,0.0,0.0,2022-02-14
897,2022-02-14 11:15:00+05:30,612.9500122070312,621.0499877929688,610.75,616.4000244140625,164086,0.0,0.0,2022-02-14
898,2022-02-14 12:15:00+05:30,616.4000244140625,628.2999877929688,613.3499755859375,617.2000122070312,269365,0.0,0.0,2022-02-14
899,2022-02-14 13:15:00+05:30,617.4500122070312,617.4500122070312,592.0,595.0499877929688,191727,0.0,0.0,2022-02-14
900,2022-02-14 14:15:00+05:30,595.0499877929688,598.2999877929688,571.0,581.5,170958,0.0,0.0,2022-02-14
901,2022-02-14 15:15:00+05:30,580.7999877929688,588.0,576.6500244140625,580.4000244140625,54043,0.0,0.0,2022-02-14
902,2022-02-15 09:15:00+05:30,592.0,598.0,575.25,578.4500122070312,0,0.0,0.0,2022-02-15
903,2022-02-15 10:15:00+05:30,577.8499755859375,581.8499755859375,576.0499877929688,577.2999877929688,7683,0.0,0.0,2022-02-15
904,2022-02-15 11:15:00+05:30,576.7000122070312,586.2999877929688,576.7000122070312,583.2999877929688,14856,0.0,0.0,2022-02-15
905,2022-02-15 12:15:00+05:30,583.2999877929688,586.2999877929688,583.25,583.5999755859375,9341,0.0,0.0,2022-02-15
906,2022-02-15 13:15:00+05:30,584.5,586.0,577.0,579.9000244140625,11288,0.0,0.0,2022-02-15
907,2022-02-15 14:15:00+05:30,578.8499755859375,581.3499755859375,575.25,577.3499755859375,9087,0.0,0.0,2022-02-15
908,2022-02-15 15:15:00+05:30,577.4500122070312,579.1500244140625,575.0,576.0,17077,0.0,0.0,2022-02-15
909,2022-02-16 09:15:00+05:30,592.0,598.75,591.0,592.9500122070312,0,0.0,0.0,2022-02-16
910,2022-02-16 10:15:00+05:30,592.75,597.7000122070312,592.4000244140625,596.9000244140625,10510,0.0,0.0,2022-02-16
911,2022-02-16 11:15:00+05:30,596.9000244140625,597.9000244140625,596.0,597.9000244140625,5425,0.0,0.0,2022-02-16
912,2022-02-16 12:15:00+05:30,597.9500122070312,598.7000122070312,596.1500244140625,597.5,7107,0.0,0.0,2022-02-16
913,2022-02-16 13:15:00+05:30,597.75,598.7000122070312,596.0,597.0499877929688,5024,0.0,0.0,2022-02-16
914,2022-02-16 14:15:00+05:30,597.0499877929688,598.0,595.0,597.2999877929688,9030,0.0,0.0,2022-02-16
915,2022-02-16 15:15:00+05:30,597.2999877929688,598.7000122070312,596.0,597.25,8648,0.0,0.0,2022-02-16
916,2022-02-17 09:15:00+05:30,596.7999877929688,596.7999877929688,590.5999755859375,592.4500122070312,0,0.0,0.0,2022-02-17
917,2022-02-17 10:15:00+05:30,592.2999877929688,598.8499755859375,592.2000122070312,595.3499755859375,15876,0.0,0.0,2022-02-17
918,2022-02-17 11:15:00+05:30,594.7999877929688,595.5499877929688,592.9500122070312,595.5499877929688,161530,0.0,0.0,2022-02-17
919,2022-02-17 12:15:00+05:30,596.0,597.75,591.0499877929688,593.5999755859375,8872,0.0,0.0,2022-02-17
920,2022-02-17 13:15:00+05:30,594.8499755859375,595.0,590.0,591.2999877929688,10239,0.0,0.0,2022-02-17
921,2022-02-17 14:15:00+05:30,591.0,593.4500122070312,590.0499877929688,590.0499877929688,6688,0.0,0.0,2022-02-17
922,2022-02-17 15:15:00+05:30,590.0999755859375,592.9500122070312,590.0499877929688,590.5999755859375,6763,0.0,0.0,2022-02-17
923,2022-02-18 09:15:00+05:30,590.0999755859375,597.0,590.0999755859375,593.9500122070312,0,0.0,0.0,2022-02-18
924,2022-02-18 10:15:00+05:30,593.1500244140625,597.0,591.1500244140625,594.0,161565,0.0,0.0,2022-02-18
925,2022-02-18 11:15:00+05:30,593.5499877929688,596.2999877929688,593.5,595.9500122070312,1140,0.0,0.0,2022-02-18
926,2022-02-18 12:15:00+05:30,596.0,596.4500122070312,593.5,595.2000122070312,4961,0.0,0.0,2022-02-18
927,2022-02-18 13:15:00+05:30,595.2000122070312,595.2000122070312,593.0,593.7000122070312,1184,0.0,0.0,2022-02-18
928,2022-02-18 14:15:00+05:30,592.2000122070312,592.9500122070312,591.0999755859375,591.4500122070312,1958,0.0,0.0,2022-02-18
929,2022-02-18 15:15:00+05:30,591.4500122070312,592.0499877929688,590.2999877929688,591.25,2687,0.0,0.0,2022-02-18
930,2022-02-21 09:15:00+05:30,592.0499877929688,600.0,592.0,596.1500244140625,0,0.0,0.0,2022-02-21
931,2022-02-21 10:15:00+05:30,597.0,597.5,591.0999755859375,596.0,25542,0.0,0.0,2022-02-21
932,2022-02-21 11:15:00+05:30,596.0,599.4000244140625,593.7999877929688,596.7999877929688,181064,0.0,0.0,2022-02-21
933,2022-02-21 12:15:00+05:30,596.0999755859375,597.4500122070312,594.0,596.0,13267,0.0,0.0,2022-02-21
934,2022-02-21 13:15:00+05:30,595.9000244140625,596.0,590.0,590.7999877929688,19536,0.0,0.0,2022-02-21
935,2022-02-21 14:15:00+05:30,590.7999877929688,592.0,587.5999755859375,587.5999755859375,30565,0.0,0.0,2022-02-21
936,2022-02-21 15:15:00+05:30,586.5,597.2999877929688,585.0,589.7999877929688,29910,0.0,0.0,2022-02-21
937,2022-02-22 09:15:00+05:30,590.25,600.0,590.25,595.9500122070312,0,0.0,0.0,2022-02-22
938,2022-02-22 10:15:00+05:30,595.5999755859375,597.4500122070312,594.0499877929688,594.7000122070312,22899,0.0,0.0,2022-02-22
939,2022-02-22 11:15:00+05:30,594.7000122070312,596.9000244140625,594.0499877929688,595.0,140760,0.0,0.0,2022-02-22
940,2022-02-22 12:15:00+05:30,595.3499755859375,595.5,590.7000122070312,593.75,12786,0.0,0.0,2022-02-22
941,2022-02-22 13:15:00+05:30,594.0,594.9000244140625,591.5,594.5999755859375,6179,0.0,0.0,2022-02-22
942,2022-02-22 14:15:00+05:30,594.6500244140625,595.5,591.7000122070312,593.0,28175,0.0,0.0,2022-02-22
943,2022-02-22 15:15:00+05:30,592.4500122070312,593.9500122070312,588.7999877929688,593.7000122070312,7037,0.0,0.0,2022-02-22
944,2022-02-23 09:15:00+05:30,598.8499755859375,598.9000244140625,593.7000122070312,595.1500244140625,0,0.0,0.0,2022-02-23
945,2022-02-23 10:15:00+05:30,595.2999877929688,598.4000244140625,594.0499877929688,595.4000244140625,145554,0.0,0.0,2022-02-23
946,2022-02-23 11:15:00+05:30,595.4000244140625,596.9500122070312,594.5,595.0499877929688,2251,0.0,0.0,2022-02-23
947,2022-02-23 12:15:00+05:30,595.0,595.5,594.1500244140625,595.25,3390,0.0,0.0,2022-02-23
948,2022-02-23 13:15:00+05:30,595.25,595.25,594.0499877929688,594.9500122070312,1668,0.0,0.0,2022-02-23
949,2022-02-23 14:15:00+05:30,594.75,594.9000244140625,590.0,590.0,9211,0.0,0.0,2022-02-23
950,2022-02-23 15:15:00+05:30,590.6500244140625,591.5999755859375,585.6500244140625,590.0,10997,0.0,0.0,2022-02-23
951,2022-02-24 09:15:00+05:30,590.0999755859375,597.0,580.0,585.7000122070312,0,0.0,0.0,2022-02-24
952,2022-02-24 10:15:00+05:30,585.7000122070312,590.0,585.4000244140625,587.6500244140625,8826,0.0,0.0,2022-02-24
953,2022-02-24 11:15:00+05:30,587.6500244140625,588.25,580.5499877929688,580.7000122070312,122832,0.0,0.0,2022-02-24
954,2022-02-24 12:15:00+05:30,581.5999755859375,587.4500122070312,580.8499755859375,583.7000122070312,43246,0.0,0.0,2022-02-24
955,2022-02-24 13:15:00+05:30,583.6500244140625,585.0,581.0,584.5499877929688,6187,0.0,0.0,2022-02-24
956,2022-02-24 14:15:00+05:30,583.5499877929688,584.7000122070312,580.0,581.3499755859375,15414,0.0,0.0,2022-02-24
957,2022-02-24 15:15:00+05:30,581.4000244140625,585.0,579.7000122070312,581.5,7757,0.0,0.0,2022-02-24
958,2022-02-25 09:15:00+05:30,599.9000244140625,599.9000244140625,590.0999755859375,591.0499877929688,0,0.0,0.0,2022-02-25
959,2022-02-25 10:15:00+05:30,592.0,597.7000122070312,591.0,595.9500122070312,24370,0.0,0.0,2022-02-25
960,2022-02-25 11:15:00+05:30,595.9000244140625,596.7000122070312,591.7000122070312,593.9500122070312,13108,0.0,0.0,2022-02-25
961,2022-02-25 12:15:00+05:30,593.7999877929688,595.9000244140625,588.8499755859375,589.9000244140625,155337,0.0,0.0,2022-02-25
962,2022-02-25 13:15:00+05:30,589.9000244140625,592.4500122070312,587.4500122070312,588.6500244140625,5524,0.0,0.0,2022-02-25
963,2022-02-25 14:15:00+05:30,589.5499877929688,590.0,586.0999755859375,590.0,5320,0.0,0.0,2022-02-25
964,2022-02-25 15:15:00+05:30,590.2999877929688,593.0,590.25,591.4000244140625,6639,0.0,0.0,2022-02-25
965,2022-02-28 09:15:00+05:30,597.9000244140625,599.4000244140625,591.0,597.0499877929688,0,0.0,0.0,2022-02-28
966,2022-02-28 10:15:00+05:30,596.5499877929688,609.7000122070312,596.2000122070312,601.75,133402,0.0,0.0,2022-02-28
967,2022-02-28 11:15:00+05:30,602.9500122070312,603.1500244140625,592.0499877929688,596.2000122070312,21743,0.0,0.0,2022-02-28
968,2022-02-28 12:15:00+05:30,595.6500244140625,598.7000122070312,593.0999755859375,594.5,20349,0.0,0.0,2022-02-28
969,2022-02-28 13:15:00+05:30,594.0999755859375,596.9000244140625,593.5499877929688,596.3499755859375,13799,0.0,0.0,2022-02-28
970,2022-02-28 14:15:00+05:30,595.75,597.25,593.0999755859375,593.6500244140625,12216,0.0,0.0,2022-02-28
971,2022-02-28 15:15:00+05:30,592.6500244140625,596.0,590.0499877929688,592.8499755859375,9718,0.0,0.0,2022-02-28
972,2022-03-02 09:15:00+05:30,595.8499755859375,622.8499755859375,595.1500244140625,603.7000122070312,0,0.0,0.0,2022-03-02
973,2022-03-02 10:15:00+05:30,603.7000122070312,604.0,590.7999877929688,597.25,43563,0.0,0.0,2022-03-02
974,2022-03-02 11:15:00+05:30,598.0,602.75,597.2000122070312,600.6500244140625,25621,0.0,0.0,2022-03-02
975,2022-03-02 12:15:00+05:30,600.6500244140625,603.0,594.0,597.0,294299,0.0,0.0,2022-03-02
976,2022-03-02 13:15:00+05:30,597.2000122070312,599.7999877929688,595.9500122070312,597.5,33400,0.0,0.0,2022-03-02
977,2022-03-02 14:15:00+05:30,596.2999877929688,598.0,594.2000122070312,598.0,15778,0.0,0.0,2022-03-02
978,2022-03-02 15:15:00+05:30,597.7999877929688,598.0,597.0,597.75,13996,0.0,0.0,2022-03-02
979,2022-03-03 09:15:00+05:30,603.7999877929688,604.0,599.0499877929688,602.75,0,0.0,0.0,2022-03-03
980,2022-03-03 10:15:00+05:30,602.7999877929688,604.0,602.0,603.5999755859375,5214,0.0,0.0,2022-03-03
981,2022-03-03 11:15:00+05:30,603.5499877929688,604.0,598.0,598.4000244140625,161343,0.0,0.0,2022-03-03
982,2022-03-03 12:15:00+05:30,598.0,598.9500122070312,596.0,598.9500122070312,6869,0.0,0.0,2022-03-03
983,2022-03-03 13:15:00+05:30,599.0,599.2999877929688,597.6500244140625,598.7999877929688,629,0.0,0.0,2022-03-03
984,2022-03-03 14:15:00+05:30,598.5,600.0,597.0,597.25,8367,0.0,0.0,2022-03-03
985,2022-03-03 15:15:00+05:30,598.0999755859375,600.0,597.25,599.4500122070312,12733,0.0,0.0,2022-03-03
986,2022-03-04 09:15:00+05:30,600.0,600.0499877929688,592.25,593.0,0,0.0,0.0,2022-03-04
987,2022-03-04 10:15:00+05:30,593.0,595.0,593.0,593.6500244140625,2328,0.0,0.0,2022-03-04
988,2022-03-04 11:15:00+05:30,593.8499755859375,596.0,593.0,593.9000244140625,166109,0.0,0.0,2022-03-04
989,2022-03-04 12:15:00+05:30,594.4000244140625,599.0,594.2000122070312,597.0999755859375,3304,0.0,0.0,2022-03-04
990,2022-03-04 13:15:00+05:30,596.7999877929688,600.75,596.2999877929688,597.8499755859375,8431,0.0,0.0,2022-03-04
991,2022-03-04 14:15:00+05:30,597.7999877929688,604.0,597.7999877929688,602.9000244140625,14233,0.0,0.0,2022-03-04
992,2022-03-04 15:15:00+05:30,602.9000244140625,604.0,593.0,603.0,10473,0.0,0.0,2022-03-04
993,2022-03-07 09:15:00+05:30,600.0,600.0,580.0,583.4500122070312,0,0.0,0.0,2022-03-07
994,2022-03-07 10:15:00+05:30,583.7000122070312,585.0,582.8499755859375,584.0499877929688,17713,0.0,0.0,2022-03-07
995,2022-03-07 11:15:00+05:30,584.0999755859375,585.3499755859375,581.8499755859375,584.0,126074,0.0,0.0,2022-03-07
996,2022-03-07 12:15:00+05:30,584.0,586.75,583.25,583.75,17495,0.0,0.0,2022-03-07
997,2022-03-07 13:15:00+05:30,583.75,584.0,583.5,583.9000244140625,5942,0.0,0.0,2022-03-07
998,2022-03-07 14:15:00+05:30,583.5999755859375,584.0,582.6500244140625,583.7000122070312,14190,0.0,0.0,2022-03-07
999,2022-03-07 15:15:00+05:30,582.0499877929688,584.0,582.0,583.3499755859375,7172,0.0,0.0,2022-03-07
1000,2022-03-08 09:15:00+05:30,584.0499877929688,589.4500122070312,584.0499877929688,588.6500244140625,0,0.0,0.0,2022-03-08
1001,2022-03-08 10:15:00+05:30,586.9000244140625,587.0,581.0499877929688,582.1500244140625,9078,0.0,0.0,2022-03-08
1002,2022-03-08 11:15:00+05:30,581.9000244140625,583.9500122070312,580.9500122070312,581.0,104304,0.0,0.0,2022-03-08
1003,2022-03-08 12:15:00+05:30,581.0499877929688,581.9500122070312,580.0,581.1500244140625,7910,0.0,0.0,2022-03-08
1004,2022-03-08 13:15:00+05:30,581.0999755859375,581.9500122070312,581.0,581.5999755859375,833,0.0,0.0,2022-03-08
1005,2022-03-08 14:15:00+05:30,581.8499755859375,600.0,580.2999877929688,598.0,39215,0.0,0.0,2022-03-08
1006,2022-03-08 15:15:00+05:30,597.9500122070312,597.9500122070312,594.0,597.5999755859375,1926,0.0,0.0,2022-03-08
1007,2022-03-09 09:15:00+05:30,597.5999755859375,602.0,596.4500122070312,598.75,0,0.0,0.0,2022-03-09
1008,2022-03-09 10:15:00+05:30,597.2999877929688,598.3499755859375,596.0,597.5499877929688,1599,0.0,0.0,2022-03-09
1009,2022-03-09 11:15:00+05:30,597.8499755859375,598.75,594.4500122070312,596.6500244140625,5281,0.0,0.0,2022-03-09
1010,2022-03-09 12:15:00+05:30,596.6500244140625,598.0499877929688,594.9500122070312,596.2999877929688,1266,0.0,0.0,2022-03-09
1011,2022-03-09 13:15:00+05:30,596.3499755859375,600.9000244140625,594.6500244140625,600.9000244140625,6246,0.0,0.0,2022-03-09
1012,2022-03-09 14:15:00+05:30,601.0999755859375,601.0999755859375,592.0999755859375,595.0499877929688,8204,0.0,0.0,2022-03-09
1013,2022-03-09 15:15:00+05:30,595.0499877929688,597.5,593.0,595.6500244140625,4148,0.0,0.0,2022-03-09
1014,2022-03-10 09:15:00+05:30,599.4000244140625,600.9500122070312,592.9500122070312,595.0999755859375,0,0.0,0.0,2022-03-10
1015,2022-03-10 10:15:00+05:30,595.1500244140625,596.0,593.0,595.0,121802,0.0,0.0,2022-03-10
1016,2022-03-10 11:15:00+05:30,595.0,597.0,592.0,593.75,285153,0.0,0.0,2022-03-10
1017,2022-03-10 12:15:00+05:30,593.0499877929688,593.7999877929688,592.5,593.75,1319,0.0,0.0,2022-03-10
1018,2022-03-10 13:15:00+05:30,592.6500244140625,594.7999877929688,590.5499877929688,591.8499755859375,6346,0.0,0.0,2022-03-10
1019,2022-03-10 14:15:00+05:30,592.2000122070312,594.9000244140625,590.5999755859375,592.4500122070312,6068,0.0,0.0,2022-03-10
1020,2022-03-10 15:15:00+05:30,592.4500122070312,593.5,584.0,590.4500122070312,12188,0.0,0.0,2022-03-10
1021,2022-03-11 09:15:00+05:30,610.0,620.0,604.9000244140625,611.7999877929688,0,0.0,0.0,2022-03-11
1022,2022-03-11 10:15:00+05:30,611.7999877929688,614.5999755859375,610.0,611.5999755859375,19242,0.0,0.0,2022-03-11
1023,2022-03-11 11:15:00+05:30,611.5999755859375,613.75,610.0,611.5999755859375,40876,0.0,0.0,2022-03-11
1024,2022-03-11 12:15:00+05:30,611.5999755859375,613.2999877929688,609.75,611.4000244140625,173563,0.0,0.0,2022-03-11
1025,2022-03-11 13:15:00+05:30,610.2000122070312,611.9500122070312,608.5499877929688,611.2999877929688,11193,0.0,0.0,2022-03-11
1026,2022-03-11 14:15:00+05:30,611.7999877929688,612.0,609.75,612.0,23403,0.0,0.0,2022-03-11
1027,2022-03-11 15:15:00+05:30,610.0499877929688,612.0,608.0,610.5499877929688,12140,0.0,0.0,2022-03-11
1028,2022-03-14 09:15:00+05:30,616.2000122070312,620.0,612.9500122070312,619.0,0,0.0,0.0,2022-03-14
1029,2022-03-14 10:15:00+05:30,619.0,619.7999877929688,614.8499755859375,614.8499755859375,22315,0.0,0.0,2022-03-14
1030,2022-03-14 11:15:00+05:30,614.5,617.6500244140625,613.25,614.7999877929688,181781,0.0,0.0,2022-03-14
1031,2022-03-14 12:15:00+05:30,614.2000122070312,617.0999755859375,614.0499877929688,614.75,20614,0.0,0.0,2022-03-14
1032,2022-03-14 13:15:00+05:30,614.8499755859375,617.75,614.0499877929688,614.5999755859375,84754,0.0,0.0,2022-03-14
1033,2022-03-14 14:15:00+05:30,614.0999755859375,618.4500122070312,612.75,618.0,245018,0.0,0.0,2022-03-14
1034,2022-03-14 15:15:00+05:30,618.0,619.7000122070312,616.0,616.3499755859375,27384,0.0,0.0,2022-03-14
1035,2022-03-15 09:15:00+05:30,621.0,624.7999877929688,612.5,614.5,0,0.0,0.0,2022-03-15
1036,2022-03-15 10:15:00+05:30,615.1500244140625,616.5999755859375,612.2000122070312,612.2000122070312,174811,0.0,0.0,2022-03-15
1037,2022-03-15 11:15:00+05:30,612.2999877929688,615.7999877929688,612.2999877929688,613.6500244140625,5027,0.0,0.0,2022-03-15
1038,2022-03-15 12:15:00+05:30,612.75,613.9500122070312,609.0,609.6500244140625,9449,0.0,0.0,2022-03-15
1039,2022-03-15 13:15:00+05:30,609.2000122070312,613.0,601.5499877929688,605.2000122070312,27022,0.0,0.0,2022-03-15
1040,2022-03-15 14:15:00+05:30,603.2000122070312,610.0,602.0,609.9500122070312,8509,0.0,0.0,2022-03-15
1041,2022-03-15 15:15:00+05:30,609.0999755859375,615.0,608.0,611.4500122070312,14088,0.0,0.0,2022-03-15
1042,2022-03-16 09:15:00+05:30,620.7999877929688,623.0,618.0,618.2999877929688,0,0.0,0.0,2022-03-16
1043,2022-03-16 10:15:00+05:30,618.7999877929688,618.9000244140625,618.0999755859375,618.7999877929688,4341,0.0,0.0,2022-03-16
1044,2022-03-16 11:15:00+05:30,618.75,619.7000122070312,614.5999755859375,616.0,181378,0.0,0.0,2022-03-16
1045,2022-03-16 12:15:00+05:30,616.3499755859375,618.0,615.7999877929688,616.0499877929688,7271,0.0,0.0,2022-03-16
1046,2022-03-16 13:15:00+05:30,616.0,617.5999755859375,615.0,615.5,4737,0.0,0.0,2022-03-16
1047,2022-03-16 14:15:00+05:30,615.5,617.2000122070312,614.0,615.7000122070312,19111,0.0,0.0,2022-03-16
1048,2022-03-16 15:15:00+05:30,616.8499755859375,625.5499877929688,614.0,621.2999877929688,69194,0.0,0.0,2022-03-16
1049,2022-03-17 09:15:00+05:30,624.7999877929688,624.7999877929688,618.4000244140625,619.0,0,0.0,0.0,2022-03-17
1050,2022-03-17 10:15:00+05:30,618.5,621.0,617.5499877929688,620.2999877929688,7054,0.0,0.0,2022-03-17
1051,2022-03-17 11:15:00+05:30,621.0,621.0,618.0,618.9500122070312,159881,0.0,0.0,2022-03-17
1052,2022-03-17 12:15:00+05:30,618.2000122070312,619.3499755859375,617.5999755859375,617.5999755859375,1929,0.0,0.0,2022-03-17
1053,2022-03-17 13:15:00+05:30,616.4000244140625,618.5,616.0499877929688,616.6500244140625,954,0.0,0.0,2022-03-17
1054,2022-03-17 14:15:00+05:30,616.1500244140625,618.0999755859375,615.2000122070312,618.0,4290,0.0,0.0,2022-03-17
1055,2022-03-17 15:15:00+05:30,617.0999755859375,619.0,615.0,617.2999877929688,5853,0.0,0.0,2022-03-17
1056,2022-03-21 09:15:00+05:30,624.0499877929688,626.5,620.0499877929688,624.6500244140625,0,0.0,0.0,2022-03-21
1057,2022-03-21 10:15:00+05:30,624.7000122070312,624.7000122070312,620.5,622.0999755859375,15781,0.0,0.0,2022-03-21
1058,2022-03-21 11:15:00+05:30,622.0,624.75,619.2000122070312,623.5,193206,0.0,0.0,2022-03-21
1059,2022-03-21 12:15:00+05:30,623.0,644.4500122070312,622.0499877929688,631.0,107008,0.0,0.0,2022-03-21
1060,2022-03-21 13:15:00+05:30,630.0499877929688,635.0,629.2000122070312,631.0,59917,0.0,0.0,2022-03-21
1061,2022-03-21 14:15:00+05:30,630.7999877929688,633.4000244140625,626.0,629.4500122070312,20786,0.0,0.0,2022-03-21
1062,2022-03-21 15:15:00+05:30,629.5,630.0,626.2000122070312,628.9000244140625,9805,0.0,0.0,2022-03-21
1063,2022-03-22 09:15:00+05:30,622.0,624.0,620.3499755859375,622.0999755859375,0,0.0,0.0,2022-03-22
1064,2022-03-22 10:15:00+05:30,621.2999877929688,623.0,618.5499877929688,618.7999877929688,165942,0.0,0.0,2022-03-22
1065,2022-03-22 11:15:00+05:30,618.7999877929688,619.4000244140625,615.0,617.5,20459,0.0,0.0,2022-03-22
1066,2022-03-22 12:15:00+05:30,616.5,619.25,615.25,616.75,21873,0.0,0.0,2022-03-22
1067,2022-03-22 13:15:00+05:30,616.75,621.5,616.1500244140625,618.4000244140625,13084,0.0,0.0,2022-03-22
1068,2022-03-22 14:15:00+05:30,617.9500122070312,618.9000244140625,615.0,618.0,11456,0.0,0.0,2022-03-22
1069,2022-03-22 15:15:00+05:30,618.0999755859375,621.4500122070312,617.0,617.75,5228,0.0,0.0,2022-03-22
1070,2022-03-23 09:15:00+05:30,620.7999877929688,621.7000122070312,615.5499877929688,616.1500244140625,0,0.0,0.0,2022-03-23
1071,2022-03-23 10:15:00+05:30,616.0,624.25,615.1500244140625,621.5499877929688,30142,0.0,0.0,2022-03-23
1072,2022-03-23 11:15:00+05:30,621.5,622.0,615.2000122070312,616.2000122070312,173975,0.0,0.0,2022-03-23
1073,2022-03-23 12:15:00+05:30,616.5499877929688,616.8499755859375,614.0,615.9500122070312,59374,0.0,0.0,2022-03-23
1074,2022-03-23 13:15:00+05:30,616.0,617.0,615.0,615.9500122070312,2868,0.0,0.0,2022-03-23
1075,2022-03-23 14:15:00+05:30,615.9000244140625,622.0,615.0499877929688,620.0,19197,0.0,0.0,2022-03-23
1076,2022-03-23 15:15:00+05:30,619.7999877929688,624.0,618.0,619.5499877929688,10791,0.0,0.0,2022-03-23
1077,2022-03-24 09:15:00+05:30,621.7999877929688,623.6500244140625,618.3499755859375,621.0,0,0.0,0.0,2022-03-24
1078,2022-03-24 10:15:00+05:30,620.0,621.9500122070312,619.5,621.2000122070312,2580,0.0,0.0,2022-03-24
1079,2022-03-24 11:15:00+05:30,619.0,620.2999877929688,615.0,615.7999877929688,174168,0.0,0.0,2022-03-24
1080,2022-03-24 12:15:00+05:30,616.0499877929688,616.8499755859375,615.5499877929688,616.25,1347,0.0,0.0,2022-03-24
1081,2022-03-24 13:15:00+05:30,615.9500122070312,616.4500122070312,615.0,615.0499877929688,4183,0.0,0.0,2022-03-24
1082,2022-03-24 14:15:00+05:30,615.0499877929688,616.9500122070312,615.0499877929688,616.9500122070312,2347,0.0,0.0,2022-03-24
1083,2022-03-24 15:15:00+05:30,615.6500244140625,617.0,615.0499877929688,616.2000122070312,6833,0.0,0.0,2022-03-24
1084,2022-03-25 09:15:00+05:30,621.0,623.9000244140625,618.0,619.5,0,0.0,0.0,2022-03-25
1085,2022-03-25 10:15:00+05:30,619.1500244140625,620.9500122070312,616.0,617.5499877929688,227300,0.0,0.0,2022-03-25
1086,2022-03-25 11:15:00+05:30,617.2000122070312,617.8499755859375,616.0499877929688,616.0499877929688,1544,0.0,0.0,2022-03-25
1087,2022-03-25 12:15:00+05:30,616.0999755859375,618.0,616.0,616.5,4323,0.0,0.0,2022-03-25
1088,2022-03-25 13:15:00+05:30,617.2000122070312,617.9500122070312,616.7999877929688,617.7999877929688,1811,0.0,0.0,2022-03-25
1089,2022-03-25 14:15:00+05:30,617.9500122070312,618.0,616.0,616.1500244140625,5950,0.0,0.0,2022-03-25
1090,2022-03-25 15:15:00+05:30,617.2000122070312,617.9000244140625,616.0,617.0,4933,0.0,0.0,2022-03-25
1091,2022-03-28 09:15:00+05:30,622.0,622.0,617.7000122070312,618.7999877929688,0,0.0,0.0,2022-03-28
1092,2022-03-28 10:15:00+05:30,618.3499755859375,619.25,618.0,618.5499877929688,680,0.0,0.0,2022-03-28
1093,2022-03-28 11:15:00+05:30,619.4000244140625,619.5999755859375,618.0999755859375,618.2000122070312,1280,0.0,0.0,2022-03-28
1094,2022-03-28 12:15:00+05:30,618.5999755859375,621.4000244140625,618.5,620.25,4556,0.0,0.0,2022-03-28
1095,2022-03-28 13:15:00+05:30,619.7000122070312,620.2000122070312,618.7000122070312,620.0999755859375,2220,0.0,0.0,2022-03-28
1096,2022-03-28 14:15:00+05:30,620.0,621.0,618.1500244140625,620.5999755859375,6089,0.0,0.0,2022-03-28
1097,2022-03-28 15:15:00+05:30,620.9000244140625,621.4500122070312,618.0,619.75,12758,0.0,0.0,2022-03-28
1098,2022-03-29 09:15:00+05:30,621.9500122070312,623.9500122070312,618.3499755859375,623.5,0,0.0,0.0,2022-03-29
1099,2022-03-29 10:15:00+05:30,623.5499877929688,624.7000122070312,620.7999877929688,623.7999877929688,4220,0.0,0.0,2022-03-29
1100,2022-03-29 11:15:00+05:30,624.25,624.7000122070312,620.2000122070312,623.0999755859375,10943,0.0,0.0,2022-03-29
1101,2022-03-29 12:15:00+05:30,623.1500244140625,623.75,620.1500244140625,621.9000244140625,3110,0.0,0.0,2022-03-29
1102,2022-03-29 13:15:00+05:30,620.0,621.7999877929688,616.25,618.9000244140625,4352,0.0,0.0,2022-03-29
1103,2022-03-29 14:15:00+05:30,618.9000244140625,620.2000122070312,618.25,618.7000122070312,1592,0.0,0.0,2022-03-29
1104,2022-03-29 15:15:00+05:30,619.0,621.75,616.25,617.0,4644,0.0,0.0,2022-03-29
1105,2022-03-30 09:15:00+05:30,618.0,628.9000244140625,618.0,623.75,0,0.0,0.0,2022-03-30
1106,2022-03-30 10:15:00+05:30,623.7999877929688,626.5,622.1500244140625,623.4000244140625,9561,0.0,0.0,2022-03-30
1107,2022-03-30 11:15:00+05:30,623.0,624.0,622.0,624.0,1924,0.0,0.0,2022-03-30
1108,2022-03-30 12:15:00+05:30,624.7999877929688,625.5499877929688,620.5999755859375,621.75,664,0.0,0.0,2022-03-30
1109,2022-03-30 13:15:00+05:30,621.9000244140625,621.9000244140625,618.25,619.1500244140625,1396,0.0,0.0,2022-03-30
1110,2022-03-30 14:15:00+05:30,619.1500244140625,620.2999877929688,615.0,620.2999877929688,27700,0.0,0.0,2022-03-30
1111,2022-03-30 15:15:00+05:30,618.5,619.0,612.7999877929688,617.0499877929688,21156,0.0,0.0,2022-03-30
1112,2022-03-31 09:15:00+05:30,619.3499755859375,628.0,615.25,617.0,0,0.0,0.0,2022-03-31
1113,2022-03-31 10:15:00+05:30,617.7999877929688,620.7999877929688,617.0499877929688,617.5,6689,0.0,0.0,2022-03-31
1114,2022-03-31 11:15:00+05:30,617.5999755859375,618.7000122070312,616.1500244140625,617.0,482,0.0,0.0,2022-03-31
1115,2022-03-31 12:15:00+05:30,616.6500244140625,620.2000122070312,615.5999755859375,618.7999877929688,5125,0.0,0.0,2022-03-31
1116,2022-03-31 13:15:00+05:30,618.7999877929688,618.7999877929688,615.5,617.2999877929688,2474,0.0,0.0,2022-03-31
1117,2022-03-31 14:15:00+05:30,616.9500122070312,616.9500122070312,615.25,615.3499755859375,2516,0.0,0.0,2022-03-31
1118,2022-03-31 15:15:00+05:30,616.4500122070312,617.0999755859375,615.0,615.2000122070312,7121,0.0,0.0,2022-03-31
1119,2022-04-01 09:15:00+05:30,616.0,623.9000244140625,615.2000122070312,619.75,0,0.0,0.0,2022-04-01
1120,2022-04-01 10:15:00+05:30,619.8499755859375,622.0,616.0499877929688,621.2999877929688,9242,0.0,0.0,2022-04-01
1121,2022-04-01 11:15:00+05:30,620.7000122070312,621.0,616.5499877929688,617.7999877929688,1987,0.0,0.0,2022-04-01
1122,2022-04-01 12:15:00+05:30,616.8499755859375,621.4000244140625,616.0499877929688,617.7000122070312,6855,0.0,0.0,2022-04-01
1123,2022-04-01 13:15:00+05:30,617.7999877929688,618.8499755859375,616.8499755859375,617.0,2032,0.0,0.0,2022-04-01
1124,2022-04-01 14:15:00+05:30,617.0,619.8499755859375,614.2999877929688,614.3499755859375,4637,0.0,0.0,2022-04-01
1125,2022-04-01 15:15:00+05:30,614.3499755859375,615.4500122070312,614.2999877929688,614.9500122070312,3983,0.0,0.0,2022-04-01
1126,2022-04-04 09:15:00+05:30,617.9500122070312,623.8499755859375,614.7000122070312,618.5999755859375,0,0.0,0.0,2022-04-04
1127,2022-04-04 10:15:00+05:30,618.7999877929688,621.0,616.0999755859375,618.0,15670,0.0,0.0,2022-04-04
1128,2022-04-04 11:15:00+05:30,617.9000244140625,619.9000244140625,617.0,618.5,7616,0.0,0.0,2022-04-04
1129,2022-04-04 12:15:00+05:30,618.5,619.5999755859375,617.5499877929688,618.4500122070312,3879,0.0,0.0,2022-04-04
1130,2022-04-04 13:15:00+05:30,617.5999755859375,619.5,617.5999755859375,618.0499877929688,4251,0.0,0.0,2022-04-04
1131,2022-04-04 14:15:00+05:30,618.0499877929688,618.6500244140625,616.2999877929688,617.0999755859375,3555,0.0,0.0,2022-04-04
1132,2022-04-04 15:15:00+05:30,617.0999755859375,619.9000244140625,613.1500244140625,615.9000244140625,13669,0.0,0.0,2022-04-04
1133,2022-04-05 09:15:00+05:30,615.8499755859375,621.0,615.0999755859375,616.5,0,0.0,0.0,2022-04-05
1134,2022-04-05 10:15:00+05:30,617.2000122070312,618.7000122070312,615.1500244140625,615.1500244140625,2950,0.0,0.0,2022-04-05
1135,2022-04-05 11:15:00+05:30,616.2000122070312,617.8499755859375,615.4500122070312,616.0,1483,0.0,0.0,2022-04-05
1136,2022-04-05 12:15:00+05:30,616.0,619.3499755859375,614.25,618.3499755859375,3640,0.0,0.0,2022-04-05
1137,2022-04-05 13:15:00+05:30,618.25,618.5999755859375,614.25,614.25,3678,0.0,0.0,2022-04-05
1138,2022-04-05 14:15:00+05:30,614.5499877929688,616.2000122070312,614.0,614.0499877929688,4782,0.0,0.0,2022-04-05
1139,2022-04-05 15:15:00+05:30,614.8499755859375,615.0,614.0,614.0999755859375,6185,0.0,0.0,2022-04-05
1140,2022-04-06 09:15:00+05:30,617.0,619.8499755859375,612.0999755859375,613.5,0,0.0,0.0,2022-04-06
1141,2022-04-06 10:15:00+05:30,614.25,615.9000244140625,613.0,614.6500244140625,3931,0.0,0.0,2022-04-06
1142,2022-04-06 11:15:00+05:30,614.3499755859375,615.3499755859375,613.5,614.7999877929688,488,0.0,0.0,2022-04-06
1143,2022-04-06 12:15:00+05:30,614.2999877929688,614.7999877929688,613.0,613.9500122070312,6522,0.0,0.0,2022-04-06
1144,2022-04-06 13:15:00+05:30,613.9500122070312,615.75,613.0999755859375,614.5499877929688,1153,0.0,0.0,2022-04-06
1145,2022-04-06 14:15:00+05:30,614.4500122070312,619.7999877929688,613.5,614.9500122070312,6927,0.0,0.0,2022-04-06
1146,2022-04-06 15:15:00+05:30,615.4000244140625,618.9500122070312,612.9500122070312,616.25,4064,0.0,0.0,2022-04-06
1147,2022-04-07 09:15:00+05:30,619.3499755859375,623.0,614.9000244140625,617.4500122070312,0,0.0,0.0,2022-04-07
1148,2022-04-07 10:15:00+05:30,617.2999877929688,617.9500122070312,615.2999877929688,615.6500244140625,859,0.0,0.0,2022-04-07
1149,2022-04-07 11:15:00+05:30,616.9000244140625,620.4500122070312,615.6500244140625,620.2999877929688,4727,0.0,0.0,2022-04-07
1150,2022-04-07 12:15:00+05:30,620.75,621.75,617.0999755859375,620.4000244140625,5322,0.0,0.0,2022-04-07
1151,2022-04-07 13:15:00+05:30,619.8499755859375,621.8499755859375,616.4000244140625,618.0,3373,0.0,0.0,2022-04-07
1152,2022-04-07 14:15:00+05:30,618.5999755859375,624.0,617.25,623.75,13351,0.0,0.0,2022-04-07
1153,2022-04-07 15:15:00+05:30,623.75,624.0,622.0,623.75,4501,0.0,0.0,2022-04-07
1154,2022-04-08 09:15:00+05:30,623.0,629.4500122070312,617.9000244140625,621.8499755859375,0,0.0,0.0,2022-04-08
1155,2022-04-08 10:15:00+05:30,622.3499755859375,623.2000122070312,619.0499877929688,622.8499755859375,7767,0.0,0.0,2022-04-08
1156,2022-04-08 11:15:00+05:30,622.5,623.2000122070312,617.1500244140625,620.0,7000,0.0,0.0,2022-04-08
1157,2022-04-08 12:15:00+05:30,620.5,621.4500122070312,618.0,620.1500244140625,5038,0.0,0.0,2022-04-08
1158,2022-04-08 13:15:00+05:30,619.5,623.2000122070312,619.5,622.8499755859375,1372,0.0,0.0,2022-04-08
1159,2022-04-08 14:15:00+05:30,622.8499755859375,624.0,622.3499755859375,623.0,2838,0.0,0.0,2022-04-08
1160,2022-04-08 15:15:00+05:30,623.0,624.0,617.7000122070312,622.7999877929688,3876,0.0,0.0,2022-04-08
1161,2022-04-11 09:15:00+05:30,622.7000122070312,627.4000244140625,618.4000244140625,620.9000244140625,0,0.0,0.0,2022-04-11
1162,2022-04-11 10:15:00+05:30,620.9500122070312,622.0,619.0,620.9000244140625,6915,0.0,0.0,2022-04-11
1163,2022-04-11 11:15:00+05:30,620.5,621.0,617.4000244140625,619.5499877929688,3051,0.0,0.0,2022-04-11
1164,2022-04-11 12:15:00+05:30,620.2000122070312,621.0,620.2000122070312,620.7999877929688,985,0.0,0.0,2022-04-11
1165,2022-04-11 13:15:00+05:30,620.5,621.0,618.5,620.3499755859375,648,0.0,0.0,2022-04-11
1166,2022-04-11 14:15:00+05:30,621.0,640.5,618.0499877929688,638.0,13469,0.0,0.0,2022-04-11
1167,2022-04-11 15:15:00+05:30,638.0,703.7999877929688,638.0,664.5999755859375,71756,0.0,0.0,2022-04-11
1168,2022-04-12 09:15:00+05:30,671.7000122070312,675.2000122070312,646.2000122070312,653.3499755859375,0,0.0,0.0,2022-04-12
1169,2022-04-12 10:15:00+05:30,653.4000244140625,656.5,650.6500244140625,654.1500244140625,11845,0.0,0.0,2022-04-12
1170,2022-04-12 11:15:00+05:30,655.4000244140625,660.3499755859375,650.5999755859375,658.0,6744,0.0,0.0,2022-04-12
1171,2022-04-12 12:15:00+05:30,657.0,658.4500122070312,646.25,648.5,12935,0.0,0.0,2022-04-12
1172,2022-04-12 13:15:00+05:30,648.6500244140625,652.9000244140625,646.0499877929688,651.7999877929688,5252,0.0,0.0,2022-04-12
1173,2022-04-12 14:15:00+05:30,652.9500122070312,653.7999877929688,645.5,646.5,4217,0.0,0.0,2022-04-12
1174,2022-04-12 15:15:00+05:30,646.5499877929688,646.5499877929688,637.2000122070312,642.5499877929688,9099,0.0,0.0,2022-04-12
1175,2022-04-13 09:15:00+05:30,645.0,652.0,641.3499755859375,649.8499755859375,0,0.0,0.0,2022-04-13
1176,2022-04-13 10:15:00+05:30,650.75,658.0,648.6500244140625,655.5999755859375,6016,0.0,0.0,2022-04-13
1177,2022-04-13 11:15:00+05:30,655.4000244140625,661.0,653.6500244140625,656.4000244140625,13457,0.0,0.0,2022-04-13
1178,2022-04-13 12:15:00+05:30,656.4000244140625,659.9000244140625,654.7999877929688,659.3499755859375,2338,0.0,0.0,2022-04-13
1179,2022-04-13 13:15:00+05:30,659.9000244140625,660.5999755859375,657.5,658.5499877929688,1369,0.0,0.0,2022-04-13
1180,2022-04-13 14:15:00+05:30,658.7999877929688,660.0,624.0,626.0499877929688,17399,0.0,0.0,2022-04-13
1181,2022-04-13 15:15:00+05:30,626.0,628.3499755859375,623.4000244140625,628.3499755859375,7071,0.0,0.0,2022-04-13
1182,2022-04-18 09:15:00+05:30,643.0,681.4000244140625,642.0,648.2999877929688,73717,0.0,0.0,2022-04-18
1183,2022-04-18 10:15:00+05:30,648.2999877929688,650.0,644.0,647.25,9013,0.0,0.0,2022-04-18
1184,2022-04-18 11:15:00+05:30,647.2000122070312,662.75,637.5,660.5,75913,0.0,0.0,2022-04-18
1185,2022-04-18 12:15:00+05:30,660.0,706.3499755859375,660.0,703.9000244140625,356774,0.0,0.0,2022-04-18
1186,2022-04-18 13:15:00+05:30,703.0,742.7999877929688,695.5999755859375,726.0,556196,0.0,0.0,2022-04-18
1187,2022-04-18 14:15:00+05:30,726.0,740.0,722.1500244140625,738.8499755859375,398804,0.0,0.0,2022-04-18
1188,2022-04-18 15:15:00+05:30,738.7999877929688,749.0,725.0499877929688,737.5999755859375,186749,0.0,0.0,2022-04-18
1189,2022-04-19 09:15:00+05:30,727.0499877929688,792.0,713.0,779.0,0,0.0,0.0,2022-04-19
1190,2022-04-19 10:15:00+05:30,778.2999877929688,799.8499755859375,762.3499755859375,762.3499755859375,575922,0.0,0.0,2022-04-19
1191,2022-04-19 11:15:00+05:30,764.9500122070312,765.25,726.0,727.75,352523,0.0,0.0,2022-04-19
1192,2022-04-19 12:15:00+05:30,727.75,740.0,708.4000244140625,732.5999755859375,333122,0.0,0.0,2022-04-19
1193,2022-04-19 13:15:00+05:30,732.0499877929688,749.8499755859375,732.0499877929688,737.9500122070312,163160,0.0,0.0,2022-04-19
1194,2022-04-19 14:15:00+05:30,736.8499755859375,741.7999877929688,718.75,719.25,109234,0.0,0.0,2022-04-19
1195,2022-04-19 15:15:00+05:30,719.25,734.9000244140625,719.2000122070312,726.0,54796,0.0,0.0,2022-04-19
1196,2022-04-20 09:15:00+05:30,738.9500122070312,763.9000244140625,737.5,753.3499755859375,0,0.0,0.0,2022-04-20
1197,2022-04-20 10:15:00+05:30,753.3499755859375,759.5999755859375,747.1500244140625,759.0,55778,0.0,0.0,2022-04-20
1198,2022-04-20 11:15:00+05:30,758.25,793.0,757.5999755859375,774.4500122070312,394163,0.0,0.0,2022-04-20
1199,2022-04-20 12:15:00+05:30,775.7999877929688,780.8499755859375,769.25,774.4000244140625,57352,0.0,0.0,2022-04-20
1200,2022-04-20 13:15:00+05:30,775.0,775.0,759.25,769.0,98408,0.0,0.0,2022-04-20
1201,2022-04-20 14:15:00+05:30,768.3499755859375,805.0,765.2000122070312,785.75,390275,0.0,0.0,2022-04-20
1202,2022-04-20 15:15:00+05:30,785.7999877929688,804.0,778.0999755859375,780.0,91202,0.0,0.0,2022-04-20
1203,2022-04-21 09:15:00+05:30,774.9500122070312,778.75,756.3499755859375,758.2999877929688,0,0.0,0.0,2022-04-21
1204,2022-04-21 10:15:00+05:30,758.0,764.9500122070312,751.75,762.7000122070312,46555,0.0,0.0,2022-04-21
1205,2022-04-21 11:15:00+05:30,763.0,769.8499755859375,756.0499877929688,758.0,55094,0.0,0.0,2022-04-21
1206,2022-04-21 12:15:00+05:30,758.5,761.2000122070312,756.2000122070312,759.5,8167,0.0,0.0,2022-04-21
1207,2022-04-21 13:15:00+05:30,760.0,773.9000244140625,757.0,759.7000122070312,216447,0.0,0.0,2022-04-21
1208,2022-04-21 14:15:00+05:30,760.0,766.5999755859375,745.0,754.4500122070312,230943,0.0,0.0,2022-04-21
1209,2022-04-21 15:15:00+05:30,754.4000244140625,758.0,753.0,753.3499755859375,40417,0.0,0.0,2022-04-21
1210,2022-04-22 09:15:00+05:30,747.0,770.4500122070312,745.0999755859375,749.5,0,0.0,0.0,2022-04-22
1211,2022-04-22 10:15:00+05:30,749.9000244140625,750.3499755859375,741.3499755859375,746.9000244140625,30215,0.0,0.0,2022-04-22
1212,2022-04-22 11:15:00+05:30,746.9000244140625,758.75,741.3499755859375,742.5999755859375,39977,0.0,0.0,2022-04-22
1213,2022-04-22 12:15:00+05:30,742.75,744.9000244140625,737.0999755859375,740.0,15654,0.0,0.0,2022-04-22
1214,2022-04-22 13:15:00+05:30,741.0499877929688,743.4500122070312,735.0,741.4500122070312,85595,0.0,0.0,2022-04-22
1215,2022-04-22 14:15:00+05:30,741.0,741.5,731.1500244140625,735.8499755859375,27513,0.0,0.0,2022-04-22
1216,2022-04-22 15:15:00+05:30,735.8499755859375,736.4500122070312,725.7999877929688,732.4500122070312,15851,0.0,0.0,2022-04-22
1217,2022-04-25 09:15:00+05:30,738.4500122070312,759.7999877929688,735.0,739.0,20000,0.0,0.0,2022-04-25
1218,2022-04-25 10:15:00+05:30,739.7000122070312,749.6500244140625,720.0999755859375,729.0999755859375,205924,0.0,0.0,2022-04-25
1219,2022-04-25 11:15:00+05:30,730.5999755859375,734.0,724.0,725.0,129471,0.0,0.0,2022-04-25
1220,2022-04-25 12:15:00+05:30,725.0,729.3499755859375,724.0,728.6500244140625,14511,0.0,0.0,2022-04-25
1221,2022-04-25 13:15:00+05:30,727.5999755859375,733.75,723.8499755859375,725.9000244140625,29330,0.0,0.0,2022-04-25
1222,2022-04-25 14:15:00+05:30,726.2000122070312,734.0,716.2999877929688,727.0499877929688,90776,0.0,0.0,2022-04-25
1223,2022-04-25 15:15:00+05:30,728.0,729.1500244140625,713.0,722.0,46440,0.0,0.0,2022-04-25
1224,2022-04-26 09:15:00+05:30,747.9500122070312,747.9500122070312,716.8499755859375,722.5999755859375,0,0.0,0.0,2022-04-26
1225,2022-04-26 10:15:00+05:30,722.75,729.4500122070312,720.0,729.4500122070312,45925,0.0,0.0,2022-04-26
1226,2022-04-26 11:15:00+05:30,731.0,732.0,721.75,721.75,17714,0.0,0.0,2022-04-26
1227,2022-04-26 12:15:00+05:30,722.9500122070312,724.7000122070312,720.0,723.2999877929688,9655,0.0,0.0,2022-04-26
1228,2022-04-26 13:15:00+05:30,722.0,730.75,722.0,730.75,7691,0.0,0.0,2022-04-26
1229,2022-04-26 14:15:00+05:30,729.7999877929688,765.0,728.7000122070312,755.0,153501,0.0,0.0,2022-04-26
1230,2022-04-26 15:15:00+05:30,754.9500122070312,765.0,753.1500244140625,758.5999755859375,35099,0.0,0.0,2022-04-26
1231,2022-04-27 09:15:00+05:30,743.9500122070312,758.0,737.0499877929688,756.5999755859375,0,0.0,0.0,2022-04-27
1232,2022-04-27 10:15:00+05:30,755.0999755859375,762.4500122070312,749.2999877929688,749.2999877929688,18378,0.0,0.0,2022-04-27
1233,2022-04-27 11:15:00+05:30,749.2999877929688,750.9500122070312,743.2000122070312,745.0,9551,0.0,0.0,2022-04-27
1234,2022-04-27 12:15:00+05:30,745.0,754.5,743.5,746.1500244140625,8792,0.0,0.0,2022-04-27
1235,2022-04-27 13:15:00+05:30,746.1500244140625,755.9000244140625,746.1500244140625,755.2000122070312,7788,0.0,0.0,2022-04-27
1236,2022-04-27 14:15:00+05:30,755.0,756.9500122070312,745.0499877929688,747.0,16552,0.0,0.0,2022-04-27
1237,2022-04-27 15:15:00+05:30,748.8499755859375,754.9500122070312,741.25,742.0,9296,0.0,0.0,2022-04-27
1238,2022-04-28 09:15:00+05:30,750.7000122070312,759.4500122070312,744.9500122070312,747.1500244140625,0,0.0,0.0,2022-04-28
1239,2022-04-28 10:15:00+05:30,748.5499877929688,749.6500244140625,740.0999755859375,741.2000122070312,7427,0.0,0.0,2022-04-28
1240,2022-04-28 11:15:00+05:30,740.9500122070312,748.0,735.0,746.9000244140625,11698,0.0,0.0,2022-04-28
1241,2022-04-28 12:15:00+05:30,745.0,746.6500244140625,742.4500122070312,742.4500122070312,2607,0.0,0.0,2022-04-28
1242,2022-04-28 13:15:00+05:30,741.25,746.0,738.1500244140625,743.0,4652,0.0,0.0,2022-04-28
1243,2022-04-28 14:15:00+05:30,743.0,745.0,736.9000244140625,738.5499877929688,6782,0.0,0.0,2022-04-28
1244,2022-04-28 15:15:00+05:30,736.9000244140625,738.9000244140625,731.3499755859375,737.4000244140625,6745,0.0,0.0,2022-04-28
1245,2022-04-29 09:15:00+05:30,742.7999877929688,742.7999877929688,731.25,737.0,0,0.0,0.0,2022-04-29
1246,2022-04-29 10:15:00+05:30,736.9500122070312,742.0,735.5999755859375,738.0,7207,0.0,0.0,2022-04-29
1247,2022-04-29 11:15:00+05:30,735.7000122070312,737.0499877929688,731.0,732.0999755859375,5052,0.0,0.0,2022-04-29
1248,2022-04-29 12:15:00+05:30,732.2000122070312,732.2000122070312,725.6500244140625,728.0499877929688,7659,0.0,0.0,2022-04-29
1249,2022-04-29 13:15:00+05:30,727.75,729.8499755859375,722.0999755859375,724.0499877929688,5626,0.0,0.0,2022-04-29
1250,2022-04-29 14:15:00+05:30,723.4500122070312,725.5,705.5499877929688,706.4500122070312,11651,0.0,0.0,2022-04-29
1251,2022-04-29 15:15:00+05:30,708.1500244140625,713.8499755859375,701.6500244140625,702.1500244140625,9846,0.0,0.0,2022-04-29
1252,2022-05-02 09:15:00+05:30,700.0,713.9000244140625,696.0999755859375,703.8499755859375,0,0.0,0.0,2022-05-02
1253,2022-05-02 10:15:00+05:30,705.0499877929688,709.7999877929688,700.0,701.75,19124,0.0,0.0,2022-05-02
1254,2022-05-02 11:15:00+05:30,701.0,703.25,690.5499877929688,702.4500122070312,10711,0.0,0.0,2022-05-02
1255,2022-05-02 12:15:00+05:30,702.25,703.7999877929688,699.0,699.9500122070312,3754,0.0,0.0,2022-05-02
1256,2022-05-02 13:15:00+05:30,699.0499877929688,703.0499877929688,699.0,699.5999755859375,3392,0.0,0.0,2022-05-02
1257,2022-05-02 14:15:00+05:30,700.2000122070312,774.0,700.0999755859375,755.2999877929688,151319,0.0,0.0,2022-05-02
1258,2022-05-02 15:15:00+05:30,756.0,759.7000122070312,725.25,729.0,33075,0.0,0.0,2022-05-02
1259,2022-05-04 09:15:00+05:30,748.75,753.4500122070312,737.1500244140625,752.7000122070312,0,0.0,0.0,2022-05-04
1260,2022-05-04 10:15:00+05:30,751.8499755859375,751.9000244140625,736.0,736.9000244140625,12925,0.0,0.0,2022-05-04
1261,2022-05-04 11:15:00+05:30,736.0999755859375,750.0,736.0,746.0,9506,0.0,0.0,2022-05-04
1262,2022-05-04 12:15:00+05:30,745.25,748.2000122070312,737.1500244140625,746.7000122070312,6985,0.0,0.0,2022-05-04
1263,2022-05-04 13:15:00+05:30,745.4000244140625,750.0,727.1500244140625,733.0,11766,0.0,0.0,2022-05-04
1264,2022-05-04 14:15:00+05:30,733.0,740.0,730.0,739.2999877929688,12046,0.0,0.0,2022-05-04
1265,2022-05-04 15:15:00+05:30,738.75,740.25,730.0499877929688,738.3499755859375,8720,0.0,0.0,2022-05-04
1266,2022-05-05 09:15:00+05:30,746.9500122070312,760.0,733.6500244140625,744.8499755859375,0,0.0,0.0,2022-05-05
1267,2022-05-05 10:15:00+05:30,745.0,749.8499755859375,741.8499755859375,748.1500244140625,6309,0.0,0.0,2022-05-05
1268,2022-05-05 11:15:00+05:30,748.0,749.0,742.75,746.0,2671,0.0,0.0,2022-05-05
1269,2022-05-05 12:15:00+05:30,744.2000122070312,749.0,743.0,743.0999755859375,2196,0.0,0.0,2022-05-05
1270,2022-05-05 13:15:00+05:30,742.0999755859375,746.5,742.0,743.8499755859375,2219,0.0,0.0,2022-05-05
1271,2022-05-05 14:15:00+05:30,745.4000244140625,745.9500122070312,733.6500244140625,738.4000244140625,5555,0.0,0.0,2022-05-05
1272,2022-05-05 15:15:00+05:30,740.5,745.9000244140625,737.7999877929688,738.0,3928,0.0,0.0,2022-05-05
1273,2022-05-06 09:15:00+05:30,732.8499755859375,734.9500122070312,715.0,722.75,0,0.0,0.0,2022-05-06
1274,2022-05-06 10:15:00+05:30,722.7999877929688,729.8499755859375,718.3499755859375,718.3499755859375,11479,0.0,0.0,2022-05-06
1275,2022-05-06 11:15:00+05:30,718.5999755859375,726.0499877929688,715.0,718.9500122070312,3750,0.0,0.0,2022-05-06
1276,2022-05-06 12:15:00+05:30,719.5499877929688,724.0,716.5499877929688,716.8499755859375,2747,0.0,0.0,2022-05-06
1277,2022-05-06 13:15:00+05:30,717.75,724.0,716.4500122070312,721.7999877929688,1942,0.0,0.0,2022-05-06
1278,2022-05-06 14:15:00+05:30,721.5999755859375,722.6500244140625,714.6500244140625,720.0,5023,0.0,0.0,2022-05-06
1279,2022-05-06 15:15:00+05:30,720.4000244140625,724.0,718.0499877929688,719.6500244140625,3931,0.0,0.0,2022-05-06
1280,2022-05-09 09:15:00+05:30,717.8499755859375,719.9500122070312,687.5999755859375,698.0499877929688,0,0.0,0.0,2022-05-09
1281,2022-05-09 10:15:00+05:30,697.1500244140625,700.0,695.0499877929688,695.9000244140625,7085,0.0,0.0,2022-05-09
1282,2022-05-09 11:15:00+05:30,697.0499877929688,698.7000122070312,693.0999755859375,697.25,3008,0.0,0.0,2022-05-09
1283,2022-05-09 12:15:00+05:30,698.0999755859375,699.75,694.5,697.25,5162,0.0,0.0,2022-05-09
1284,2022-05-09 13:15:00+05:30,697.9000244140625,697.9000244140625,687.7000122070312,689.9500122070312,4667,0.0,0.0,2022-05-09
1285,2022-05-09 14:15:00+05:30,690.0,698.75,687.75,696.7000122070312,3855,0.0,0.0,2022-05-09
1286,2022-05-09 15:15:00+05:30,696.1500244140625,696.75,680.3499755859375,687.75,9437,0.0,0.0,2022-05-09
1287,2022-05-10 09:15:00+05:30,675.0,728.8499755859375,675.0,709.8499755859375,25435,0.0,0.0,2022-05-10
1288,2022-05-10 10:15:00+05:30,709.4500122070312,710.0,690.0999755859375,693.0,22347,0.0,0.0,2022-05-10
1289,2022-05-10 11:15:00+05:30,693.7000122070312,698.0,689.4000244140625,698.0,9145,0.0,0.0,2022-05-10
1290,2022-05-10 12:15:00+05:30,698.0,699.0,693.5,694.9000244140625,6250,0.0,0.0,2022-05-10
1291,2022-05-10 13:15:00+05:30,694.9000244140625,695.0,680.25,689.0999755859375,14193,0.0,0.0,2022-05-10
1292,2022-05-10 14:15:00+05:30,688.25,689.9000244140625,665.5999755859375,667.2999877929688,23420,0.0,0.0,2022-05-10
1293,2022-05-10 15:15:00+05:30,666.0,667.2999877929688,650.5,661.5,11954,0.0,0.0,2022-05-10
1294,2022-05-11 09:15:00+05:30,651.4500122070312,665.9000244140625,636.25,638.6500244140625,0,0.0,0.0,2022-05-11
1295,2022-05-11 10:15:00+05:30,640.5499877929688,644.7999877929688,625.0,627.0999755859375,13772,0.0,0.0,2022-05-11
1296,2022-05-11 11:15:00+05:30,628.5,643.1500244140625,627.2999877929688,639.7000122070312,64450,0.0,0.0,2022-05-11
1297,2022-05-11 12:15:00+05:30,640.5499877929688,642.0,631.25,633.2000122070312,5379,0.0,0.0,2022-05-11
1298,2022-05-11 13:15:00+05:30,633.7999877929688,659.5,631.5499877929688,645.4000244140625,9541,0.0,0.0,2022-05-11
1299,2022-05-11 14:15:00+05:30,646.2000122070312,659.75,643.3499755859375,656.5,8638,0.0,0.0,2022-05-11
1300,2022-05-11 15:15:00+05:30,653.1500244140625,655.9500122070312,649.0,650.0,5003,0.0,0.0,2022-05-11
1301,2022-05-12 09:15:00+05:30,637.5499877929688,656.1500244140625,636.75,643.0,0,0.0,0.0,2022-05-12
1302,2022-05-12 10:15:00+05:30,643.0,657.0,641.0,646.2999877929688,12507,0.0,0.0,2022-05-12
1303,2022-05-12 11:15:00+05:30,645.2999877929688,669.0,640.4000244140625,651.25,22332,0.0,0.0,2022-05-12
1304,2022-05-12 12:15:00+05:30,651.8499755859375,651.8499755859375,640.9500122070312,643.9000244140625,3127,0.0,0.0,2022-05-12
1305,2022-05-12 13:15:00+05:30,645.0499877929688,649.75,637.0499877929688,638.5999755859375,3560,0.0,0.0,2022-05-12
1306,2022-05-12 14:15:00+05:30,638.5499877929688,646.0,634.6500244140625,636.5499877929688,8750,0.0,0.0,2022-05-12
1307,2022-05-12 15:15:00+05:30,635.1500244140625,644.3499755859375,635.0,637.5999755859375,5412,0.0,0.0,2022-05-12
1308,2022-05-13 09:15:00+05:30,643.8499755859375,653.7999877929688,641.2999877929688,647.8499755859375,0,0.0,0.0,2022-05-13
1309,2022-05-13 10:15:00+05:30,648.2999877929688,660.5,646.3499755859375,656.5499877929688,3329,0.0,0.0,2022-05-13
1310,2022-05-13 11:15:00+05:30,657.6500244140625,663.0499877929688,656.7000122070312,660.9500122070312,1839,0.0,0.0,2022-05-13
1311,2022-05-13 12:15:00+05:30,660.0999755859375,667.0,647.0,656.7000122070312,6719,0.0,0.0,2022-05-13
1312,2022-05-13 13:15:00+05:30,658.1500244140625,660.9500122070312,647.0,647.6500244140625,4651,0.0,0.0,2022-05-13
1313,2022-05-13 14:15:00+05:30,647.6500244140625,649.75,628.5,628.5999755859375,10399,0.0,0.0,2022-05-13
1314,2022-05-13 15:15:00+05:30,630.4000244140625,645.9000244140625,625.2000122070312,636.7000122070312,5762,0.0,0.0,2022-05-13
1315,2022-05-16 09:15:00+05:30,618.7000122070312,627.9000244140625,540.5999755859375,611.5499877929688,240309,0.0,0.0,2022-05-16
1316,2022-05-16 10:15:00+05:30,611.5499877929688,624.5,604.25,618.5499877929688,43853,0.0,0.0,2022-05-16
1317,2022-05-16 11:15:00+05:30,619.6500244140625,620.2999877929688,607.9500122070312,610.0,28241,0.0,0.0,2022-05-16
1318,2022-05-16 12:15:00+05:30,610.3499755859375,623.0,606.1500244140625,620.2999877929688,19678,0.0,0.0,2022-05-16
1319,2022-05-16 13:15:00+05:30,619.0,627.8499755859375,613.3499755859375,627.0,15323,0.0,0.0,2022-05-16
1320,2022-05-16 14:15:00+05:30,626.0499877929688,629.8499755859375,620.0999755859375,623.1500244140625,18964,0.0,0.0,2022-05-16
1321,2022-05-16 15:15:00+05:30,623.4000244140625,665.9500122070312,621.7999877929688,630.9000244140625,16024,0.0,0.0,2022-05-16
1322,2022-05-17 09:15:00+05:30,634.0499877929688,637.5,622.2000122070312,623.3499755859375,0,0.0,0.0,2022-05-17
1323,2022-05-17 10:15:00+05:30,623.4500122070312,633.9000244140625,623.1500244140625,626.4500122070312,10327,0.0,0.0,2022-05-17
1324,2022-05-17 11:15:00+05:30,628.5,629.6500244140625,622.0499877929688,622.0499877929688,4839,0.0,0.0,2022-05-17
1325,2022-05-17 12:15:00+05:30,623.9000244140625,629.0,621.5999755859375,624.5999755859375,3818,0.0,0.0,2022-05-17
1326,2022-05-17 13:15:00+05:30,624.5999755859375,629.5,623.0,629.5,4553,0.0,0.0,2022-05-17
1327,2022-05-17 14:15:00+05:30,629.5,633.0499877929688,625.0,625.9500122070312,8546,0.0,0.0,2022-05-17
1328,2022-05-17 15:15:00+05:30,625.9500122070312,629.0,625.0,627.9000244140625,5588,0.0,0.0,2022-05-17
1329,2022-05-18 09:15:00+05:30,638.9500122070312,639.9500122070312,630.0,632.3499755859375,0,0.0,0.0,2022-05-18
1330,2022-05-18 10:15:00+05:30,633.0499877929688,635.75,630.5,632.2000122070312,2363,0.0,0.0,2022-05-18
1331,2022-05-18 11:15:00+05:30,634.4500122070312,634.4500122070312,631.2000122070312,631.5999755859375,1716,0.0,0.0,2022-05-18
1332,2022-05-18 12:15:00+05:30,631.6500244140625,631.6500244140625,625.0,625.0999755859375,3604,0.0,0.0,2022-05-18
1333,2022-05-18 13:15:00+05:30,626.7000122070312,629.1500244140625,625.1500244140625,629.1500244140625,1268,0.0,0.0,2022-05-18
1334,2022-05-18 14:15:00+05:30,629.2000122070312,631.9500122070312,625.0,625.0999755859375,3141,0.0,0.0,2022-05-18
1335,2022-05-18 15:15:00+05:30,625.0,626.75,625.0,625.5499877929688,2870,0.0,0.0,2022-05-18
1336,2022-05-19 09:15:00+05:30,615.0,623.2000122070312,615.0,618.0499877929688,0,0.0,0.0,2022-05-19
1337,2022-05-19 10:15:00+05:30,618.0499877929688,619.4000244140625,615.0499877929688,615.5499877929688,2610,0.0,0.0,2022-05-19
1338,2022-05-19 11:15:00+05:30,615.8499755859375,617.5499877929688,615.0,615.1500244140625,1398,0.0,0.0,2022-05-19
1339,2022-05-19 12:15:00+05:30,615.25,618.7999877929688,615.0499877929688,617.2999877929688,1216,0.0,0.0,2022-05-19
1340,2022-05-19 13:15:00+05:30,616.7999877929688,619.9000244140625,616.0499877929688,616.0499877929688,2050,0.0,0.0,2022-05-19
1341,2022-05-19 14:15:00+05:30,616.5,619.8499755859375,615.0,615.0,3331,0.0,0.0,2022-05-19
1342,2022-05-19 15:15:00+05:30,615.0,622.9500122070312,615.0,616.7999877929688,4792,0.0,0.0,2022-05-19
1343,2022-05-20 09:15:00+05:30,622.9500122070312,636.7999877929688,622.9500122070312,631.4000244140625,0,0.0,0.0,2022-05-20
1344,2022-05-20 10:15:00+05:30,630.4500122070312,643.9000244140625,630.4500122070312,638.4500122070312,8953,0.0,0.0,2022-05-20
1345,2022-05-20 11:15:00+05:30,639.6500244140625,641.9500122070312,635.0,638.0,3685,0.0,0.0,2022-05-20
1346,2022-05-20 12:15:00+05:30,636.3499755859375,647.7000122070312,635.5,645.2999877929688,5659,0.0,0.0,2022-05-20
1347,2022-05-20 13:15:00+05:30,644.0999755859375,650.0,637.0499877929688,639.75,9755,0.0,0.0,2022-05-20
1348,2022-05-20 14:15:00+05:30,641.0,641.0,631.4500122070312,634.2000122070312,71717,0.0,0.0,2022-05-20
1349,2022-05-20 15:15:00+05:30,632.9500122070312,636.4500122070312,630.0,633.6500244140625,5980,0.0,0.0,2022-05-20
1350,2022-05-23 09:15:00+05:30,624.0,649.75,620.0,647.4500122070312,0,0.0,0.0,2022-05-23
1351,2022-05-23 10:15:00+05:30,647.8499755859375,664.9000244140625,646.9000244140625,661.2999877929688,16252,0.0,0.0,2022-05-23
1352,2022-05-23 11:15:00+05:30,661.2999877929688,678.0499877929688,650.1500244140625,653.4000244140625,63434,0.0,0.0,2022-05-23
1353,2022-05-23 12:15:00+05:30,655.75,668.5,654.5499877929688,665.2999877929688,19340,0.0,0.0,2022-05-23
1354,2022-05-23 13:15:00+05:30,664.25,671.0,656.0,658.5499877929688,14567,0.0,0.0,2022-05-23
1355,2022-05-23 14:15:00+05:30,658.3499755859375,672.0,652.7000122070312,654.0499877929688,24102,0.0,0.0,2022-05-23
1356,2022-05-23 15:15:00+05:30,655.7000122070312,659.75,647.0,655.0,10688,0.0,0.0,2022-05-23
1357,2022-05-24 09:15:00+05:30,659.5499877929688,668.2000122070312,633.8499755859375,639.2999877929688,0,0.0,0.0,2022-05-24
1358,2022-05-24 10:15:00+05:30,639.2999877929688,644.0,636.2000122070312,640.3499755859375,2645,0.0,0.0,2022-05-24
1359,2022-05-24 11:15:00+05:30,640.3499755859375,640.9500122070312,638.5999755859375,640.9500122070312,1121,0.0,0.0,2022-05-24
1360,2022-05-24 12:15:00+05:30,640.9500122070312,642.7000122070312,639.0,641.9000244140625,863,0.0,0.0,2022-05-24
1361,2022-05-24 13:15:00+05:30,640.8499755859375,640.9000244140625,631.7000122070312,635.1500244140625,4483,0.0,0.0,2022-05-24
1362,2022-05-24 14:15:00+05:30,635.0499877929688,636.0999755859375,623.5499877929688,626.3499755859375,7548,0.0,0.0,2022-05-24
1363,2022-05-24 15:15:00+05:30,626.0999755859375,630.9000244140625,618.0,626.25,6212,0.0,0.0,2022-05-24
1364,2022-05-25 09:15:00+05:30,623.9000244140625,628.0999755859375,611.8499755859375,613.2999877929688,0,0.0,0.0,2022-05-25
1365,2022-05-25 10:15:00+05:30,613.0,614.5499877929688,611.1500244140625,614.5499877929688,1025,0.0,0.0,2022-05-25
1366,2022-05-25 11:15:00+05:30,614.75,616.6500244140625,611.2999877929688,612.7000122070312,1151,0.0,0.0,2022-05-25
1367,2022-05-25 12:15:00+05:30,612.5,630.4000244140625,612.0499877929688,626.8499755859375,9277,0.0,0.0,2022-05-25
1368,2022-05-25 13:15:00+05:30,628.5,632.7000122070312,621.0,625.3499755859375,16361,0.0,0.0,2022-05-25
1369,2022-05-25 14:15:00+05:30,625.3499755859375,636.9000244140625,622.3499755859375,631.0499877929688,11889,0.0,0.0,2022-05-25
1370,2022-05-25 15:15:00+05:30,634.0,640.0,631.0,635.1500244140625,3136,0.0,0.0,2022-05-25
1371,2022-05-26 09:15:00+05:30,648.0,651.5499877929688,632.8499755859375,638.0499877929688,0,0.0,0.0,2022-05-26
1372,2022-05-26 10:15:00+05:30,635.7000122070312,637.7000122070312,621.75,629.5,4023,0.0,0.0,2022-05-26
1373,2022-05-26 11:15:00+05:30,626.4500122070312,634.9500122070312,626.4500122070312,634.25,1954,0.0,0.0,2022-05-26
1374,2022-05-26 12:15:00+05:30,632.0499877929688,639.0,630.5,637.0,855,0.0,0.0,2022-05-26
1375,2022-05-26 13:15:00+05:30,638.3499755859375,644.5499877929688,637.1500244140625,639.5999755859375,2907,0.0,0.0,2022-05-26
1376,2022-05-26 14:15:00+05:30,639.75,642.0999755859375,637.0,639.0,1777,0.0,0.0,2022-05-26
1377,2022-05-26 15:15:00+05:30,639.0,640.75,633.75,637.0,2265,0.0,0.0,2022-05-26
1378,2022-05-27 09:15:00+05:30,637.0499877929688,654.0999755859375,637.0499877929688,646.9000244140625,0,0.0,0.0,2022-05-27
1379,2022-05-27 10:15:00+05:30,647.0,647.9500122070312,643.6500244140625,646.2999877929688,1191,0.0,0.0,2022-05-27
1380,2022-05-27 11:15:00+05:30,646.7999877929688,647.5,638.0,642.4000244140625,2422,0.0,0.0,2022-05-27
1381,2022-05-27 12:15:00+05:30,642.0999755859375,646.0,639.6500244140625,641.0,1051,0.0,0.0,2022-05-27
1382,2022-05-27 13:15:00+05:30,642.1500244140625,642.4000244140625,638.75,641.5499877929688,924,0.0,0.0,2022-05-27
1383,2022-05-27 14:15:00+05:30,641.5499877929688,642.5,638.0,640.25,1200,0.0,0.0,2022-05-27
1384,2022-05-27 15:15:00+05:30,640.25,641.0,632.0,632.5999755859375,1433,0.0,0.0,2022-05-27
1385,2022-05-30 09:15:00+05:30,647.0,647.0,631.1500244140625,640.5999755859375,0,0.0,0.0,2022-05-30
1386,2022-05-30 10:15:00+05:30,642.9000244140625,646.9000244140625,639.4000244140625,643.7999877929688,4022,0.0,0.0,2022-05-30
1387,2022-05-30 11:15:00+05:30,644.5999755859375,645.8499755859375,641.2000122070312,644.3499755859375,1397,0.0,0.0,2022-05-30
1388,2022-05-30 12:15:00+05:30,644.1500244140625,645.9500122070312,641.9500122070312,645.0,2337,0.0,0.0,2022-05-30
1389,2022-05-30 13:15:00+05:30,645.0,647.9500122070312,644.1500244140625,645.0999755859375,1149,0.0,0.0,2022-05-30
1390,2022-05-30 14:15:00+05:30,645.5,650.9500122070312,638.0,644.25,6478,0.0,0.0,2022-05-30
1391,2022-05-30 15:15:00+05:30,644.25,646.9000244140625,641.2000122070312,643.0,1848,0.0,0.0,2022-05-30
1392,2022-05-31 09:15:00+05:30,644.75,646.0,638.4000244140625,644.25,0,0.0,0.0,2022-05-31
1393,2022-05-31 10:15:00+05:30,642.75,652.0,642.75,646.9000244140625,5339,0.0,0.0,2022-05-31
1394,2022-05-31 11:15:00+05:30,646.6500244140625,655.0,645.9000244140625,652.5,1577,0.0,0.0,2022-05-31
1395,2022-05-31 12:15:00+05:30,653.3499755859375,655.0,647.0,647.3499755859375,1450,0.0,0.0,2022-05-31
1396,2022-05-31 13:15:00+05:30,647.8499755859375,657.6500244140625,647.8499755859375,656.0999755859375,15778,0.0,0.0,2022-05-31
1397,2022-05-31 14:15:00+05:30,656.0,678.9500122070312,653.5999755859375,672.2999877929688,16006,0.0,0.0,2022-05-31
1398,2022-05-31 15:15:00+05:30,672.25,674.4000244140625,665.9000244140625,671.4500122070312,4396,0.0,0.0,2022-05-31
1399,2022-06-01 09:15:00+05:30,671.1500244140625,687.5499877929688,671.1500244140625,677.5999755859375,0,0.0,0.0,2022-06-01
1400,2022-06-01 10:15:00+05:30,675.0,678.0,672.4500122070312,673.0,4912,0.0,0.0,2022-06-01
1401,2022-06-01 11:15:00+05:30,673.4000244140625,678.0,673.0,675.0499877929688,1878,0.0,0.0,2022-06-01
1402,2022-06-01 12:15:00+05:30,675.0,676.3499755859375,666.4000244140625,669.9000244140625,5816,0.0,0.0,2022-06-01
1403,2022-06-01 13:15:00+05:30,668.3499755859375,674.9000244140625,665.5,667.3499755859375,15384,0.0,0.0,2022-06-01
1404,2022-06-01 14:15:00+05:30,668.5999755859375,668.9500122070312,660.6500244140625,663.2000122070312,2368,0.0,0.0,2022-06-01
1405,2022-06-01 15:15:00+05:30,663.4500122070312,665.9500122070312,656.2000122070312,662.8499755859375,1381,0.0,0.0,2022-06-01
1406,2022-06-02 09:15:00+05:30,665.0,665.0,652.0,658.4500122070312,0,0.0,0.0,2022-06-02
1407,2022-06-02 10:15:00+05:30,657.2000122070312,684.9000244140625,657.2000122070312,683.7000122070312,15940,0.0,0.0,2022-06-02
1408,2022-06-02 11:15:00+05:30,683.75,705.4500122070312,679.0499877929688,687.5,55188,0.0,0.0,2022-06-02
1409,2022-06-02 12:15:00+05:30,688.0,690.0,685.0,686.2000122070312,14609,0.0,0.0,2022-06-02
1410,2022-06-02 13:15:00+05:30,685.2999877929688,690.0,680.0,685.9000244140625,16465,0.0,0.0,2022-06-02
1411,2022-06-02 14:15:00+05:30,685.9000244140625,688.0,680.0499877929688,686.0,16598,0.0,0.0,2022-06-02
1412,2022-06-02 15:15:00+05:30,686.7000122070312,705.0,685.0,701.0,10532,0.0,0.0,2022-06-02
1413,2022-06-03 09:15:00+05:30,704.0,714.5499877929688,688.0,690.25,0,0.0,0.0,2022-06-03
1414,2022-06-03 10:15:00+05:30,690.25,705.0,685.0,697.7000122070312,76498,0.0,0.0,2022-06-03
1415,2022-06-03 11:15:00+05:30,698.0,702.8499755859375,695.9500122070312,702.5,13380,0.0,0.0,2022-06-03
1416,2022-06-03 12:15:00+05:30,702.5,702.5,695.0,698.2000122070312,1742,0.0,0.0,2022-06-03
1417,2022-06-03 13:15:00+05:30,698.3499755859375,701.5999755859375,695.7999877929688,700.5,2439,0.0,0.0,2022-06-03
1418,2022-06-03 14:15:00+05:30,700.5,706.3499755859375,695.5,706.3499755859375,5059,0.0,0.0,2022-06-03
1419,2022-06-03 15:15:00+05:30,706.9500122070312,708.75,695.0,702.5999755859375,4205,0.0,0.0,2022-06-03
1420,2022-06-06 09:15:00+05:30,702.0,713.9500122070312,701.7000122070312,708.4500122070312,0,0.0,0.0,2022-06-06
1421,2022-06-06 10:15:00+05:30,708.4500122070312,710.0,705.0,705.0,5258,0.0,0.0,2022-06-06
1422,2022-06-06 11:15:00+05:30,705.0,708.0999755859375,701.0,705.0,14915,0.0,0.0,2022-06-06
1423,2022-06-06 12:15:00+05:30,706.3499755859375,709.9500122070312,705.0999755859375,707.0999755859375,5496,0.0,0.0,2022-06-06
1424,2022-06-06 13:15:00+05:30,708.0,710.0,706.5999755859375,707.3499755859375,112519,0.0,0.0,2022-06-06
1425,2022-06-06 14:15:00+05:30,707.4500122070312,708.25,701.2000122070312,701.2000122070312,3951,0.0,0.0,2022-06-06
1426,2022-06-06 15:15:00+05:30,701.3499755859375,706.2999877929688,701.0999755859375,702.0499877929688,7993,0.0,0.0,2022-06-06
1427,2022-06-07 09:15:00+05:30,705.0,708.8499755859375,702.25,706.0499877929688,0,0.0,0.0,2022-06-07
1428,2022-06-07 10:15:00+05:30,706.0999755859375,707.0,702.0,703.9500122070312,8482,0.0,0.0,2022-06-07
1429,2022-06-07 11:15:00+05:30,703.0,710.0,702.0499877929688,704.0,64430,0.0,0.0,2022-06-07
1430,2022-06-07 12:15:00+05:30,704.7000122070312,706.7999877929688,702.7000122070312,702.9500122070312,54348,0.0,0.0,2022-06-07
1431,2022-06-07 13:15:00+05:30,704.0,706.0,702.0,704.1500244140625,17969,0.0,0.0,2022-06-07
1432,2022-06-07 14:15:00+05:30,705.0,706.0,701.4000244140625,702.7999877929688,3185,0.0,0.0,2022-06-07
1433,2022-06-07 15:15:00+05:30,702.3499755859375,704.0,701.5,701.5,1949,0.0,0.0,2022-06-07
1434,2022-06-08 09:15:00+05:30,710.0,720.0,703.0,708.7999877929688,0,0.0,0.0,2022-06-08
1435,2022-06-08 10:15:00+05:30,708.7999877929688,708.7999877929688,703.0999755859375,705.4000244140625,109068,0.0,0.0,2022-06-08
1436,2022-06-08 11:15:00+05:30,705.1500244140625,706.0,703.2999877929688,705.9000244140625,12499,0.0,0.0,2022-06-08
1437,2022-06-08 12:15:00+05:30,705.9500122070312,705.9500122070312,703.2999877929688,703.75,6905,0.0,0.0,2022-06-08
1438,2022-06-08 13:15:00+05:30,703.2000122070312,705.4500122070312,703.0,703.75,10414,0.0,0.0,2022-06-08
1439,2022-06-08 14:15:00+05:30,704.5499877929688,705.9000244140625,701.0,701.5,14270,0.0,0.0,2022-06-08
1440,2022-06-08 15:15:00+05:30,702.75,704.3499755859375,701.0,702.0,4830,0.0,0.0,2022-06-08
1441,2022-06-09 09:15:00+05:30,705.5499877929688,709.0,703.0,707.5,0,0.0,0.0,2022-06-09
1442,2022-06-09 10:15:00+05:30,708.0,715.0,707.5,709.5499877929688,169705,0.0,0.0,2022-06-09
1443,2022-06-09 11:15:00+05:30,708.4000244140625,710.0,708.4000244140625,709.3499755859375,14772,0.0,0.0,2022-06-09
1444,2022-06-09 12:15:00+05:30,709.3499755859375,711.0,708.5499877929688,709.9000244140625,95103,0.0,0.0,2022-06-09
1445,2022-06-09 13:15:00+05:30,709.0,711.0,708.5,710.0,20138,0.0,0.0,2022-06-09
1446,2022-06-09 14:15:00+05:30,710.0,710.0,707.25,707.3499755859375,6506,0.0,0.0,2022-06-09
1447,2022-06-09 15:15:00+05:30,708.7999877929688,709.0,705.0,707.5,6546,0.0,0.0,2022-06-09
1448,2022-06-10 09:15:00+05:30,709.0,715.0,705.6500244140625,708.5,0,0.0,0.0,2022-06-10
1449,2022-06-10 10:15:00+05:30,708.75,710.4000244140625,707.2000122070312,710.0,126388,0.0,0.0,2022-06-10
1450,2022-06-10 11:15:00+05:30,710.2000122070312,711.0,709.0499877929688,709.0999755859375,14571,0.0,0.0,2022-06-10
1451,2022-06-10 12:15:00+05:30,709.9500122070312,711.0,705.0499877929688,705.9000244140625,63863,0.0,0.0,2022-06-10
1452,2022-06-10 13:15:00+05:30,706.0,709.9000244140625,705.0,709.0499877929688,3238,0.0,0.0,2022-06-10
1453,2022-06-10 14:15:00+05:30,709.2000122070312,709.9000244140625,705.0,705.8499755859375,11979,0.0,0.0,2022-06-10
1454,2022-06-10 15:15:00+05:30,707.5999755859375,707.7999877929688,702.0,705.7999877929688,24220,0.0,0.0,2022-06-10
1455,2022-06-13 09:15:00+05:30,705.0,710.0,692.4000244140625,695.0999755859375,0,0.0,0.0,2022-06-13
1456,2022-06-13 10:15:00+05:30,695.2999877929688,696.0,692.25,692.8499755859375,118996,0.0,0.0,2022-06-13
1457,2022-06-13 11:15:00+05:30,694.0999755859375,694.7999877929688,691.25,694.7999877929688,6106,0.0,0.0,2022-06-13
1458,2022-06-13 12:15:00+05:30,694.8499755859375,695.0,692.2999877929688,692.9000244140625,2345,0.0,0.0,2022-06-13
1459,2022-06-13 13:15:00+05:30,694.0499877929688,694.7999877929688,691.0499877929688,694.0,2630,0.0,0.0,2022-06-13
1460,2022-06-13 14:15:00+05:30,693.1500244140625,695.0,691.0,695.0,3343,0.0,0.0,2022-06-13
1461,2022-06-13 15:15:00+05:30,695.0,695.0,691.0499877929688,694.5,3836,0.0,0.0,2022-06-13
1462,2022-06-14 09:15:00+05:30,698.75,699.0,690.9500122070312,695.5,0,0.0,0.0,2022-06-14
1463,2022-06-14 10:15:00+05:30,695.0,699.0,695.0,697.8499755859375,73207,0.0,0.0,2022-06-14
1464,2022-06-14 11:15:00+05:30,697.9500122070312,698.7000122070312,691.0999755859375,694.0,37470,0.0,0.0,2022-06-14
1465,2022-06-14 12:15:00+05:30,693.5,696.0,690.3499755859375,696.0,4620,0.0,0.0,2022-06-14
1466,2022-06-14 13:15:00+05:30,695.9000244140625,696.0,693.5999755859375,694.7000122070312,802,0.0,0.0,2022-06-14
1467,2022-06-14 14:15:00+05:30,694.75,697.0,690.0999755859375,692.4000244140625,58689,0.0,0.0,2022-06-14
1468,2022-06-14 15:15:00+05:30,692.4000244140625,694.75,690.0999755859375,691.9500122070312,7550,0.0,0.0,2022-06-14
1469,2022-06-15 09:15:00+05:30,696.0,703.2000122070312,695.0499877929688,702.7999877929688,0,0.0,0.0,2022-06-15
1470,2022-06-15 10:15:00+05:30,702.7999877929688,704.7999877929688,696.0,697.8499755859375,13193,0.0,0.0,2022-06-15
1471,2022-06-15 11:15:00+05:30,698.0,698.0,696.0,697.0,13169,0.0,0.0,2022-06-15
1472,2022-06-15 12:15:00+05:30,697.0,697.0,693.75,695.2000122070312,59654,0.0,0.0,2022-06-15
1473,2022-06-15 13:15:00+05:30,695.4500122070312,695.9500122070312,694.5499877929688,695.9500122070312,984,0.0,0.0,2022-06-15
1474,2022-06-15 14:15:00+05:30,695.9500122070312,696.0,693.1500244140625,695.8499755859375,2065,0.0,0.0,2022-06-15
1475,2022-06-15 15:15:00+05:30,695.8499755859375,696.0,692.4000244140625,694.75,2222,0.0,0.0,2022-06-15
1476,2022-06-16 09:15:00+05:30,699.6500244140625,705.0,696.8499755859375,700.5999755859375,0,0.0,0.0,2022-06-16
1477,2022-06-16 10:15:00+05:30,701.5,702.0,697.9000244140625,699.9000244140625,20968,0.0,0.0,2022-06-16
1478,2022-06-16 11:15:00+05:30,699.5,700.0,699.0,699.4000244140625,8057,0.0,0.0,2022-06-16
1479,2022-06-16 12:15:00+05:30,699.0,699.7999877929688,699.0,699.7000122070312,3756,0.0,0.0,2022-06-16
1480,2022-06-16 13:15:00+05:30,699.7999877929688,701.9500122070312,695.0,701.0999755859375,94367,0.0,0.0,2022-06-16
1481,2022-06-16 14:15:00+05:30,700.6500244140625,702.5499877929688,700.1500244140625,701.9500122070312,13168,0.0,0.0,2022-06-16
1482,2022-06-16 15:15:00+05:30,701.2999877929688,702.0999755859375,700.0,702.0999755859375,3138,0.0,0.0,2022-06-16
1483,2022-06-17 09:15:00+05:30,702.0,710.0,698.7999877929688,701.0,0,0.0,0.0,2022-06-17
1484,2022-06-17 10:15:00+05:30,701.0,709.75,699.0999755859375,708.9500122070312,46281,0.0,0.0,2022-06-17
1485,2022-06-17 11:15:00+05:30,709.4000244140625,709.4000244140625,702.0499877929688,703.0,63875,0.0,0.0,2022-06-17
1486,2022-06-17 12:15:00+05:30,702.0499877929688,704.0,702.0499877929688,702.3499755859375,2753,0.0,0.0,2022-06-17
1487,2022-06-17 13:15:00+05:30,703.9000244140625,707.0,702.0499877929688,706.0,16926,0.0,0.0,2022-06-17
1488,2022-06-17 14:15:00+05:30,706.5,709.5499877929688,700.0,702.1500244140625,13889,0.0,0.0,2022-06-17
1489,2022-06-17 15:15:00+05:30,702.3499755859375,704.9000244140625,696.0499877929688,701.7999877929688,15384,0.0,0.0,2022-06-17
1490,2022-06-20 09:15:00+05:30,704.9000244140625,707.2999877929688,700.0499877929688,703.4500122070312,0,0.0,0.0,2022-06-20
1491,2022-06-20 10:15:00+05:30,704.4500122070312,705.4000244140625,702.75,705.0,16877,0.0,0.0,2022-06-20
1492,2022-06-20 11:15:00+05:30,705.0,705.0,704.0,704.9000244140625,3249,0.0,0.0,2022-06-20
1493,2022-06-20 12:15:00+05:30,704.9000244140625,704.9000244140625,704.0,704.5,3346,0.0,0.0,2022-06-20
1494,2022-06-20 13:15:00+05:30,704.0,704.9500122070312,699.0499877929688,700.0,64388,0.0,0.0,2022-06-20
1495,2022-06-20 14:15:00+05:30,700.0,700.0,698.0,700.0,6510,0.0,0.0,2022-06-20
1496,2022-06-20 15:15:00+05:30,700.0,700.0,698.0499877929688,699.6500244140625,2541,0.0,0.0,2022-06-20
1497,2022-06-21 09:15:00+05:30,706.0,707.9000244140625,700.3499755859375,704.9500122070312,0,0.0,0.0,2022-06-21
1498,2022-06-21 10:15:00+05:30,704.0499877929688,705.7000122070312,698.0,701.0499877929688,16925,0.0,0.0,2022-06-21
1499,2022-06-21 11:15:00+05:30,702.0499877929688,703.0,696.0499877929688,697.4500122070312,71014,0.0,0.0,2022-06-21
1500,2022-06-21 12:15:00+05:30,697.5,701.9500122070312,695.5499877929688,700.0999755859375,8478,0.0,0.0,2022-06-21
1501,2022-06-21 13:15:00+05:30,701.3499755859375,703.75,698.6500244140625,700.1500244140625,12546,0.0,0.0,2022-06-21
1502,2022-06-21 14:15:00+05:30,700.0999755859375,702.9500122070312,699.0499877929688,700.0,9028,0.0,0.0,2022-06-21
1503,2022-06-21 15:15:00+05:30,701.4500122070312,701.4500122070312,699.0,700.9500122070312,8733,0.0,0.0,2022-06-21
1504,2022-06-22 09:15:00+05:30,703.5999755859375,704.9000244140625,700.0,702.0,0,0.0,0.0,2022-06-22
1505,2022-06-22 10:15:00+05:30,702.9500122070312,704.2999877929688,701.1500244140625,703.9000244140625,14695,0.0,0.0,2022-06-22
1506,2022-06-22 11:15:00+05:30,704.0,705.0,699.2000122070312,701.2000122070312,81276,0.0,0.0,2022-06-22
1507,2022-06-22 12:15:00+05:30,701.2999877929688,701.9500122070312,700.0999755859375,701.2000122070312,899,0.0,0.0,2022-06-22
1508,2022-06-22 13:15:00+05:30,701.8499755859375,701.8499755859375,699.0,700.5,3012,0.0,0.0,2022-06-22
1509,2022-06-22 14:15:00+05:30,700.4500122070312,700.7999877929688,695.4500122070312,697.6500244140625,9615,0.0,0.0,2022-06-22
1510,2022-06-22 15:15:00+05:30,697.7000122070312,697.9500122070312,695.0,696.1500244140625,3402,0.0,0.0,2022-06-22
1511,2022-06-23 09:15:00+05:30,700.2000122070312,710.0,700.0,704.5,0,0.0,0.0,2022-06-23
1512,2022-06-23 10:15:00+05:30,704.5999755859375,705.0,702.2999877929688,703.25,3290,0.0,0.0,2022-06-23
1513,2022-06-23 11:15:00+05:30,703.4500122070312,704.9500122070312,702.0499877929688,703.4500122070312,3094,0.0,0.0,2022-06-23
1514,2022-06-23 12:15:00+05:30,703.4500122070312,704.0,699.6500244140625,700.5499877929688,62122,0.0,0.0,2022-06-23
1515,2022-06-23 13:15:00+05:30,701.5,704.0,700.5499877929688,703.9000244140625,1687,0.0,0.0,2022-06-23
1516,2022-06-23 14:15:00+05:30,704.0,704.7999877929688,701.9500122070312,703.9500122070312,5839,0.0,0.0,2022-06-23
1517,2022-06-23 15:15:00+05:30,703.0499877929688,705.0,698.0,699.5,4795,0.0,0.0,2022-06-23
1518,2022-06-24 09:15:00+05:30,707.0,708.9500122070312,704.7999877929688,706.9500122070312,0,0.0,0.0,2022-06-24
1519,2022-06-24 10:15:00+05:30,705.6500244140625,706.9500122070312,700.2000122070312,704.0,25847,0.0,0.0,2022-06-24
1520,2022-06-24 11:15:00+05:30,703.9000244140625,703.9000244140625,700.25,702.0,71270,0.0,0.0,2022-06-24
1521,2022-06-24 12:15:00+05:30,701.0,701.9500122070312,700.5499877929688,701.9500122070312,1441,0.0,0.0,2022-06-24
1522,2022-06-24 13:15:00+05:30,700.5,701.9500122070312,700.5,701.9500122070312,1177,0.0,0.0,2022-06-24
1523,2022-06-24 14:15:00+05:30,701.9500122070312,702.0,700.3499755859375,701.9000244140625,2753,0.0,0.0,2022-06-24
1524,2022-06-24 15:15:00+05:30,701.9000244140625,702.0,700.0,700.9000244140625,4997,0.0,0.0,2022-06-24
1525,2022-06-27 09:15:00+05:30,711.0,719.5499877929688,706.2000122070312,708.6500244140625,0,0.0,0.0,2022-06-27
1526,2022-06-27 10:15:00+05:30,709.5,711.0,707.0499877929688,709.0,46930,0.0,0.0,2022-06-27
1527,2022-06-27 11:15:00+05:30,709.0,709.75,705.7999877929688,707.7000122070312,2924,0.0,0.0,2022-06-27
1528,2022-06-27 12:15:00+05:30,707.9000244140625,715.0,706.2000122070312,713.7999877929688,4113,0.0,0.0,2022-06-27
1529,2022-06-27 13:15:00+05:30,713.8499755859375,715.9500122070312,707.25,708.8499755859375,84689,0.0,0.0,2022-06-27
1530,2022-06-27 14:15:00+05:30,708.7999877929688,709.75,707.0,708.0,6778,0.0,0.0,2022-06-27
1531,2022-06-27 15:15:00+05:30,708.0,708.0,707.0,707.1500244140625,7335,0.0,0.0,2022-06-27
1532,2022-06-28 09:15:00+05:30,705.0499877929688,714.9000244140625,705.0,707.6500244140625,0,0.0,0.0,2022-06-28
1533,2022-06-28 10:15:00+05:30,707.0999755859375,708.7999877929688,706.0,706.5,90196,0.0,0.0,2022-06-28
1534,2022-06-28 11:15:00+05:30,707.0,707.9500122070312,706.3499755859375,706.4500122070312,2019,0.0,0.0,2022-06-28
1535,2022-06-28 12:15:00+05:30,707.0,708.0,706.4500122070312,707.7999877929688,1117,0.0,0.0,2022-06-28
1536,2022-06-28 13:15:00+05:30,706.4500122070312,707.9500122070312,705.1500244140625,707.5999755859375,1555,0.0,0.0,2022-06-28
1537,2022-06-28 14:15:00+05:30,706.4500122070312,708.0,705.75,706.0499877929688,3345,0.0,0.0,2022-06-28
1538,2022-06-28 15:15:00+05:30,707.0,707.4500122070312,705.0,706.4500122070312,4118,0.0,0.0,2022-06-28
1539,2022-06-29 09:15:00+05:30,707.0,714.9500122070312,705.0499877929688,708.75,0,0.0,0.0,2022-06-29
1540,2022-06-29 10:15:00+05:30,709.4500122070312,709.7999877929688,704.8499755859375,706.5999755859375,7673,0.0,0.0,2022-06-29
1541,2022-06-29 11:15:00+05:30,706.75,706.75,692.25,694.0,10375,0.0,0.0,2022-06-29
1542,2022-06-29 12:15:00+05:30,694.0,694.0,691.0499877929688,692.9000244140625,4572,0.0,0.0,2022-06-29
1543,2022-06-29 13:15:00+05:30,692.9500122070312,693.2000122070312,690.7000122070312,691.7999877929688,3010,0.0,0.0,2022-06-29
1544,2022-06-29 14:15:00+05:30,691.7999877929688,692.7000122070312,689.5,689.75,10159,0.0,0.0,2022-06-29
1545,2022-06-29 15:15:00+05:30,689.7999877929688,691.1500244140625,685.0,689.5499877929688,10525,0.0,0.0,2022-06-29
1546,2022-06-30 09:15:00+05:30,690.0,693.5,687.7000122070312,688.5999755859375,0,0.0,0.0,2022-06-30
1547,2022-06-30 10:15:00+05:30,688.9000244140625,688.9000244140625,685.5,685.5999755859375,1046,0.0,0.0,2022-06-30
1548,2022-06-30 11:15:00+05:30,686.3499755859375,690.8499755859375,685.7000122070312,687.2000122070312,1655,0.0,0.0,2022-06-30
1549,2022-06-30 12:15:00+05:30,687.4000244140625,687.4500122070312,685.5,686.4500122070312,617,0.0,0.0,2022-06-30
1550,2022-06-30 13:15:00+05:30,686.7000122070312,690.4000244140625,685.5,688.75,3115,0.0,0.0,2022-06-30
1551,2022-06-30 14:15:00+05:30,688.4000244140625,691.0,688.0,689.1500244140625,1563,0.0,0.0,2022-06-30
1552,2022-06-30 15:15:00+05:30,690.5499877929688,690.7000122070312,685.5499877929688,687.4000244140625,2124,0.0,0.0,2022-06-30
1553,2022-07-01 09:15:00+05:30,685.5499877929688,688.7000122070312,681.5499877929688,682.6500244140625,0,0.0,0.0,2022-07-01
1554,2022-07-01 10:15:00+05:30,682.6500244140625,688.0,681.6500244140625,684.9000244140625,2802,0.0,0.0,2022-07-01
1555,2022-07-01 11:15:00+05:30,685.75,686.0,683.0499877929688,685.3499755859375,793,0.0,0.0,2022-07-01
1556,2022-07-01 12:15:00+05:30,685.5999755859375,686.5,683.4000244140625,684.2000122070312,2608,0.0,0.0,2022-07-01
1557,2022-07-01 13:15:00+05:30,684.7999877929688,687.0999755859375,683.75,685.2000122070312,942,0.0,0.0,2022-07-01
1558,2022-07-01 14:15:00+05:30,684.0,689.1500244140625,683.0,684.9500122070312,1767,0.0,0.0,2022-07-01
1559,2022-07-01 15:15:00+05:30,684.9000244140625,686.9500122070312,681.1500244140625,684.9000244140625,1675,0.0,0.0,2022-07-01
1560,2022-07-04 09:15:00+05:30,688.3499755859375,693.9500122070312,685.0,686.5999755859375,0,0.0,0.0,2022-07-04
1561,2022-07-04 10:15:00+05:30,687.0,692.0,685.8499755859375,691.5999755859375,1450,0.0,0.0,2022-07-04
1562,2022-07-04 11:15:00+05:30,691.5999755859375,693.5499877929688,691.5999755859375,692.9500122070312,778,0.0,0.0,2022-07-04
1563,2022-07-04 12:15:00+05:30,692.9500122070312,693.7999877929688,691.9000244140625,692.9000244140625,595,0.0,0.0,2022-07-04
1564,2022-07-04 13:15:00+05:30,692.9000244140625,696.3499755859375,692.0,696.3499755859375,1761,0.0,0.0,2022-07-04
1565,2022-07-04 14:15:00+05:30,696.9500122070312,697.2999877929688,692.0499877929688,695.0499877929688,1618,0.0,0.0,2022-07-04
1566,2022-07-04 15:15:00+05:30,695.5,698.9500122070312,686.1500244140625,692.9000244140625,1765,0.0,0.0,2022-07-04
1567,2022-07-05 09:15:00+05:30,696.4000244140625,702.0,688.5,701.8499755859375,0,0.0,0.0,2022-07-05
1568,2022-07-05 10:15:00+05:30,702.0,709.4000244140625,701.4000244140625,707.2999877929688,4269,0.0,0.0,2022-07-05
1569,2022-07-05 11:15:00+05:30,707.3499755859375,717.0,707.25,716.9000244140625,5672,0.0,0.0,2022-07-05
1570,2022-07-05 12:15:00+05:30,716.0,745.9000244140625,715.0,725.0,65615,0.0,0.0,2022-07-05
1571,2022-07-05 13:15:00+05:30,725.2000122070312,725.2000122070312,714.75,715.75,19698,0.0,0.0,2022-07-05
1572,2022-07-05 14:15:00+05:30,715.5,715.5499877929688,700.5999755859375,702.0,17044,0.0,0.0,2022-07-05
1573,2022-07-05 15:15:00+05:30,702.1500244140625,703.0,695.0499877929688,701.3499755859375,3539,0.0,0.0,2022-07-05
1574,2022-07-06 09:15:00+05:30,704.5,706.4500122070312,694.5999755859375,697.25,0,0.0,0.0,2022-07-06
1575,2022-07-06 10:15:00+05:30,697.25,703.0,697.25,702.4000244140625,462,0.0,0.0,2022-07-06
1576,2022-07-06 11:15:00+05:30,702.0,702.3499755859375,690.75,692.2999877929688,4168,0.0,0.0,2022-07-06
1577,2022-07-06 12:15:00+05:30,692.4000244140625,693.5499877929688,691.0,693.0,941,0.0,0.0,2022-07-06
1578,2022-07-06 13:15:00+05:30,692.9500122070312,693.0,691.0999755859375,691.75,621,0.0,0.0,2022-07-06
1579,2022-07-06 14:15:00+05:30,691.0,694.0,685.2999877929688,688.2000122070312,3681,0.0,0.0,2022-07-06
1580,2022-07-06 15:15:00+05:30,690.0,690.3499755859375,681.1500244140625,686.8499755859375,4126,0.0,0.0,2022-07-06
1581,2022-07-07 09:15:00+05:30,686.9000244140625,695.0,686.9000244140625,691.0,0,0.0,0.0,2022-07-07
1582,2022-07-07 10:15:00+05:30,691.0,691.5,688.2000122070312,690.8499755859375,1495,0.0,0.0,2022-07-07
1583,2022-07-07 11:15:00+05:30,690.8499755859375,691.0499877929688,688.9500122070312,688.9500122070312,181,0.0,0.0,2022-07-07
1584,2022-07-07 12:15:00+05:30,689.2999877929688,690.3499755859375,687.0,690.0499877929688,738,0.0,0.0,2022-07-07
1585,2022-07-07 13:15:00+05:30,689.7000122070312,691.4500122070312,688.8499755859375,689.3499755859375,497,0.0,0.0,2022-07-07
1586,2022-07-07 14:15:00+05:30,689.4500122070312,690.7000122070312,683.4500122070312,687.1500244140625,1634,0.0,0.0,2022-07-07
1587,2022-07-07 15:15:00+05:30,686.2000122070312,689.9000244140625,681.25,686.0499877929688,1923,0.0,0.0,2022-07-07
1588,2022-07-08 09:15:00+05:30,688.9000244140625,692.0,685.0999755859375,686.4500122070312,0,0.0,0.0,2022-07-08
1589,2022-07-08 10:15:00+05:30,686.4500122070312,687.0,685.8499755859375,685.8499755859375,385,0.0,0.0,2022-07-08
1590,2022-07-08 11:15:00+05:30,686.2999877929688,686.2999877929688,685.0,686.0999755859375,284,0.0,0.0,2022-07-08
1591,2022-07-08 12:15:00+05:30,686.0999755859375,686.9500122070312,685.0,686.3499755859375,731,0.0,0.0,2022-07-08
1592,2022-07-08 13:15:00+05:30,686.2999877929688,687.0,685.0,686.5,11949,0.0,0.0,2022-07-08
1593,2022-07-08 14:15:00+05:30,686.5,688.6500244140625,681.6500244140625,685.7000122070312,3896,0.0,0.0,2022-07-08
1594,2022-07-08 15:15:00+05:30,684.5499877929688,684.6500244140625,681.0499877929688,682.7000122070312,2348,0.0,0.0,2022-07-08
1595,2022-07-11 09:15:00+05:30,681.0,686.8499755859375,676.9000244140625,686.2999877929688,0,0.0,0.0,2022-07-11
1596,2022-07-11 10:15:00+05:30,686.2999877929688,690.0,684.6500244140625,689.8499755859375,1391,0.0,0.0,2022-07-11
1597,2022-07-11 11:15:00+05:30,689.9000244140625,696.5499877929688,689.0,696.5,2329,0.0,0.0,2022-07-11
1598,2022-07-11 12:15:00+05:30,696.5,696.5499877929688,691.0,691.0999755859375,2227,0.0,0.0,2022-07-11
1599,2022-07-11 13:15:00+05:30,691.9500122070312,694.6500244140625,688.8499755859375,694.4500122070312,1513,0.0,0.0,2022-07-11
1600,2022-07-11 14:15:00+05:30,694.4500122070312,697.4500122070312,690.7000122070312,697.25,1956,0.0,0.0,2022-07-11
1601,2022-07-11 15:15:00+05:30,697.25,699.0,690.1500244140625,695.75,1778,0.0,0.0,2022-07-11
1602,2022-07-12 09:15:00+05:30,699.3499755859375,716.9500122070312,689.8499755859375,712.5,9705,0.0,0.0,2022-07-12
1603,2022-07-12 10:15:00+05:30,713.2999877929688,715.0,710.2999877929688,713.2000122070312,7504,0.0,0.0,2022-07-12
1604,2022-07-12 11:15:00+05:30,712.3499755859375,714.9500122070312,708.0,708.7999877929688,6803,0.0,0.0,2022-07-12
1605,2022-07-12 12:15:00+05:30,709.75,712.6500244140625,707.2000122070312,708.5499877929688,3931,0.0,0.0,2022-07-12
1606,2022-07-12 13:15:00+05:30,708.7000122070312,710.0,706.4500122070312,709.75,1538,0.0,0.0,2022-07-12
1607,2022-07-12 14:15:00+05:30,710.0,710.0,705.1500244140625,707.2999877929688,5815,0.0,0.0,2022-07-12
1608,2022-07-12 15:15:00+05:30,707.5999755859375,707.5999755859375,697.4500122070312,704.2000122070312,4582,0.0,0.0,2022-07-12
1609,2022-07-13 09:15:00+05:30,707.75,707.75,700.0999755859375,707.0,0,0.0,0.0,2022-07-13
1610,2022-07-13 10:15:00+05:30,707.0,707.0,701.2000122070312,706.5,622,0.0,0.0,2022-07-13
1611,2022-07-13 11:15:00+05:30,706.5,707.75,704.9000244140625,705.5999755859375,495,0.0,0.0,2022-07-13
1612,2022-07-13 12:15:00+05:30,706.6500244140625,706.7000122070312,705.0999755859375,706.0999755859375,225,0.0,0.0,2022-07-13
1613,2022-07-13 13:15:00+05:30,706.0499877929688,735.8499755859375,705.0499877929688,719.0999755859375,61539,0.0,0.0,2022-07-13
1614,2022-07-13 14:15:00+05:30,719.0,724.5,706.0499877929688,707.7000122070312,23029,0.0,0.0,2022-07-13
1615,2022-07-13 15:15:00+05:30,707.7000122070312,708.0,705.0,707.5499877929688,6275,0.0,0.0,2022-07-13
1616,2022-07-14 09:15:00+05:30,705.0,709.75,702.1500244140625,702.3499755859375,0,0.0,0.0,2022-07-14
1617,2022-07-14 10:15:00+05:30,703.0999755859375,705.2000122070312,696.2000122070312,705.2000122070312,4722,0.0,0.0,2022-07-14
1618,2022-07-14 11:15:00+05:30,705.0999755859375,705.0999755859375,700.1500244140625,702.4500122070312,401,0.0,0.0,2022-07-14
1619,2022-07-14 12:15:00+05:30,701.25,703.4500122070312,701.0499877929688,701.3499755859375,320,0.0,0.0,2022-07-14
1620,2022-07-14 13:15:00+05:30,701.9500122070312,702.9500122070312,700.2000122070312,702.0499877929688,710,0.0,0.0,2022-07-14
1621,2022-07-14 14:15:00+05:30,701.5,702.6500244140625,694.0999755859375,696.0999755859375,1641,0.0,0.0,2022-07-14
1622,2022-07-14 15:15:00+05:30,695.9500122070312,697.9500122070312,689.25,693.7000122070312,0,0.0,0.0,2022-07-14
1623,2022-07-15 09:15:00+05:30,695.0,726.5499877929688,695.0,718.7000122070312,23916,0.0,0.0,2022-07-15
1624,2022-07-15 10:15:00+05:30,717.4000244140625,722.7000122070312,715.0,718.5,13478,0.0,0.0,2022-07-15
1625,2022-07-15 11:15:00+05:30,716.8499755859375,719.5,716.1500244140625,718.9000244140625,4479,0.0,0.0,2022-07-15
1626,2022-07-15 12:15:00+05:30,719.0,720.0,714.0999755859375,717.0,4012,0.0,0.0,2022-07-15
1627,2022-07-15 13:15:00+05:30,717.5,717.5,714.0499877929688,716.5999755859375,4561,0.0,0.0,2022-07-15
1628,2022-07-15 14:15:00+05:30,717.0,717.0,715.0999755859375,716.7000122070312,3772,0.0,0.0,2022-07-15
1629,2022-07-15 15:15:00+05:30,716.7999877929688,716.7999877929688,705.5499877929688,711.7999877929688,5643,0.0,0.0,2022-07-15
1630,2022-07-18 09:15:00+05:30,715.4000244140625,724.8499755859375,711.7999877929688,721.0,0,0.0,0.0,2022-07-18
1631,2022-07-18 10:15:00+05:30,721.0,724.0,718.6500244140625,724.0,13775,0.0,0.0,2022-07-18
1632,2022-07-18 11:15:00+05:30,724.0,734.0,720.25,722.9500122070312,43866,0.0,0.0,2022-07-18
1633,2022-07-18 12:15:00+05:30,722.9500122070312,733.0,721.1500244140625,722.9500122070312,28344,0.0,0.0,2022-07-18
1634,2022-07-18 13:15:00+05:30,723.0,726.0,722.0499877929688,724.5,10460,0.0,0.0,2022-07-18
1635,2022-07-18 14:15:00+05:30,725.0,725.0,717.0,722.0,30610,0.0,0.0,2022-07-18
1636,2022-07-18 15:15:00+05:30,722.0,723.0,712.0999755859375,719.5,13319,0.0,0.0,2022-07-18
1637,2022-07-19 09:15:00+05:30,719.5,728.0,718.0499877929688,725.0,0,0.0,0.0,2022-07-19
1638,2022-07-19 10:15:00+05:30,725.7999877929688,727.5,723.9000244140625,724.0999755859375,3666,0.0,0.0,2022-07-19
1639,2022-07-19 11:15:00+05:30,724.0999755859375,726.6500244140625,720.25,722.9500122070312,1841,0.0,0.0,2022-07-19
1640,2022-07-19 12:15:00+05:30,722.2000122070312,723.9000244140625,717.25,717.4000244140625,3510,0.0,0.0,2022-07-19
1641,2022-07-19 13:15:00+05:30,718.4000244140625,720.0,716.1500244140625,716.7000122070312,1530,0.0,0.0,2022-07-19
1642,2022-07-19 14:15:00+05:30,716.6500244140625,720.0,710.0999755859375,712.9000244140625,7894,0.0,0.0,2022-07-19
1643,2022-07-19 15:15:00+05:30,712.7000122070312,712.75,707.25,710.9500122070312,3490,0.0,0.0,2022-07-19
1644,2022-07-20 09:15:00+05:30,710.2000122070312,718.0499877929688,710.2000122070312,714.9000244140625,0,0.0,0.0,2022-07-20
1645,2022-07-20 10:15:00+05:30,714.9000244140625,720.0,714.2000122070312,720.0,7826,0.0,0.0,2022-07-20
1646,2022-07-20 11:15:00+05:30,718.0,719.5,710.4000244140625,710.4000244140625,4971,0.0,0.0,2022-07-20
1647,2022-07-20 12:15:00+05:30,712.3499755859375,713.6500244140625,706.2999877929688,709.75,5333,0.0,0.0,2022-07-20
1648,2022-07-20 13:15:00+05:30,709.0,712.0499877929688,707.0,707.0,2611,0.0,0.0,2022-07-20
1649,2022-07-20 14:15:00+05:30,706.5499877929688,707.8499755859375,700.0999755859375,701.0499877929688,6640,0.0,0.0,2022-07-20
1650,2022-07-20 15:15:00+05:30,703.8499755859375,704.9000244140625,693.8499755859375,699.7000122070312,6753,0.0,0.0,2022-07-20
1651,2022-07-21 09:15:00+05:30,702.7000122070312,714.5999755859375,696.0,706.5,0,0.0,0.0,2022-07-21
1652,2022-07-21 10:15:00+05:30,704.0999755859375,709.0499877929688,704.0,706.5,2104,0.0,0.0,2022-07-21
1653,2022-07-21 11:15:00+05:30,706.5,708.0,704.4500122070312,706.5,1243,0.0,0.0,2022-07-21
1654,2022-07-21 12:15:00+05:30,705.6500244140625,708.6500244140625,703.0999755859375,706.1500244140625,2356,0.0,0.0,2022-07-21
1655,2022-07-21 13:15:00+05:30,703.8499755859375,705.5,701.4500122070312,701.4500122070312,772,0.0,0.0,2022-07-21
1656,2022-07-21 14:15:00+05:30,701.2000122070312,722.9000244140625,700.0499877929688,721.2000122070312,9838,0.0,0.0,2022-07-21
1657,2022-07-21 15:15:00+05:30,721.5,722.8499755859375,716.0499877929688,719.8499755859375,8175,0.0,0.0,2022-07-21
1658,2022-07-22 09:15:00+05:30,723.4500122070312,729.0999755859375,717.9500122070312,722.2999877929688,0,0.0,0.0,2022-07-22
1659,2022-07-22 10:15:00+05:30,721.5499877929688,725.0,715.25,716.0999755859375,4807,0.0,0.0,2022-07-22
1660,2022-07-22 11:15:00+05:30,716.0999755859375,720.0,716.0999755859375,718.8499755859375,3172,0.0,0.0,2022-07-22
1661,2022-07-22 12:15:00+05:30,718.8499755859375,719.5,715.5999755859375,718.0,3029,0.0,0.0,2022-07-22
1662,2022-07-22 13:15:00+05:30,718.4500122070312,719.9500122070312,715.25,716.9000244140625,1641,0.0,0.0,2022-07-22
1663,2022-07-22 14:15:00+05:30,718.4000244140625,720.0,714.7999877929688,719.4000244140625,4332,0.0,0.0,2022-07-22
1664,2022-07-22 15:15:00+05:30,715.0,719.4500122070312,711.4000244140625,717.3499755859375,1633,0.0,0.0,2022-07-22
1665,2022-07-25 09:15:00+05:30,710.2000122070312,726.8499755859375,710.2000122070312,723.1500244140625,0,0.0,0.0,2022-07-25
1666,2022-07-25 10:15:00+05:30,723.1500244140625,724.1500244140625,720.7000122070312,722.9000244140625,2111,0.0,0.0,2022-07-25
1667,2022-07-25 11:15:00+05:30,722.9000244140625,723.2000122070312,718.4500122070312,722.0499877929688,2955,0.0,0.0,2022-07-25
1668,2022-07-25 12:15:00+05:30,722.6500244140625,722.9500122070312,716.0,717.5,1912,0.0,0.0,2022-07-25
1669,2022-07-25 13:15:00+05:30,718.0,719.9000244140625,715.0,717.6500244140625,885,0.0,0.0,2022-07-25
1670,2022-07-25 14:15:00+05:30,716.1500244140625,720.0,707.6500244140625,713.4500122070312,6201,0.0,0.0,2022-07-25
1671,2022-07-25 15:15:00+05:30,715.9500122070312,718.0999755859375,706.6500244140625,716.9000244140625,1962,0.0,0.0,2022-07-25
1672,2022-07-26 09:15:00+05:30,719.2000122070312,720.5,712.0499877929688,715.1500244140625,0,0.0,0.0,2022-07-26
1673,2022-07-26 10:15:00+05:30,714.4000244140625,720.0,712.5,717.25,9096,0.0,0.0,2022-07-26
1674,2022-07-26 11:15:00+05:30,717.4000244140625,724.9000244140625,717.4000244140625,720.3499755859375,11555,0.0,0.0,2022-07-26
1675,2022-07-26 12:15:00+05:30,721.2000122070312,722.0,718.4500122070312,718.9500122070312,1740,0.0,0.0,2022-07-26
1676,2022-07-26 13:15:00+05:30,720.5499877929688,721.0,718.0,719.5999755859375,584,0.0,0.0,2022-07-26
1677,2022-07-26 14:15:00+05:30,718.7000122070312,721.4000244140625,711.5999755859375,713.1500244140625,11467,0.0,0.0,2022-07-26
1678,2022-07-26 15:15:00+05:30,716.75,716.75,705.5,712.4000244140625,4028,0.0,0.0,2022-07-26
1679,2022-07-27 09:15:00+05:30,722.9000244140625,722.9000244140625,707.25,708.5,0,0.0,0.0,2022-07-27
1680,2022-07-27 10:15:00+05:30,708.25,711.0999755859375,708.25,709.0,409,0.0,0.0,2022-07-27
1681,2022-07-27 11:15:00+05:30,710.0499877929688,715.0,710.0499877929688,714.0,5186,0.0,0.0,2022-07-27
1682,2022-07-27 12:15:00+05:30,714.0,717.5499877929688,714.0,715.5499877929688,5209,0.0,0.0,2022-07-27
1683,2022-07-27 13:15:00+05:30,715.0499877929688,720.0,715.0499877929688,717.5499877929688,7992,0.0,0.0,2022-07-27
1684,2022-07-27 14:15:00+05:30,715.7000122070312,719.9500122070312,713.0,713.75,3327,0.0,0.0,2022-07-27
1685,2022-07-27 15:15:00+05:30,714.9500122070312,715.0,712.1500244140625,713.75,1323,0.0,0.0,2022-07-27
1686,2022-07-28 09:15:00+05:30,712.0999755859375,718.7999877929688,712.0999755859375,715.0,0,0.0,0.0,2022-07-28
1687,2022-07-28 10:15:00+05:30,712.8499755859375,715.0,712.5999755859375,712.5999755859375,1381,0.0,0.0,2022-07-28
1688,2022-07-28 11:15:00+05:30,712.5999755859375,715.0,710.5,715.0,5405,0.0,0.0,2022-07-28
1689,2022-07-28 12:15:00+05:30,714.7000122070312,715.0,709.1500244140625,712.3499755859375,3028,0.0,0.0,2022-07-28
1690,2022-07-28 13:15:00+05:30,712.4500122070312,712.8499755859375,710.0,712.25,232,0.0,0.0,2022-07-28
1691,2022-07-28 14:15:00+05:30,711.9500122070312,713.4500122070312,700.0999755859375,701.0,5580,0.0,0.0,2022-07-28
1692,2022-07-28 15:15:00+05:30,704.0499877929688,704.0499877929688,693.5999755859375,698.4000244140625,3476,0.0,0.0,2022-07-28
1693,2022-07-29 09:15:00+05:30,703.25,718.7000122070312,699.75,705.5499877929688,0,0.0,0.0,2022-07-29
1694,2022-07-29 10:15:00+05:30,705.5499877929688,705.5499877929688,695.0499877929688,697.0,3754,0.0,0.0,2022-07-29
1695,2022-07-29 11:15:00+05:30,697.2000122070312,698.5,671.0,682.25,16337,0.0,0.0,2022-07-29
1696,2022-07-29 12:15:00+05:30,683.2000122070312,686.5,677.0,686.0,8976,0.0,0.0,2022-07-29
1697,2022-07-29 13:15:00+05:30,686.0,696.3499755859375,686.0,690.7000122070312,3846,0.0,0.0,2022-07-29
1698,2022-07-29 14:15:00+05:30,690.7000122070312,694.9500122070312,686.9500122070312,688.9500122070312,6002,0.0,0.0,2022-07-29
1699,2022-07-29 15:15:00+05:30,690.4000244140625,693.0,680.5499877929688,687.4500122070312,6957,0.0,0.0,2022-07-29
1700,2022-08-01 09:15:00+05:30,682.75,689.9500122070312,678.0,686.3499755859375,0,0.0,0.0,2022-08-01
1701,2022-08-01 10:15:00+05:30,686.4000244140625,686.5,681.6500244140625,685.4000244140625,3500,0.0,0.0,2022-08-01
1702,2022-08-01 11:15:00+05:30,685.3499755859375,694.3499755859375,685.3499755859375,692.8499755859375,4030,0.0,0.0,2022-08-01
1703,2022-08-01 12:15:00+05:30,692.7999877929688,697.6500244140625,691.0499877929688,694.9000244140625,1711,0.0,0.0,2022-08-01
1704,2022-08-01 13:15:00+05:30,695.0,705.0,693.9500122070312,699.75,13515,0.0,0.0,2022-08-01
1705,2022-08-01 14:15:00+05:30,697.9000244140625,698.8499755859375,685.5999755859375,687.7000122070312,2908,0.0,0.0,2022-08-01
1706,2022-08-01 15:15:00+05:30,685.6500244140625,699.9000244140625,685.5499877929688,688.25,2134,0.0,0.0,2022-08-01
1707,2022-08-02 09:15:00+05:30,691.6500244140625,691.6500244140625,683.0,686.1500244140625,0,0.0,0.0,2022-08-02
1708,2022-08-02 10:15:00+05:30,685.6500244140625,700.3499755859375,685.0,699.4500122070312,6927,0.0,0.0,2022-08-02
1709,2022-08-02 11:15:00+05:30,699.2999877929688,701.4500122070312,697.9500122070312,699.4000244140625,3253,0.0,0.0,2022-08-02
1710,2022-08-02 12:15:00+05:30,698.0,702.6500244140625,697.5,701.0,3369,0.0,0.0,2022-08-02
1711,2022-08-02 13:15:00+05:30,700.0499877929688,705.8499755859375,700.0499877929688,705.0,4621,0.0,0.0,2022-08-02
1712,2022-08-02 14:15:00+05:30,705.5999755859375,716.0,704.7000122070312,712.7999877929688,7937,0.0,0.0,2022-08-02
1713,2022-08-02 15:15:00+05:30,712.75,714.0,704.0499877929688,711.5,3131,0.0,0.0,2022-08-02
1714,2022-08-03 09:15:00+05:30,710.5,714.7000122070312,706.7000122070312,709.25,0,0.0,0.0,2022-08-03
1715,2022-08-03 10:15:00+05:30,709.5999755859375,709.75,697.5499877929688,700.0,3379,0.0,0.0,2022-08-03
1716,2022-08-03 11:15:00+05:30,700.0,700.0,696.5,699.25,1636,0.0,0.0,2022-08-03
1717,2022-08-03 12:15:00+05:30,699.5,699.9500122070312,695.2999877929688,698.1500244140625,676,0.0,0.0,2022-08-03
1718,2022-08-03 13:15:00+05:30,696.9000244140625,699.2000122070312,696.0,698.9500122070312,583,0.0,0.0,2022-08-03
1719,2022-08-03 14:15:00+05:30,698.9500122070312,700.0,695.4500122070312,696.2000122070312,4891,0.0,0.0,2022-08-03
1720,2022-08-03 15:15:00+05:30,699.3499755859375,700.0,696.3499755859375,699.2000122070312,3147,0.0,0.0,2022-08-03
1721,2022-08-04 09:15:00+05:30,702.0,704.1500244140625,693.1500244140625,700.9500122070312,0,0.0,0.0,2022-08-04
1722,2022-08-04 10:15:00+05:30,701.0999755859375,701.7999877929688,700.0,700.4000244140625,2843,0.0,0.0,2022-08-04
1723,2022-08-04 11:15:00+05:30,700.4000244140625,700.8499755859375,698.75,698.75,8443,0.0,0.0,2022-08-04
1724,2022-08-04 12:15:00+05:30,700.0,701.0,698.75,699.9000244140625,7553,0.0,0.0,2022-08-04
1725,2022-08-04 13:15:00+05:30,699.9000244140625,700.0,699.0999755859375,699.9000244140625,969,0.0,0.0,2022-08-04
1726,2022-08-04 14:15:00+05:30,700.0,700.0,699.6500244140625,699.6500244140625,4960,0.0,0.0,2022-08-04
1727,2022-08-04 15:15:00+05:30,700.0,700.0,698.0,699.5999755859375,1197,0.0,0.0,2022-08-04
1728,2022-08-05 09:15:00+05:30,681.0,705.7000122070312,681.0,702.5,0,0.0,0.0,2022-08-05
1729,2022-08-05 10:15:00+05:30,702.5,703.0,702.2999877929688,702.9500122070312,461,0.0,0.0,2022-08-05
1730,2022-08-05 11:15:00+05:30,703.0,703.0,702.5,703.0,818,0.0,0.0,2022-08-05
1731,2022-08-05 12:15:00+05:30,702.5999755859375,703.5,701.7999877929688,702.0999755859375,2849,0.0,0.0,2022-08-05
1732,2022-08-05 13:15:00+05:30,702.75,702.75,698.4500122070312,699.7999877929688,3098,0.0,0.0,2022-08-05
1733,2022-08-05 14:15:00+05:30,699.2000122070312,701.5,699.2000122070312,701.5,3342,0.0,0.0,2022-08-05
1734,2022-08-05 15:15:00+05:30,702.8499755859375,702.8499755859375,687.8499755859375,694.0999755859375,12389,0.0,0.0,2022-08-05
1735,2022-08-08 09:15:00+05:30,694.0999755859375,703.2999877929688,694.0999755859375,699.7000122070312,0,0.0,0.0,2022-08-08
1736,2022-08-08 10:15:00+05:30,699.7000122070312,700.0,698.2999877929688,699.25,2240,0.0,0.0,2022-08-08
1737,2022-08-08 11:15:00+05:30,699.25,700.0,697.6500244140625,700.0,1623,0.0,0.0,2022-08-08
1738,2022-08-08 12:15:00+05:30,700.0,700.0,697.7999877929688,699.0,824,0.0,0.0,2022-08-08
1739,2022-08-08 13:15:00+05:30,699.4500122070312,705.6500244140625,698.2000122070312,703.9000244140625,2152,0.0,0.0,2022-08-08
1740,2022-08-08 14:15:00+05:30,703.7000122070312,704.5999755859375,699.9000244140625,702.0999755859375,3040,0.0,0.0,2022-08-08
1741,2022-08-08 15:15:00+05:30,702.0499877929688,702.0999755859375,698.6500244140625,702.0,684,0.0,0.0,2022-08-08
1742,2022-08-10 09:15:00+05:30,700.0,715.0,700.0,713.5499877929688,0,0.0,0.0,2022-08-10
1743,2022-08-10 10:15:00+05:30,713.0499877929688,718.0,708.0,716.0499877929688,20522,0.0,0.0,2022-08-10
1744,2022-08-10 11:15:00+05:30,708.1500244140625,717.7999877929688,708.1500244140625,715.2999877929688,7223,0.0,0.0,2022-08-10
1745,2022-08-10 12:15:00+05:30,716.4000244140625,717.5,714.2000122070312,717.2999877929688,2282,0.0,0.0,2022-08-10
1746,2022-08-10 13:15:00+05:30,716.0,717.5,715.5,716.0999755859375,1487,0.0,0.0,2022-08-10
1747,2022-08-10 14:15:00+05:30,716.1500244140625,717.0,712.5499877929688,714.75,3950,0.0,0.0,2022-08-10
1748,2022-08-10 15:15:00+05:30,714.75,717.0,707.1500244140625,714.9000244140625,3211,0.0,0.0,2022-08-10
1749,2022-08-11 09:15:00+05:30,720.0499877929688,732.0999755859375,682.8499755859375,686.1500244140625,58928,0.0,0.0,2022-08-11
1750,2022-08-11 10:15:00+05:30,686.2999877929688,707.9000244140625,684.9500122070312,706.25,21195,0.0,0.0,2022-08-11
1751,2022-08-11 11:15:00+05:30,706.25,707.8499755859375,701.5,702.7000122070312,5462,0.0,0.0,2022-08-11
1752,2022-08-11 12:15:00+05:30,702.7000122070312,702.7000122070312,695.3499755859375,696.9000244140625,5652,0.0,0.0,2022-08-11
1753,2022-08-11 13:15:00+05:30,696.5,698.9500122070312,690.0,691.0999755859375,7863,0.0,0.0,2022-08-11
1754,2022-08-11 14:15:00+05:30,691.0,695.0499877929688,686.75,690.5,6896,0.0,0.0,2022-08-11
1755,2022-08-11 15:15:00+05:30,690.5,692.9500122070312,682.4500122070312,687.9500122070312,9298,0.0,0.0,2022-08-11
1756,2022-08-12 09:15:00+05:30,694.8499755859375,694.9500122070312,682.4000244140625,694.25,0,0.0,0.0,2022-08-12
1757,2022-08-12 10:15:00+05:30,694.2999877929688,694.2999877929688,691.4000244140625,691.6500244140625,1357,0.0,0.0,2022-08-12
1758,2022-08-12 11:15:00+05:30,692.4500122070312,694.1500244140625,690.2000122070312,693.8499755859375,1569,0.0,0.0,2022-08-12
1759,2022-08-12 12:15:00+05:30,693.75,694.0999755859375,683.0,690.4000244140625,2991,0.0,0.0,2022-08-12
1760,2022-08-12 13:15:00+05:30,689.9500122070312,693.4500122070312,686.5,687.5499877929688,1765,0.0,0.0,2022-08-12
1761,2022-08-12 14:15:00+05:30,687.9500122070312,689.3499755859375,685.0,688.0,2024,0.0,0.0,2022-08-12
1762,2022-08-12 15:15:00+05:30,688.8499755859375,690.0,683.0499877929688,686.4500122070312,1317,0.0,0.0,2022-08-12
1763,2022-08-16 09:15:00+05:30,682.0,689.9000244140625,678.0499877929688,682.5499877929688,0,0.0,0.0,2022-08-16
1764,2022-08-16 10:15:00+05:30,682.5499877929688,683.4000244140625,681.7999877929688,681.9500122070312,1430,0.0,0.0,2022-08-16
1765,2022-08-16 11:15:00+05:30,681.9500122070312,683.0,681.7999877929688,682.2000122070312,1529,0.0,0.0,2022-08-16
1766,2022-08-16 12:15:00+05:30,682.0499877929688,683.2999877929688,675.0,676.25,5298,0.0,0.0,2022-08-16
1767,2022-08-16 13:15:00+05:30,675.9500122070312,679.5999755859375,675.0999755859375,679.0999755859375,2290,0.0,0.0,2022-08-16
1768,2022-08-16 14:15:00+05:30,679.2999877929688,681.9000244140625,675.0,675.0,7546,0.0,0.0,2022-08-16
1769,2022-08-16 15:15:00+05:30,675.0,676.0,675.0,675.0,6351,0.0,0.0,2022-08-16
1770,2022-08-17 09:15:00+05:30,675.1500244140625,688.3499755859375,675.1500244140625,684.6500244140625,5963,0.0,0.0,2022-08-17
1771,2022-08-17 10:15:00+05:30,684.6500244140625,686.2999877929688,676.0999755859375,684.2999877929688,5095,0.0,0.0,2022-08-17
1772,2022-08-17 11:15:00+05:30,684.2999877929688,686.9500122070312,679.2000122070312,684.8499755859375,2315,0.0,0.0,2022-08-17
1773,2022-08-17 12:15:00+05:30,685.0499877929688,685.5499877929688,681.2999877929688,683.25,979,0.0,0.0,2022-08-17
1774,2022-08-17 13:15:00+05:30,683.25,683.3499755859375,678.7000122070312,679.9500122070312,995,0.0,0.0,2022-08-17
1775,2022-08-17 14:15:00+05:30,678.7999877929688,680.7000122070312,676.0,677.0499877929688,794,0.0,0.0,2022-08-17
1776,2022-08-17 15:15:00+05:30,677.0999755859375,687.9000244140625,676.0,680.7999877929688,0,0.0,0.0,2022-08-17
1777,2022-08-18 09:15:00+05:30,680.0,684.2000122070312,678.2000122070312,680.2999877929688,4644,0.0,0.0,2022-08-18
1778,2022-08-18 10:15:00+05:30,680.2999877929688,680.5999755859375,675.0,678.2999877929688,2969,0.0,0.0,2022-08-18
1779,2022-08-18 11:15:00+05:30,678.5,679.9500122070312,676.0499877929688,676.9500122070312,2168,0.0,0.0,2022-08-18
1780,2022-08-18 12:15:00+05:30,678.5499877929688,678.5499877929688,676.4000244140625,677.0,669,0.0,0.0,2022-08-18
1781,2022-08-18 13:15:00+05:30,677.6500244140625,678.3499755859375,677.0,678.0499877929688,567,0.0,0.0,2022-08-18
1782,2022-08-18 14:15:00+05:30,678.0,680.0499877929688,675.7999877929688,680.0499877929688,3681,0.0,0.0,2022-08-18
1783,2022-08-18 15:15:00+05:30,680.0499877929688,681.0,678.4500122070312,679.25,3111,0.0,0.0,2022-08-18
1784,2022-08-19 09:15:00+05:30,680.0,682.6500244140625,675.5,678.9500122070312,0,0.0,0.0,2022-08-19
1785,2022-08-19 10:15:00+05:30,678.8499755859375,680.0,675.9500122070312,678.9000244140625,2486,0.0,0.0,2022-08-19
1786,2022-08-19 11:15:00+05:30,679.0,679.0499877929688,675.0499877929688,678.5499877929688,1759,0.0,0.0,2022-08-19
1787,2022-08-19 12:15:00+05:30,678.5499877929688,679.0,675.5499877929688,678.5,1060,0.0,0.0,2022-08-19
1788,2022-08-19 13:15:00+05:30,678.5499877929688,678.75,675.0,676.4000244140625,3119,0.0,0.0,2022-08-19
1789,2022-08-19 14:15:00+05:30,676.5,677.9000244140625,669.2000122070312,675.2000122070312,6566,0.0,0.0,2022-08-19
1790,2022-08-19 15:15:00+05:30,675.9000244140625,676.5,675.0,675.4000244140625,0,0.0,0.0,2022-08-19
1791,2022-08-22 09:15:00+05:30,675.0,679.8499755859375,673.25,677.5999755859375,0,0.0,0.0,2022-08-22
1792,2022-08-22 10:15:00+05:30,678.0,684.7999877929688,675.0,675.5999755859375,4651,0.0,0.0,2022-08-22
1793,2022-08-22 11:15:00+05:30,675.5999755859375,678.2999877929688,663.2999877929688,670.0999755859375,6003,0.0,0.0,2022-08-22
1794,2022-08-22 12:15:00+05:30,670.7000122070312,673.1500244140625,668.0,668.2999877929688,2836,0.0,0.0,2022-08-22
1795,2022-08-22 13:15:00+05:30,668.5999755859375,670.2000122070312,667.1500244140625,668.25,2074,0.0,0.0,2022-08-22
1796,2022-08-22 14:15:00+05:30,669.0499877929688,679.7999877929688,667.5,670.0499877929688,5625,0.0,0.0,2022-08-22
1797,2022-08-22 15:15:00+05:30,670.0499877929688,676.0,667.5,667.5,2135,0.0,0.0,2022-08-22
1798,2022-08-23 09:15:00+05:30,661.0,670.9000244140625,661.0,665.3499755859375,0,0.0,0.0,2022-08-23
1799,2022-08-23 10:15:00+05:30,665.25,666.25,663.0,665.0,2204,0.0,0.0,2022-08-23
1800,2022-08-23 11:15:00+05:30,664.5999755859375,675.7999877929688,664.5999755859375,672.0999755859375,6289,0.0,0.0,2022-08-23
1801,2022-08-23 12:15:00+05:30,672.7999877929688,677.2000122070312,672.0999755859375,676.1500244140625,2362,0.0,0.0,2022-08-23
1802,2022-08-23 13:15:00+05:30,676.6500244140625,689.9000244140625,675.5999755859375,687.0,7249,0.0,0.0,2022-08-23
1803,2022-08-23 14:15:00+05:30,687.7999877929688,693.0,687.0,692.3499755859375,6454,0.0,0.0,2022-08-23
1804,2022-08-23 15:15:00+05:30,693.0,695.0,689.5,691.0499877929688,0,0.0,0.0,2022-08-23
1805,2022-08-24 09:15:00+05:30,703.25,703.25,676.25,678.2999877929688,5519,0.0,0.0,2022-08-24
1806,2022-08-24 10:15:00+05:30,678.2999877929688,687.0,677.2999877929688,682.0499877929688,3036,0.0,0.0,2022-08-24
1807,2022-08-24 11:15:00+05:30,683.7999877929688,708.0,682.0,707.7000122070312,24377,0.0,0.0,2022-08-24
1808,2022-08-24 12:15:00+05:30,707.9000244140625,714.2999877929688,705.0,705.0,13622,0.0,0.0,2022-08-24
1809,2022-08-24 13:15:00+05:30,705.0,713.0,705.0,707.4000244140625,7127,0.0,0.0,2022-08-24
1810,2022-08-24 14:15:00+05:30,707.4000244140625,711.0,701.5999755859375,710.0999755859375,4634,0.0,0.0,2022-08-24
1811,2022-08-24 15:15:00+05:30,710.0,715.0,701.0499877929688,701.0499877929688,8793,0.0,0.0,2022-08-24
1812,2022-08-25 09:15:00+05:30,709.7000122070312,714.9500122070312,707.2000122070312,711.0,0,0.0,0.0,2022-08-25
1813,2022-08-25 10:15:00+05:30,711.0,725.0,705.25,723.4500122070312,18403,0.0,0.0,2022-08-25
1814,2022-08-25 11:15:00+05:30,723.4500122070312,729.0,713.6500244140625,724.0,9365,0.0,0.0,2022-08-25
1815,2022-08-25 12:15:00+05:30,724.0,725.0,716.7000122070312,724.5999755859375,5557,0.0,0.0,2022-08-25
1816,2022-08-25 13:15:00+05:30,724.5999755859375,724.5999755859375,715.4500122070312,717.75,4416,0.0,0.0,2022-08-25
1817,2022-08-25 14:15:00+05:30,716.8499755859375,727.4500122070312,715.0499877929688,727.0,12941,0.0,0.0,2022-08-25
1818,2022-08-25 15:15:00+05:30,727.0,729.0,725.0,726.0499877929688,6826,0.0,0.0,2022-08-25
1819,2022-08-26 09:15:00+05:30,725.0999755859375,734.0,722.7000122070312,729.2999877929688,0,0.0,0.0,2022-08-26
1820,2022-08-26 10:15:00+05:30,728.2000122070312,730.2000122070312,726.75,726.75,2394,0.0,0.0,2022-08-26
1821,2022-08-26 11:15:00+05:30,726.75,727.0499877929688,724.7000122070312,725.0,1360,0.0,0.0,2022-08-26
1822,2022-08-26 12:15:00+05:30,725.0,725.0,716.7999877929688,719.4000244140625,1369,0.0,0.0,2022-08-26
1823,2022-08-26 13:15:00+05:30,719.4000244140625,720.0,716.5499877929688,718.2999877929688,1753,0.0,0.0,2022-08-26
1824,2022-08-26 14:15:00+05:30,717.7000122070312,728.0,716.5999755859375,725.3499755859375,9288,0.0,0.0,2022-08-26
1825,2022-08-26 15:15:00+05:30,725.3499755859375,727.4000244140625,722.0,725.0,4648,0.0,0.0,2022-08-26
1826,2022-08-29 09:15:00+05:30,704.6500244140625,718.8499755859375,696.2999877929688,718.0,0,0.0,0.0,2022-08-29
1827,2022-08-29 10:15:00+05:30,718.0,724.4000244140625,715.5499877929688,723.2000122070312,1382,0.0,0.0,2022-08-29
1828,2022-08-29 11:15:00+05:30,723.2000122070312,724.7000122070312,722.0,722.25,1296,0.0,0.0,2022-08-29
1829,2022-08-29 12:15:00+05:30,722.2999877929688,726.9000244140625,722.2999877929688,725.5499877929688,1142,0.0,0.0,2022-08-29
1830,2022-08-29 13:15:00+05:30,724.75,728.6500244140625,721.75,726.3499755859375,3320,0.0,0.0,2022-08-29
1831,2022-08-29 14:15:00+05:30,726.3499755859375,727.5499877929688,715.0,715.4000244140625,1852,0.0,0.0,2022-08-29
1832,2022-08-29 15:15:00+05:30,715.4000244140625,716.9000244140625,711.3499755859375,715.2999877929688,0,0.0,0.0,2022-08-29
1833,2022-08-30 09:15:00+05:30,727.75,729.8499755859375,723.9500122070312,728.9000244140625,4141,0.0,0.0,2022-08-30
1834,2022-08-30 10:15:00+05:30,727.3499755859375,745.0,724.5499877929688,726.7999877929688,31960,0.0,0.0,2022-08-30
1835,2022-08-30 11:15:00+05:30,726.7999877929688,730.0,720.3499755859375,728.0,32089,0.0,0.0,2022-08-30
1836,2022-08-30 12:15:00+05:30,728.0,728.0,722.4500122070312,724.0,15580,0.0,0.0,2022-08-30
1837,2022-08-30 13:15:00+05:30,725.7999877929688,726.0,722.0,725.0999755859375,5640,0.0,0.0,2022-08-30
1838,2022-08-30 14:15:00+05:30,725.8499755859375,725.8499755859375,720.0999755859375,720.5,8454,0.0,0.0,2022-08-30
1839,2022-08-30 15:15:00+05:30,720.0999755859375,723.9500122070312,720.0,720.6500244140625,0,0.0,0.0,2022-08-30
1840,2022-09-01 09:15:00+05:30,723.9500122070312,726.5499877929688,719.4500122070312,726.5499877929688,7916,0.0,0.0,2022-09-01
1841,2022-09-01 10:15:00+05:30,726.5499877929688,729.2000122070312,716.8499755859375,717.6500244140625,7294,0.0,0.0,2022-09-01
1842,2022-09-01 11:15:00+05:30,717.7999877929688,726.25,717.6500244140625,725.0,5814,0.0,0.0,2022-09-01
1843,2022-09-01 12:15:00+05:30,726.2000122070312,726.9000244140625,725.0,725.5,8117,0.0,0.0,2022-09-01
1844,2022-09-01 13:15:00+05:30,725.5,726.9000244140625,725.0,725.2999877929688,2134,0.0,0.0,2022-09-01
1845,2022-09-01 14:15:00+05:30,725.2999877929688,726.75,720.3499755859375,721.5499877929688,63223,0.0,0.0,2022-09-01
1846,2022-09-01 15:15:00+05:30,721.1500244140625,722.0,719.6500244140625,721.5,2757,0.0,0.0,2022-09-01
1847,2022-09-02 09:15:00+05:30,725.1500244140625,735.0,725.1500244140625,731.75,0,0.0,0.0,2022-09-02
1848,2022-09-02 10:15:00+05:30,731.9500122070312,734.0,730.0,733.5499877929688,15788,0.0,0.0,2022-09-02
1849,2022-09-02 11:15:00+05:30,732.3499755859375,733.25,730.0,730.0,9467,0.0,0.0,2022-09-02
1850,2022-09-02 12:15:00+05:30,730.0499877929688,730.8499755859375,730.0,730.0,6548,0.0,0.0,2022-09-02
1851,2022-09-02 13:15:00+05:30,730.0,731.9500122070312,725.1500244140625,728.0,61151,0.0,0.0,2022-09-02
1852,2022-09-02 14:15:00+05:30,728.0,729.75,728.0,728.0499877929688,4934,0.0,0.0,2022-09-02
1853,2022-09-02 15:15:00+05:30,728.9000244140625,729.0,728.0,728.1500244140625,0,0.0,0.0,2022-09-02
1854,2022-09-05 09:15:00+05:30,730.0,734.5,730.0,730.9500122070312,0,0.0,0.0,2022-09-05
1855,2022-09-05 10:15:00+05:30,731.0,740.0,730.0,731.8499755859375,37533,0.0,0.0,2022-09-05
1856,2022-09-05 11:15:00+05:30,730.8499755859375,731.9000244140625,730.0,731.75,846,0.0,0.0,2022-09-05
1857,2022-09-05 12:15:00+05:30,731.7000122070312,732.0,726.25,730.0499877929688,5295,0.0,0.0,2022-09-05
1858,2022-09-05 13:15:00+05:30,730.1500244140625,732.0,728.25,729.4500122070312,57673,0.0,0.0,2022-09-05
1859,2022-09-05 14:15:00+05:30,728.5,729.25,728.0,728.0,2409,0.0,0.0,2022-09-05
1860,2022-09-05 15:15:00+05:30,728.0499877929688,729.5499877929688,728.0,728.0,2904,0.0,0.0,2022-09-05
1861,2022-09-06 09:15:00+05:30,732.0999755859375,735.0,730.5,732.2000122070312,4869,0.0,0.0,2022-09-06
1862,2022-09-06 10:15:00+05:30,732.2000122070312,735.0,731.7000122070312,733.2000122070312,6971,0.0,0.0,2022-09-06
1863,2022-09-06 11:15:00+05:30,732.0499877929688,735.4500122070312,732.0,735.2999877929688,1542,0.0,0.0,2022-09-06
1864,2022-09-06 12:15:00+05:30,734.7999877929688,734.7999877929688,726.7999877929688,728.75,63080,0.0,0.0,2022-09-06
1865,2022-09-06 13:15:00+05:30,727.75,729.6500244140625,727.75,729.6500244140625,534,0.0,0.0,2022-09-06
1866,2022-09-06 14:15:00+05:30,728.4500122070312,731.0,726.5,730.75,1662,0.0,0.0,2022-09-06
1867,2022-09-06 15:15:00+05:30,730.5499877929688,731.0,730.0,730.4000244140625,0,0.0,0.0,2022-09-06
1868,2022-09-07 09:15:00+05:30,731.9500122070312,734.9500122070312,730.0,730.0999755859375,16406,0.0,0.0,2022-09-07
1869,2022-09-07 10:15:00+05:30,730.0999755859375,730.4000244140625,730.0,730.0,2424,0.0,0.0,2022-09-07
1870,2022-09-07 11:15:00+05:30,730.0,732.0,730.0,731.0499877929688,2035,0.0,0.0,2022-09-07
1871,2022-09-07 12:15:00+05:30,730.25,731.8499755859375,727.0,727.3499755859375,61529,0.0,0.0,2022-09-07
1872,2022-09-07 13:15:00+05:30,727.0,727.6500244140625,727.0,727.4000244140625,1706,0.0,0.0,2022-09-07
1873,2022-09-07 14:15:00+05:30,727.0,729.0,727.0,727.5499877929688,3043,0.0,0.0,2022-09-07
1874,2022-09-07 15:15:00+05:30,729.0,729.0,727.0,728.6500244140625,3519,0.0,0.0,2022-09-07
1875,2022-09-08 09:15:00+05:30,735.0499877929688,744.7999877929688,735.0499877929688,742.2000122070312,0,0.0,0.0,2022-09-08
1876,2022-09-08 10:15:00+05:30,742.5,744.0,741.0,742.0499877929688,7117,0.0,0.0,2022-09-08
1877,2022-09-08 11:15:00+05:30,742.4500122070312,743.5999755859375,736.5,738.25,6316,0.0,0.0,2022-09-08
1878,2022-09-08 12:15:00+05:30,737.9000244140625,738.5999755859375,735.0,735.4500122070312,8185,0.0,0.0,2022-09-08
1879,2022-09-08 13:15:00+05:30,736.3499755859375,736.9500122070312,735.5499877929688,736.8499755859375,58301,0.0,0.0,2022-09-08
1880,2022-09-08 14:15:00+05:30,736.5,738.5,734.0499877929688,735.5499877929688,7757,0.0,0.0,2022-09-08
1881,2022-09-08 15:15:00+05:30,735.0,736.4500122070312,734.0,734.6500244140625,3688,0.0,0.0,2022-09-08
1882,2022-09-09 09:15:00+05:30,741.9500122070312,743.4500122070312,734.7999877929688,741.4500122070312,0,0.0,0.0,2022-09-09
1883,2022-09-09 10:15:00+05:30,741.0,742.0,741.0,741.75,1427,0.0,0.0,2022-09-09
1884,2022-09-09 11:15:00+05:30,741.6500244140625,741.6500244140625,740.0,740.0,8873,0.0,0.0,2022-09-09
1885,2022-09-09 12:15:00+05:30,740.0,740.5499877929688,731.7999877929688,731.8499755859375,63406,0.0,0.0,2022-09-09
1886,2022-09-09 13:15:00+05:30,731.3499755859375,732.0,730.0,731.1500244140625,2354,0.0,0.0,2022-09-09
1887,2022-09-09 14:15:00+05:30,731.1500244140625,733.0,730.0,731.0999755859375,4896,0.0,0.0,2022-09-09
1888,2022-09-09 15:15:00+05:30,731.0,735.0,730.0,730.5,2370,0.0,0.0,2022-09-09
1889,2022-09-12 09:15:00+05:30,740.0,750.9000244140625,737.0,742.7000122070312,0,0.0,0.0,2022-09-12
1890,2022-09-12 10:15:00+05:30,743.9000244140625,744.5,740.2999877929688,742.0,4028,0.0,0.0,2022-09-12
1891,2022-09-12 11:15:00+05:30,742.0,742.0,740.75,740.9000244140625,1063,0.0,0.0,2022-09-12
1892,2022-09-12 12:15:00+05:30,740.9500122070312,742.0,739.4000244140625,740.4000244140625,3295,0.0,0.0,2022-09-12
1893,2022-09-12 13:15:00+05:30,740.2999877929688,741.4000244140625,732.0,734.6500244140625,70815,0.0,0.0,2022-09-12
1894,2022-09-12 14:15:00+05:30,734.75,735.0,733.0499877929688,733.0999755859375,3927,0.0,0.0,2022-09-12
1895,2022-09-12 15:15:00+05:30,734.5,735.0,732.1500244140625,735.0,5025,0.0,0.0,2022-09-12
1896,2022-09-13 09:15:00+05:30,746.0,747.8499755859375,737.5999755859375,738.5999755859375,0,0.0,0.0,2022-09-13
1897,2022-09-13 10:15:00+05:30,738.2999877929688,738.7999877929688,733.2000122070312,734.1500244140625,2807,0.0,0.0,2022-09-13
1898,2022-09-13 11:15:00+05:30,734.4000244140625,736.5999755859375,730.0,733.1500244140625,76491,0.0,0.0,2022-09-13
1899,2022-09-13 12:15:00+05:30,733.2000122070312,733.9000244140625,733.0,733.0499877929688,3450,0.0,0.0,2022-09-13
1900,2022-09-13 13:15:00+05:30,733.0,733.9000244140625,733.0,733.0,1273,0.0,0.0,2022-09-13
1901,2022-09-13 14:15:00+05:30,733.0,733.9000244140625,733.0,733.0999755859375,1592,0.0,0.0,2022-09-13
1902,2022-09-13 15:15:00+05:30,733.0999755859375,733.9000244140625,733.0,733.75,0,0.0,0.0,2022-09-13
1903,2022-09-14 09:15:00+05:30,735.9000244140625,735.9000244140625,725.0,725.8499755859375,6352,0.0,0.0,2022-09-14
1904,2022-09-14 10:15:00+05:30,726.5499877929688,727.2999877929688,723.0499877929688,723.1500244140625,77944,0.0,0.0,2022-09-14
1905,2022-09-14 11:15:00+05:30,724.0499877929688,724.9000244140625,722.1500244140625,723.0,3887,0.0,0.0,2022-09-14
1906,2022-09-14 12:15:00+05:30,722.5,724.9000244140625,722.5,724.0,2116,0.0,0.0,2022-09-14
1907,2022-09-14 13:15:00+05:30,724.5999755859375,724.9000244140625,722.0999755859375,723.5999755859375,2066,0.0,0.0,2022-09-14
1908,2022-09-14 14:15:00+05:30,722.75,725.2999877929688,722.0999755859375,722.0999755859375,3351,0.0,0.0,2022-09-14
1909,2022-09-14 15:15:00+05:30,722.0999755859375,724.5,722.0999755859375,723.0,2102,0.0,0.0,2022-09-14
1910,2022-09-15 09:15:00+05:30,725.0,728.9500122070312,725.0,726.0,0,0.47296,0.0,2022-09-15
1911,2022-09-15 10:15:00+05:30,726.0,726.0499877929688,723.0,723.5999755859375,1359,0.0,0.0,2022-09-15
1912,2022-09-15 11:15:00+05:30,723.3499755859375,725.0,723.0,725.0,75814,0.0,0.0,2022-09-15
1913,2022-09-15 12:15:00+05:30,724.0,726.4500122070312,724.0,724.5499877929688,3761,0.0,0.0,2022-09-15
1914,2022-09-15 13:15:00+05:30,724.0,724.5999755859375,724.0,724.3499755859375,2621,0.0,0.0,2022-09-15
1915,2022-09-15 14:15:00+05:30,724.3499755859375,724.7999877929688,724.0,724.0,1928,0.0,0.0,2022-09-15
1916,2022-09-15 15:15:00+05:30,724.0,724.9000244140625,724.0,724.3499755859375,3093,0.0,0.0,2022-09-15
1917,2022-09-16 09:15:00+05:30,725.0,727.9500122070312,725.0,725.4000244140625,0,0.0,0.0,2022-09-16
1918,2022-09-16 10:15:00+05:30,725.4000244140625,727.9000244140625,725.4000244140625,726.75,1023,0.0,0.0,2022-09-16
1919,2022-09-16 11:15:00+05:30,726.7999877929688,727.0,724.0,724.0,71404,0.0,0.0,2022-09-16
1920,2022-09-16 12:15:00+05:30,724.0,724.4500122070312,724.0,724.0,742,0.0,0.0,2022-09-16
1921,2022-09-16 13:15:00+05:30,724.0499877929688,724.9500122070312,724.0,724.25,1457,0.0,0.0,2022-09-16
1922,2022-09-16 14:15:00+05:30,724.2999877929688,729.25,687.3499755859375,725.75,43214,0.0,0.0,2022-09-16
1923,2022-09-16 15:15:00+05:30,725.0,725.5499877929688,695.0,716.8499755859375,18193,0.0,0.0,2022-09-16
1924,2022-09-19 09:15:00+05:30,725.0,734.75,724.0499877929688,726.8499755859375,0,0.0,0.0,2022-09-19
1925,2022-09-19 10:15:00+05:30,726.7999877929688,728.75,725.0,726.2999877929688,15828,0.0,0.0,2022-09-19
1926,2022-09-19 11:15:00+05:30,726.3499755859375,732.9500122070312,725.0,732.9500122070312,9231,0.0,0.0,2022-09-19
1927,2022-09-19 12:15:00+05:30,732.9500122070312,735.0,729.4500122070312,729.9500122070312,81581,0.0,0.0,2022-09-19
1928,2022-09-19 13:15:00+05:30,729.9500122070312,730.5,726.5499877929688,726.7999877929688,4122,0.0,0.0,2022-09-19
1929,2022-09-19 14:15:00+05:30,726.1500244140625,727.2000122070312,724.1500244140625,725.1500244140625,15484,0.0,0.0,2022-09-19
1930,2022-09-19 15:15:00+05:30,725.4000244140625,731.0,724.75,726.9500122070312,6056,0.0,0.0,2022-09-19
1931,2022-09-20 09:15:00+05:30,730.5999755859375,737.2000122070312,730.0999755859375,734.0,0,0.0,0.0,2022-09-20
1932,2022-09-20 10:15:00+05:30,734.7999877929688,740.0,733.25,734.9500122070312,82754,0.0,0.0,2022-09-20
1933,2022-09-20 11:15:00+05:30,735.5999755859375,737.7000122070312,734.9000244140625,735.0999755859375,4238,0.0,0.0,2022-09-20
1934,2022-09-20 12:15:00+05:30,734.2999877929688,736.5999755859375,733.3499755859375,735.4000244140625,3332,0.0,0.0,2022-09-20
1935,2022-09-20 13:15:00+05:30,735.4000244140625,735.75,734.0,734.3499755859375,2805,0.0,0.0,2022-09-20
1936,2022-09-20 14:15:00+05:30,734.7999877929688,736.0,733.5999755859375,734.9000244140625,2346,0.0,0.0,2022-09-20
1937,2022-09-20 15:15:00+05:30,735.0,735.0,730.0,732.9000244140625,2817,0.0,0.0,2022-09-20
1938,2022-09-21 09:15:00+05:30,736.5,741.0,720.0,738.0999755859375,106077,0.0,0.0,2022-09-21
1939,2022-09-21 10:15:00+05:30,738.0,739.7999877929688,732.6500244140625,734.4500122070312,91140,0.0,0.0,2022-09-21
1940,2022-09-21 11:15:00+05:30,735.2000122070312,736.0,733.25,735.4500122070312,8938,0.0,0.0,2022-09-21
1941,2022-09-21 12:15:00+05:30,735.4500122070312,735.5,735.0,735.0,2392,0.0,0.0,2022-09-21
1942,2022-09-21 13:15:00+05:30,735.0,735.0,726.3499755859375,733.7000122070312,11649,0.0,0.0,2022-09-21
1943,2022-09-21 14:15:00+05:30,733.2999877929688,733.2999877929688,727.7000122070312,729.2000122070312,8442,0.0,0.0,2022-09-21
1944,2022-09-21 15:15:00+05:30,729.7000122070312,732.7000122070312,725.0,730.8499755859375,0,0.0,0.0,2022-09-21
1945,2022-09-22 09:15:00+05:30,732.2000122070312,738.0999755859375,729.8499755859375,735.4000244140625,19676,0.0,0.0,2022-09-22
1946,2022-09-22 10:15:00+05:30,735.0999755859375,736.0,733.2999877929688,735.2000122070312,3391,0.0,0.0,2022-09-22
1947,2022-09-22 11:15:00+05:30,733.9500122070312,734.9500122070312,726.5,729.9000244140625,90759,0.0,0.0,2022-09-22
1948,2022-09-22 12:15:00+05:30,729.7999877929688,730.0,727.7000122070312,730.0,2842,0.0,0.0,2022-09-22
1949,2022-09-22 13:15:00+05:30,730.0,733.0,728.5999755859375,729.4500122070312,4903,0.0,0.0,2022-09-22
1950,2022-09-22 14:15:00+05:30,731.0999755859375,734.9500122070312,729.1500244140625,729.4500122070312,3702,0.0,0.0,2022-09-22
1951,2022-09-22 15:15:00+05:30,731.0499877929688,734.0,721.0,729.5999755859375,2263,0.0,0.0,2022-09-22
1952,2022-09-23 09:15:00+05:30,730.25,730.25,725.0999755859375,728.0,0,0.0,0.0,2022-09-23
1953,2022-09-23 10:15:00+05:30,728.4500122070312,728.9500122070312,725.0,726.5999755859375,13925,0.0,0.0,2022-09-23
1954,2022-09-23 11:15:00+05:30,726.5999755859375,727.7999877929688,724.6500244140625,725.7000122070312,7350,0.0,0.0,2022-09-23
1955,2022-09-23 12:15:00+05:30,726.0499877929688,727.0999755859375,725.5,727.0999755859375,682,0.0,0.0,2022-09-23
1956,2022-09-23 13:15:00+05:30,725.1500244140625,726.2999877929688,724.4500122070312,724.6500244140625,986,0.0,0.0,2022-09-23
1957,2022-09-23 14:15:00+05:30,726.0,732.0,723.25,728.5,6512,0.0,0.0,2022-09-23
1958,2022-09-23 15:15:00+05:30,728.0499877929688,730.0,725.0,725.0,3672,0.0,0.0,2022-09-23
1959,2022-09-26 09:15:00+05:30,735.0,738.2000122070312,731.1500244140625,735.7999877929688,4309,0.0,0.0,2022-09-26
1960,2022-09-26 10:15:00+05:30,735.7000122070312,740.0,732.25,735.6500244140625,178257,0.0,0.0,2022-09-26
1961,2022-09-26 11:15:00+05:30,735.5499877929688,739.0,735.0999755859375,737.0,18560,0.0,0.0,2022-09-26
1962,2022-09-26 12:15:00+05:30,736.1500244140625,737.5,736.1500244140625,736.2000122070312,16819,0.0,0.0,2022-09-26
1963,2022-09-26 13:15:00+05:30,736.3499755859375,737.5,728.0,735.0499877929688,107484,0.0,0.0,2022-09-26
1964,2022-09-26 14:15:00+05:30,735.0499877929688,737.3499755859375,734.0499877929688,735.75,30434,0.0,0.0,2022-09-26
1965,2022-09-26 15:15:00+05:30,737.0999755859375,737.4000244140625,731.0,735.25,0,0.0,0.0,2022-09-26
1966,2022-09-27 09:15:00+05:30,739.9500122070312,745.3499755859375,735.0999755859375,737.5999755859375,32369,0.0,0.0,2022-09-27
1967,2022-09-27 10:15:00+05:30,736.7000122070312,738.0,735.25,736.9500122070312,6993,0.0,0.0,2022-09-27
1968,2022-09-27 11:15:00+05:30,735.5999755859375,738.4500122070312,728.0499877929688,729.0,82092,0.0,0.0,2022-09-27
1969,2022-09-27 12:15:00+05:30,731.4500122070312,732.9500122070312,728.25,729.75,4814,0.0,0.0,2022-09-27
1970,2022-09-27 13:15:00+05:30,729.8499755859375,732.7999877929688,728.0999755859375,728.1500244140625,5485,0.0,0.0,2022-09-27
1971,2022-09-27 14:15:00+05:30,728.1500244140625,729.5999755859375,728.0,728.0,4512,0.0,0.0,2022-09-27
1972,2022-09-27 15:15:00+05:30,728.0,733.0,727.0499877929688,728.0,13075,0.0,0.0,2022-09-27
1973,2022-09-28 09:15:00+05:30,730.0,736.7999877929688,730.0,734.9500122070312,8378,0.0,0.0,2022-09-28
1974,2022-09-28 10:15:00+05:30,734.9500122070312,736.5,732.0,733.25,1679,0.0,0.0,2022-09-28
1975,2022-09-28 11:15:00+05:30,733.2000122070312,733.25,729.2000122070312,729.6500244140625,3495,0.0,0.0,2022-09-28
1976,2022-09-28 12:15:00+05:30,730.5499877929688,730.9500122070312,728.0,728.0,79632,0.0,0.0,2022-09-28
1977,2022-09-28 13:15:00+05:30,728.0499877929688,729.3499755859375,728.0,728.0,686,0.0,0.0,2022-09-28
1978,2022-09-28 14:15:00+05:30,729.2000122070312,731.9000244140625,728.0,729.6500244140625,2775,0.0,0.0,2022-09-28
1979,2022-09-28 15:15:00+05:30,728.8499755859375,735.0,728.0,731.7999877929688,3645,0.0,0.0,2022-09-28
1980,2022-09-29 09:15:00+05:30,741.0,741.0,735.0499877929688,735.0499877929688,0,0.0,0.0,2022-09-29
1981,2022-09-29 10:15:00+05:30,735.0499877929688,736.0,728.5999755859375,730.1500244140625,94202,0.0,0.0,2022-09-29
1982,2022-09-29 11:15:00+05:30,730.0499877929688,730.0999755859375,727.25,729.75,1183,0.0,0.0,2022-09-29
1983,2022-09-29 12:15:00+05:30,729.7000122070312,730.0,727.0,727.9000244140625,2448,0.0,0.0,2022-09-29
1984,2022-09-29 13:15:00+05:30,727.0,728.5,727.0,727.5999755859375,495,0.0,0.0,2022-09-29
1985,2022-09-29 14:15:00+05:30,728.2999877929688,731.9000244140625,727.0999755859375,727.1500244140625,5296,0.0,0.0,2022-09-29
1986,2022-09-29 15:15:00+05:30,727.1500244140625,731.0,727.0999755859375,730.2999877929688,0,0.0,0.0,2022-09-29
1987,2022-09-30 09:15:00+05:30,734.0,741.5,733.5999755859375,738.4000244140625,14697,0.0,0.0,2022-09-30
1988,2022-09-30 10:15:00+05:30,738.4500122070312,738.5999755859375,736.0,738.0,1881,0.0,0.0,2022-09-30
1989,2022-09-30 11:15:00+05:30,736.8499755859375,739.7000122070312,735.75,737.0,1803,0.0,0.0,2022-09-30
1990,2022-09-30 12:15:00+05:30,737.0,737.0,729.0999755859375,730.9000244140625,112192,0.0,0.0,2022-09-30
1991,2022-09-30 13:15:00+05:30,730.9000244140625,732.4000244140625,729.25,732.0,1758,0.0,0.0,2022-09-30
1992,2022-09-30 14:15:00+05:30,732.0,734.9000244140625,730.0,734.5,12379,0.0,0.0,2022-09-30
1993,2022-09-30 15:15:00+05:30,734.7999877929688,734.9000244140625,727.0,733.7999877929688,13244,0.0,0.0,2022-09-30
1994,2022-10-03 09:15:00+05:30,735.0,745.7999877929688,735.0,738.8499755859375,0,0.0,0.0,2022-10-03
1995,2022-10-03 10:15:00+05:30,738.8499755859375,739.9500122070312,736.0,739.0499877929688,5034,0.0,0.0,2022-10-03
1996,2022-10-03 11:15:00+05:30,738.75,739.25,729.0499877929688,729.0499877929688,16620,0.0,0.0,2022-10-03
1997,2022-10-03 12:15:00+05:30,730.0,733.4500122070312,729.0,731.0,94721,0.0,0.0,2022-10-03
1998,2022-10-03 13:15:00+05:30,731.0,732.4500122070312,729.3499755859375,731.0,1117,0.0,0.0,2022-10-03
1999,2022-10-03 14:15:00+05:30,731.0,732.8499755859375,729.0499877929688,730.5999755859375,4488,0.0,0.0,2022-10-03
2000,2022-10-03 15:15:00+05:30,732.2999877929688,732.9000244140625,729.0499877929688,731.75,4663,0.0,0.0,2022-10-03
2001,2022-10-04 09:15:00+05:30,736.0,743.9500122070312,735.0999755859375,737.9000244140625,0,0.0,0.0,2022-10-04
2002,2022-10-04 10:15:00+05:30,737.1500244140625,737.8499755859375,735.0,735.9500122070312,3477,0.0,0.0,2022-10-04
2003,2022-10-04 11:15:00+05:30,735.9500122070312,739.0,729.0,729.6500244140625,122940,0.0,0.0,2022-10-04
2004,2022-10-04 12:15:00+05:30,730.75,734.9000244140625,730.75,732.5,5493,0.0,0.0,2022-10-04
2005,2022-10-04 13:15:00+05:30,732.3499755859375,732.4000244140625,729.0999755859375,729.25,2198,0.0,0.0,2022-10-04
2006,2022-10-04 14:15:00+05:30,729.2000122070312,738.8499755859375,728.5,737.4500122070312,7386,0.0,0.0,2022-10-04
2007,2022-10-04 15:15:00+05:30,738.2999877929688,740.0,735.1500244140625,737.8499755859375,0,0.0,0.0,2022-10-04
2008,2022-10-06 09:15:00+05:30,741.5499877929688,749.9000244140625,740.25,744.0499877929688,0,0.0,0.0,2022-10-06
2009,2022-10-06 10:15:00+05:30,744.0,744.8499755859375,741.0,743.1500244140625,1693,0.0,0.0,2022-10-06
2010,2022-10-06 11:15:00+05:30,743.3499755859375,747.8499755859375,731.9000244140625,734.9500122070312,116770,0.0,0.0,2022-10-06
2011,2022-10-06 12:15:00+05:30,734.9000244140625,734.9000244140625,732.75,733.0499877929688,1587,0.0,0.0,2022-10-06
2012,2022-10-06 13:15:00+05:30,734.25,734.75,732.0999755859375,734.4500122070312,1445,0.0,0.0,2022-10-06
2013,2022-10-06 14:15:00+05:30,734.4500122070312,739.0,731.7000122070312,738.0,4944,0.0,0.0,2022-10-06
2014,2022-10-06 15:15:00+05:30,739.7999877929688,739.9500122070312,730.75,735.8499755859375,2759,0.0,0.0,2022-10-06
2015,2022-10-07 09:15:00+05:30,735.9000244140625,739.0,735.5999755859375,738.9000244140625,0,0.0,0.0,2022-10-07
2016,2022-10-07 10:15:00+05:30,738.9000244140625,738.9000244140625,736.5,738.5,963,0.0,0.0,2022-10-07
2017,2022-10-07 11:15:00+05:30,738.5,738.5499877929688,737.0499877929688,737.5499877929688,628,0.0,0.0,2022-10-07
2018,2022-10-07 12:15:00+05:30,737.0,738.9500122070312,730.0,731.25,19699,0.0,0.0,2022-10-07
2019,2022-10-07 13:15:00+05:30,731.9500122070312,733.75,728.5499877929688,731.75,93727,0.0,0.0,2022-10-07
2020,2022-10-07 14:15:00+05:30,731.75,733.9000244140625,728.0999755859375,729.0999755859375,5506,0.0,0.0,2022-10-07
2021,2022-10-07 15:15:00+05:30,730.5,732.5,728.9500122070312,730.5,0,0.0,0.0,2022-10-07
2022,2022-10-10 09:15:00+05:30,728.0,736.9500122070312,728.0,736.9500122070312,0,0.0,0.0,2022-10-10
2023,2022-10-10 10:15:00+05:30,736.5,736.5,731.8499755859375,736.4000244140625,17146,0.0,0.0,2022-10-10
2024,2022-10-10 11:15:00+05:30,736.9500122070312,737.0,735.0499877929688,736.9000244140625,2220,0.0,0.0,2022-10-10
2025,2022-10-10 12:15:00+05:30,736.9500122070312,736.9500122070312,728.5499877929688,728.9500122070312,4721,0.0,0.0,2022-10-10
2026,2022-10-10 13:15:00+05:30,728.9500122070312,730.0,727.0499877929688,729.9000244140625,95001,0.0,0.0,2022-10-10
2027,2022-10-10 14:15:00+05:30,729.9000244140625,734.7999877929688,729.3499755859375,733.2000122070312,1642,0.0,0.0,2022-10-10
2028,2022-10-10 15:15:00+05:30,733.0,733.0,727.5,729.5,5674,0.0,0.0,2022-10-10
2029,2022-10-11 09:15:00+05:30,731.4000244140625,732.9000244140625,730.5499877929688,731.75,0,0.0,0.0,2022-10-11
2030,2022-10-11 10:15:00+05:30,731.7999877929688,732.3499755859375,730.0499877929688,732.2999877929688,10254,0.0,0.0,2022-10-11
2031,2022-10-11 11:15:00+05:30,732.2999877929688,732.7999877929688,725.0,727.25,94223,0.0,0.0,2022-10-11
2032,2022-10-11 12:15:00+05:30,727.2999877929688,728.4500122070312,726.7999877929688,727.9000244140625,314,0.0,0.0,2022-10-11
2033,2022-10-11 13:15:00+05:30,727.9000244140625,727.9000244140625,726.9500122070312,727.5999755859375,437,0.0,0.0,2022-10-11
2034,2022-10-11 14:15:00+05:30,727.5999755859375,732.2999877929688,726.0,729.0,4808,0.0,0.0,2022-10-11
2035,2022-10-11 15:15:00+05:30,728.4000244140625,731.0,726.0,729.4500122070312,3790,0.0,0.0,2022-10-11
2036,2022-10-12 09:15:00+05:30,732.75,735.9000244140625,730.7999877929688,732.9000244140625,0,0.0,0.0,2022-10-12
2037,2022-10-12 10:15:00+05:30,733.9500122070312,734.4000244140625,728.0499877929688,729.7999877929688,1229,0.0,0.0,2022-10-12
2038,2022-10-12 11:15:00+05:30,730.2000122070312,730.75,724.0499877929688,725.4000244140625,84380,0.0,0.0,2022-10-12
2039,2022-10-12 12:15:00+05:30,725.5499877929688,725.5999755859375,724.0499877929688,724.9000244140625,833,0.0,0.0,2022-10-12
2040,2022-10-12 13:15:00+05:30,725.1500244140625,725.5,724.2999877929688,725.0,794,0.0,0.0,2022-10-12
2041,2022-10-12 14:15:00+05:30,725.0,725.7000122070312,724.0,725.4000244140625,1407,0.0,0.0,2022-10-12
2042,2022-10-12 15:15:00+05:30,725.25,731.1500244140625,724.0999755859375,726.5,21830,0.0,0.0,2022-10-12
2043,2022-10-13 09:15:00+05:30,730.1500244140625,734.75,730.1500244140625,732.8499755859375,0,0.0,0.0,2022-10-13
2044,2022-10-13 10:15:00+05:30,733.0,733.4500122070312,730.9500122070312,731.4500122070312,2080,0.0,0.0,2022-10-13
2045,2022-10-13 11:15:00+05:30,731.2999877929688,732.7999877929688,730.1500244140625,731.25,2068,0.0,0.0,2022-10-13
2046,2022-10-13 12:15:00+05:30,731.25,732.5499877929688,718.4500122070312,720.0,134582,0.0,0.0,2022-10-13
2047,2022-10-13 13:15:00+05:30,719.1500244140625,720.0,718.6500244140625,718.9500122070312,4061,0.0,0.0,2022-10-13
2048,2022-10-13 14:15:00+05:30,718.9500122070312,734.8499755859375,718.7000122070312,734.2999877929688,31241,0.0,0.0,2022-10-13
2049,2022-10-13 15:15:00+05:30,733.7000122070312,736.0,729.2999877929688,729.2999877929688,5227,0.0,0.0,2022-10-13
2050,2022-10-14 09:15:00+05:30,735.1500244140625,740.0499877929688,735.0,735.5999755859375,0,0.0,0.0,2022-10-14
2051,2022-10-14 10:15:00+05:30,735.9500122070312,739.0,735.0,736.4000244140625,27518,0.0,0.0,2022-10-14
2052,2022-10-14 11:15:00+05:30,736.4000244140625,737.7000122070312,735.2999877929688,737.7000122070312,2787,0.0,0.0,2022-10-14
2053,2022-10-14 12:15:00+05:30,737.1500244140625,738.9500122070312,735.0999755859375,736.9500122070312,4998,0.0,0.0,2022-10-14
2054,2022-10-14 13:15:00+05:30,735.75,737.4000244140625,735.0999755859375,736.5499877929688,4432,0.0,0.0,2022-10-14
2055,2022-10-14 14:15:00+05:30,736.5,736.5,717.7000122070312,722.0,122508,0.0,0.0,2022-10-14
2056,2022-10-14 15:15:00+05:30,722.0,727.0,718.2000122070312,723.0499877929688,12767,0.0,0.0,2022-10-14
2057,2022-10-17 09:15:00+05:30,730.0,737.0,730.0,735.0999755859375,0,0.0,0.0,2022-10-17
2058,2022-10-17 10:15:00+05:30,735.0999755859375,737.25,733.0499877929688,734.5499877929688,9818,0.0,0.0,2022-10-17
2059,2022-10-17 11:15:00+05:30,734.8499755859375,735.0,733.25,734.6500244140625,7612,0.0,0.0,2022-10-17
2060,2022-10-17 12:15:00+05:30,734.9500122070312,735.0,726.1500244140625,733.1500244140625,117613,0.0,0.0,2022-10-17
2061,2022-10-17 13:15:00+05:30,733.9000244140625,738.0,732.4500122070312,733.75,9090,0.0,0.0,2022-10-17
2062,2022-10-17 14:15:00+05:30,733.9000244140625,734.0499877929688,728.4000244140625,732.5,3698,0.0,0.0,2022-10-17
2063,2022-10-17 15:15:00+05:30,732.6500244140625,735.0,728.0,728.0,7823,0.0,0.0,2022-10-17
2064,2022-10-18 09:15:00+05:30,734.0,740.0,734.0,738.0,0,0.0,0.0,2022-10-18
2065,2022-10-18 10:15:00+05:30,738.4500122070312,743.7999877929688,730.0,738.5,99376,0.0,0.0,2022-10-18
2066,2022-10-18 11:15:00+05:30,739.75,739.9000244140625,735.2000122070312,738.25,7464,0.0,0.0,2022-10-18
2067,2022-10-18 12:15:00+05:30,739.2000122070312,739.5,733.25,734.9500122070312,13076,0.0,0.0,2022-10-18
2068,2022-10-18 13:15:00+05:30,734.9500122070312,734.9500122070312,728.5,729.4500122070312,155736,0.0,0.0,2022-10-18
2069,2022-10-18 14:15:00+05:30,729.4500122070312,732.7000122070312,727.1500244140625,729.1500244140625,6314,0.0,0.0,2022-10-18
2070,2022-10-18 15:15:00+05:30,729.1500244140625,737.9000244140625,726.25,731.0,9077,0.0,0.0,2022-10-18
2071,2022-10-19 09:15:00+05:30,732.2000122070312,739.4000244140625,732.2000122070312,737.0499877929688,0,0.0,0.0,2022-10-19
2072,2022-10-19 10:15:00+05:30,737.0499877929688,738.2999877929688,736.0,737.9500122070312,4073,0.0,0.0,2022-10-19
2073,2022-10-19 11:15:00+05:30,738.0,738.4000244140625,728.0,728.9500122070312,116564,0.0,0.0,2022-10-19
2074,2022-10-19 12:15:00+05:30,729.2999877929688,734.9000244140625,728.7999877929688,733.2000122070312,6917,0.0,0.0,2022-10-19
2075,2022-10-19 13:15:00+05:30,734.3499755859375,737.0,733.4000244140625,736.8499755859375,3038,0.0,0.0,2022-10-19
2076,2022-10-19 14:15:00+05:30,736.9500122070312,739.2999877929688,733.2999877929688,737.0999755859375,5872,0.0,0.0,2022-10-19
2077,2022-10-19 15:15:00+05:30,738.75,740.0,737.6500244140625,737.9000244140625,2096,0.0,0.0,2022-10-19
2078,2022-10-20 09:15:00+05:30,735.0,739.5,733.0499877929688,737.9000244140625,0,0.0,0.0,2022-10-20
2079,2022-10-20 10:15:00+05:30,738.25,738.4000244140625,726.5,727.9500122070312,115500,0.0,0.0,2022-10-20
2080,2022-10-20 11:15:00+05:30,727.9000244140625,728.0,727.2000122070312,727.8499755859375,8854,0.0,0.0,2022-10-20
2081,2022-10-20 12:15:00+05:30,727.9000244140625,728.0,727.2999877929688,727.9000244140625,3046,0.0,0.0,2022-10-20
2082,2022-10-20 13:15:00+05:30,727.9000244140625,728.0,727.25,727.9500122070312,2509,0.0,0.0,2022-10-20
2083,2022-10-20 14:15:00+05:30,728.0,728.0,727.0,727.0,6197,0.0,0.0,2022-10-20
2084,2022-10-20 15:15:00+05:30,727.0,729.0999755859375,727.0,727.3499755859375,5646,0.0,0.0,2022-10-20
2085,2022-10-21 09:15:00+05:30,740.0,746.2999877929688,740.0,745.1500244140625,0,0.0,0.0,2022-10-21
2086,2022-10-21 10:15:00+05:30,745.0,745.75,741.0,742.7999877929688,7218,0.0,0.0,2022-10-21
2087,2022-10-21 11:15:00+05:30,742.1500244140625,743.0,733.1500244140625,739.3499755859375,15239,0.0,0.0,2022-10-21
2088,2022-10-21 12:15:00+05:30,739.5,741.25,738.0499877929688,738.9000244140625,3550,0.0,0.0,2022-10-21
2089,2022-10-21 13:15:00+05:30,738.9000244140625,743.0,738.25,742.3499755859375,4830,0.0,0.0,2022-10-21
2090,2022-10-21 14:15:00+05:30,742.75,750.0,737.5499877929688,737.5499877929688,24337,0.0,0.0,2022-10-21
2091,2022-10-21 15:15:00+05:30,740.0,740.0,736.0,737.5,6805,0.0,0.0,2022-10-21
2092,2022-10-24 18:15:00+05:30,750.0499877929688,769.7000122070312,750.0,764.7000122070312,15247,0.0,0.0,2022-10-24
2093,2022-10-25 09:15:00+05:30,765.1500244140625,773.5999755859375,760.0,772.9000244140625,6858,0.0,0.0,2022-10-25
2094,2022-10-25 10:15:00+05:30,772.8499755859375,773.0,762.0499877929688,762.5999755859375,22399,0.0,0.0,2022-10-25
2095,2022-10-25 11:15:00+05:30,762.6500244140625,763.4000244140625,746.9500122070312,749.0,99475,0.0,0.0,2022-10-25
2096,2022-10-25 12:15:00+05:30,748.9500122070312,750.0,747.0,747.9500122070312,12382,0.0,0.0,2022-10-25
2097,2022-10-25 13:15:00+05:30,747.8499755859375,755.0,747.0999755859375,754.9500122070312,5564,0.0,0.0,2022-10-25
2098,2022-10-25 14:15:00+05:30,754.9500122070312,758.0,751.0,756.2999877929688,10717,0.0,0.0,2022-10-25
2099,2022-10-25 15:15:00+05:30,756.1500244140625,759.9500122070312,755.0,756.0999755859375,5181,0.0,0.0,2022-10-25
2100,2022-10-27 09:15:00+05:30,760.0999755859375,767.0,757.0499877929688,765.5499877929688,0,0.0,0.0,2022-10-27
2101,2022-10-27 10:15:00+05:30,763.2999877929688,765.9500122070312,741.0,742.2999877929688,115807,0.0,0.0,2022-10-27
2102,2022-10-27 11:15:00+05:30,742.4000244140625,753.5999755859375,739.5999755859375,753.5,97788,0.0,0.0,2022-10-27
2103,2022-10-27 12:15:00+05:30,754.0499877929688,756.0,751.5499877929688,756.0,5511,0.0,0.0,2022-10-27
2104,2022-10-27 13:15:00+05:30,756.0,763.0,755.0,763.0,7383,0.0,0.0,2022-10-27
2105,2022-10-27 14:15:00+05:30,763.0,763.0,759.0499877929688,761.0,8751,0.0,0.0,2022-10-27
2106,2022-10-27 15:15:00+05:30,761.8499755859375,763.0,761.0,762.25,4044,0.0,0.0,2022-10-27
2107,2022-10-28 09:15:00+05:30,760.0,764.4500122070312,760.0,761.4500122070312,0,0.0,0.0,2022-10-28
2108,2022-10-28 10:15:00+05:30,761.4500122070312,762.2999877929688,738.6500244140625,744.9500122070312,214549,0.0,0.0,2022-10-28
2109,2022-10-28 11:15:00+05:30,744.9500122070312,746.7999877929688,743.4500122070312,746.7000122070312,4096,0.0,0.0,2022-10-28
2110,2022-10-28 12:15:00+05:30,746.7000122070312,746.7000122070312,742.0,742.9000244140625,4827,0.0,0.0,2022-10-28
2111,2022-10-28 13:15:00+05:30,742.9000244140625,743.8499755859375,736.0,739.5499877929688,20087,0.0,0.0,2022-10-28
2112,2022-10-28 14:15:00+05:30,739.5,742.5,736.5999755859375,739.7999877929688,16370,0.0,0.0,2022-10-28
2113,2022-10-28 15:15:00+05:30,737.9000244140625,741.9500122070312,736.0,736.0,6546,0.0,0.0,2022-10-28
2114,2022-10-31 09:15:00+05:30,752.0,756.7000122070312,745.0,747.9000244140625,0,0.0,0.0,2022-10-31
2115,2022-10-31 10:15:00+05:30,747.9000244140625,748.9000244140625,738.0499877929688,739.5999755859375,110027,0.0,0.0,2022-10-31
2116,2022-10-31 11:15:00+05:30,739.4500122070312,743.8499755859375,737.9000244140625,743.2999877929688,3466,0.0,0.0,2022-10-31
2117,2022-10-31 12:15:00+05:30,743.2999877929688,747.9500122070312,742.0999755859375,747.9000244140625,2313,0.0,0.0,2022-10-31
2118,2022-10-31 13:15:00+05:30,747.9000244140625,748.0,745.5499877929688,747.0499877929688,3215,0.0,0.0,2022-10-31
2119,2022-10-31 14:15:00+05:30,747.0499877929688,750.0,746.25,749.0999755859375,11507,0.0,0.0,2022-10-31
2120,2022-10-31 15:15:00+05:30,749.9500122070312,750.0,748.3499755859375,749.2000122070312,2159,0.0,0.0,2022-10-31
2121,2022-11-01 09:15:00+05:30,752.9500122070312,753.0,743.2000122070312,747.6500244140625,0,0.0,0.0,2022-11-01
2122,2022-11-01 10:15:00+05:30,746.5499877929688,747.4000244140625,739.25,742.9000244140625,119838,0.0,0.0,2022-11-01
2123,2022-11-01 11:15:00+05:30,743.1500244140625,743.5499877929688,741.5499877929688,743.0,3865,0.0,0.0,2022-11-01
2124,2022-11-01 12:15:00+05:30,742.9500122070312,746.7000122070312,742.0999755859375,742.7000122070312,4619,0.0,0.0,2022-11-01
2125,2022-11-01 13:15:00+05:30,743.4500122070312,744.4000244140625,740.0999755859375,744.4000244140625,4172,0.0,0.0,2022-11-01
2126,2022-11-01 14:15:00+05:30,744.3499755859375,749.7999877929688,742.0,746.2000122070312,6394,0.0,0.0,2022-11-01
2127,2022-11-01 15:15:00+05:30,747.1500244140625,750.0,745.7000122070312,749.0999755859375,9146,0.0,0.0,2022-11-01
2128,2022-11-02 09:15:00+05:30,748.8499755859375,753.9500122070312,744.6500244140625,746.7000122070312,0,0.0,0.0,2022-11-02
2129,2022-11-02 10:15:00+05:30,746.7000122070312,749.0499877929688,745.2999877929688,746.7000122070312,6748,0.0,0.0,2022-11-02
2130,2022-11-02 11:15:00+05:30,746.8499755859375,752.7999877929688,745.2999877929688,750.0,6114,0.0,0.0,2022-11-02
2131,2022-11-02 12:15:00+05:30,751.0,751.75,740.0999755859375,741.4500122070312,30809,0.0,0.0,2022-11-02
2132,2022-11-02 13:15:00+05:30,741.4000244140625,743.3499755859375,738.5,741.0,97331,0.0,0.0,2022-11-02
2133,2022-11-02 14:15:00+05:30,740.7000122070312,741.0,738.0,739.2000122070312,5112,0.0,0.0,2022-11-02
2134,2022-11-02 15:15:00+05:30,738.0999755859375,739.9000244140625,737.5,738.2000122070312,5768,0.0,0.0,2022-11-02
2135,2022-11-03 09:15:00+05:30,741.9000244140625,744.9000244140625,741.0,742.7999877929688,0,0.0,0.0,2022-11-03
2136,2022-11-03 10:15:00+05:30,742.8499755859375,742.9000244140625,736.5,737.8499755859375,103565,0.0,0.0,2022-11-03
2137,2022-11-03 11:15:00+05:30,737.7999877929688,740.9000244140625,735.1500244140625,739.75,9773,0.0,0.0,2022-11-03
2138,2022-11-03 12:15:00+05:30,739.7999877929688,740.9000244140625,738.0499877929688,739.9000244140625,10643,0.0,0.0,2022-11-03
2139,2022-11-03 13:15:00+05:30,739.9000244140625,745.0,738.9500122070312,744.7999877929688,8666,0.0,0.0,2022-11-03
2140,2022-11-03 14:15:00+05:30,744.9000244140625,749.8499755859375,743.6500244140625,749.1500244140625,4668,0.0,0.0,2022-11-03
2141,2022-11-03 15:15:00+05:30,748.75,749.9500122070312,748.0499877929688,749.2000122070312,3482,0.0,0.0,2022-11-03
2142,2022-11-04 09:15:00+05:30,748.25,748.25,741.7999877929688,745.3499755859375,0,0.0,0.0,2022-11-04
2143,2022-11-04 10:15:00+05:30,745.0,745.0,738.0,744.2000122070312,98806,0.0,0.0,2022-11-04
2144,2022-11-04 11:15:00+05:30,744.2000122070312,747.9500122070312,743.4500122070312,747.0,2032,0.0,0.0,2022-11-04
2145,2022-11-04 12:15:00+05:30,747.0,747.0,741.8499755859375,742.9500122070312,4981,0.0,0.0,2022-11-04
2146,2022-11-04 13:15:00+05:30,743.0,743.0,741.75,743.0,684,0.0,0.0,2022-11-04
2147,2022-11-04 14:15:00+05:30,743.0,743.0,741.0,741.7000122070312,2660,0.0,0.0,2022-11-04
2148,2022-11-04 15:15:00+05:30,742.9000244140625,743.0,738.0499877929688,741.4000244140625,4070,0.0,0.0,2022-11-04
2149,2022-11-07 09:15:00+05:30,745.1500244140625,749.8499755859375,738.4500122070312,741.2999877929688,0,0.0,0.0,2022-11-07
2150,2022-11-07 10:15:00+05:30,741.2999877929688,742.7999877929688,738.5,740.4500122070312,90763,0.0,0.0,2022-11-07
2151,2022-11-07 11:15:00+05:30,740.0999755859375,752.5,740.0999755859375,751.1500244140625,31767,0.0,0.0,2022-11-07
2152,2022-11-07 12:15:00+05:30,750.6500244140625,754.9000244140625,727.0999755859375,754.0,153186,0.0,0.0,2022-11-07
2153,2022-11-07 13:15:00+05:30,754.0,754.0,751.75,753.9500122070312,6928,0.0,0.0,2022-11-07
2154,2022-11-07 14:15:00+05:30,753.25,754.9000244140625,752.0,754.4500122070312,7746,0.0,0.0,2022-11-07
2155,2022-11-07 15:15:00+05:30,754.4000244140625,754.9000244140625,751.0999755859375,753.7000122070312,11166,0.0,0.0,2022-11-07
2156,2022-11-09 09:15:00+05:30,760.0,765.0,754.0499877929688,756.7999877929688,0,0.0,0.0,2022-11-09
2157,2022-11-09 10:15:00+05:30,756.8499755859375,757.5,746.4500122070312,752.0,27526,0.0,0.0,2022-11-09
2158,2022-11-09 11:15:00+05:30,752.9500122070312,762.7000122070312,752.4000244140625,758.7999877929688,13645,0.0,0.0,2022-11-09
2159,2022-11-09 12:15:00+05:30,758.7999877929688,762.0,744.0,744.0,25341,0.0,0.0,2022-11-09
2160,2022-11-09 13:15:00+05:30,744.7000122070312,750.4500122070312,739.5,747.0,156552,0.0,0.0,2022-11-09
2161,2022-11-09 14:15:00+05:30,746.0999755859375,747.0,743.0999755859375,743.8499755859375,13891,0.0,0.0,2022-11-09
2162,2022-11-09 15:15:00+05:30,743.8499755859375,757.9500122070312,740.9500122070312,747.9000244140625,19703,0.0,0.0,2022-11-09
2163,2022-11-10 09:15:00+05:30,751.6500244140625,754.75,748.0999755859375,750.0,0,0.0,0.0,2022-11-10
2164,2022-11-10 10:15:00+05:30,750.9000244140625,755.0,749.9000244140625,754.4500122070312,16198,0.0,0.0,2022-11-10
2165,2022-11-10 11:15:00+05:30,754.4500122070312,754.4500122070312,738.8499755859375,744.7000122070312,151306,0.0,0.0,2022-11-10
2166,2022-11-10 12:15:00+05:30,744.6500244140625,747.9500122070312,743.1500244140625,747.9000244140625,7880,0.0,0.0,2022-11-10
2167,2022-11-10 13:15:00+05:30,747.8499755859375,752.9500122070312,747.25,751.2000122070312,10596,0.0,0.0,2022-11-10
2168,2022-11-10 14:15:00+05:30,751.3499755859375,756.9500122070312,746.7000122070312,755.7999877929688,11159,0.0,0.0,2022-11-10
2169,2022-11-10 15:15:00+05:30,755.7999877929688,767.0,752.1500244140625,767.0,8801,0.0,0.0,2022-11-10
2170,2022-11-11 09:15:00+05:30,767.0,767.0,749.0,750.0,0,0.0,0.0,2022-11-11
2171,2022-11-11 10:15:00+05:30,750.0,753.9000244140625,748.6500244140625,751.9000244140625,11272,0.0,0.0,2022-11-11
2172,2022-11-11 11:15:00+05:30,751.9000244140625,752.0,749.9500122070312,751.0,6030,0.0,0.0,2022-11-11
2173,2022-11-11 12:15:00+05:30,751.0,751.9500122070312,738.0499877929688,742.0499877929688,216316,0.0,0.0,2022-11-11
2174,2022-11-11 13:15:00+05:30,742.8499755859375,746.9000244140625,742.1500244140625,743.0,8132,0.0,0.0,2022-11-11
2175,2022-11-11 14:15:00+05:30,742.0999755859375,743.0,737.0499877929688,742.4500122070312,13852,0.0,0.0,2022-11-11
2176,2022-11-11 15:15:00+05:30,742.4500122070312,743.9500122070312,738.2999877929688,739.5999755859375,14432,0.0,0.0,2022-11-11
2177,2022-11-14 09:15:00+05:30,759.9500122070312,759.9500122070312,745.5499877929688,749.0,0,0.0,0.0,2022-11-14
2178,2022-11-14 10:15:00+05:30,749.0,749.9500122070312,737.0499877929688,741.0499877929688,141769,0.0,0.0,2022-11-14
2179,2022-11-14 11:15:00+05:30,741.0499877929688,743.7999877929688,741.0499877929688,742.9500122070312,4997,0.0,0.0,2022-11-14
2180,2022-11-14 12:15:00+05:30,742.9500122070312,748.7999877929688,742.4000244140625,747.8499755859375,5004,0.0,0.0,2022-11-14
2181,2022-11-14 13:15:00+05:30,747.0999755859375,748.2999877929688,742.5499877929688,742.5499877929688,4974,0.0,0.0,2022-11-14
2182,2022-11-14 14:15:00+05:30,743.9000244140625,759.0,743.3499755859375,754.4000244140625,10959,0.0,0.0,2022-11-14
2183,2022-11-14 15:15:00+05:30,754.7000122070312,758.7999877929688,752.5999755859375,753.9500122070312,8399,0.0,0.0,2022-11-14
2184,2022-11-15 09:15:00+05:30,750.0499877929688,753.4500122070312,744.5,745.0999755859375,0,0.0,0.0,2022-11-15
2185,2022-11-15 10:15:00+05:30,745.3499755859375,745.3499755859375,740.0999755859375,745.0499877929688,5546,0.0,0.0,2022-11-15
2186,2022-11-15 11:15:00+05:30,744.2999877929688,745.5499877929688,738.0,740.25,80413,0.0,0.0,2022-11-15
2187,2022-11-15 12:15:00+05:30,740.5999755859375,741.3499755859375,738.75,739.2999877929688,1831,0.0,0.0,2022-11-15
2188,2022-11-15 13:15:00+05:30,739.3499755859375,739.3499755859375,737.0,737.4000244140625,34137,0.0,0.0,2022-11-15
2189,2022-11-15 14:15:00+05:30,737.5,744.7999877929688,735.5999755859375,742.9000244140625,12100,0.0,0.0,2022-11-15
2190,2022-11-15 15:15:00+05:30,742.9000244140625,744.0,740.4000244140625,742.5,3826,0.0,0.0,2022-11-15
2191,2022-11-16 09:15:00+05:30,745.0999755859375,749.0,742.2999877929688,749.0,0,0.0,0.0,2022-11-16
2192,2022-11-16 10:15:00+05:30,748.0499877929688,750.0,740.2000122070312,740.9000244140625,22620,0.0,0.0,2022-11-16
2193,2022-11-16 11:15:00+05:30,740.25,741.5,738.9500122070312,740.0999755859375,103339,0.0,0.0,2022-11-16
2194,2022-11-16 12:15:00+05:30,740.0999755859375,740.0999755859375,738.1500244140625,738.7000122070312,912,0.0,0.0,2022-11-16
2195,2022-11-16 13:15:00+05:30,738.8499755859375,738.9500122070312,738.0,738.0,2193,0.0,0.0,2022-11-16
2196,2022-11-16 14:15:00+05:30,738.0499877929688,741.9000244140625,738.0,741.2000122070312,6747,0.0,0.0,2022-11-16
2197,2022-11-16 15:15:00+05:30,741.5999755859375,741.9500122070312,740.0,740.7999877929688,7925,0.0,0.0,2022-11-16
2198,2022-11-17 09:15:00+05:30,745.0,746.9500122070312,742.0499877929688,743.3499755859375,0,0.0,0.0,2022-11-17
2199,2022-11-17 10:15:00+05:30,744.4000244140625,744.4000244140625,740.0999755859375,743.3499755859375,18120,0.0,0.0,2022-11-17
2200,2022-11-17 11:15:00+05:30,742.9000244140625,744.7999877929688,742.2000122070312,743.5499877929688,3281,0.0,0.0,2022-11-17
2201,2022-11-17 12:15:00+05:30,743.4500122070312,744.5999755859375,739.4000244140625,739.4000244140625,9447,0.0,0.0,2022-11-17
2202,2022-11-17 13:15:00+05:30,739.1500244140625,740.7000122070312,736.5499877929688,739.6500244140625,122832,0.0,0.0,2022-11-17
2203,2022-11-17 14:15:00+05:30,739.2999877929688,740.5999755859375,737.3499755859375,739.0499877929688,6726,0.0,0.0,2022-11-17
2204,2022-11-17 15:15:00+05:30,739.0499877929688,739.7999877929688,738.0,739.0999755859375,5503,0.0,0.0,2022-11-17
2205,2022-11-18 09:15:00+05:30,742.4500122070312,744.4500122070312,739.0,741.75,0,0.0,0.0,2022-11-18
2206,2022-11-18 10:15:00+05:30,742.7000122070312,742.9000244140625,738.5,740.2999877929688,128954,0.0,0.0,2022-11-18
2207,2022-11-18 11:15:00+05:30,740.4000244140625,740.4000244140625,739.0499877929688,739.9000244140625,4090,0.0,0.0,2022-11-18
2208,2022-11-18 12:15:00+05:30,739.9000244140625,740.0499877929688,739.0,740.0499877929688,3673,0.0,0.0,2022-11-18
2209,2022-11-18 13:15:00+05:30,739.2000122070312,740.8499755859375,738.3499755859375,740.0,6071,0.0,0.0,2022-11-18
2210,2022-11-18 14:15:00+05:30,740.1500244140625,740.1500244140625,737.5,739.0,5029,0.0,0.0,2022-11-18
2211,2022-11-18 15:15:00+05:30,739.0,739.75,737.0,738.2999877929688,3472,0.0,0.0,2022-11-18
2212,2022-11-21 09:15:00+05:30,739.5,739.5,735.0,738.25,0,0.0,0.0,2022-11-21
2213,2022-11-21 10:15:00+05:30,738.0999755859375,739.9000244140625,735.25,736.5999755859375,4666,0.0,0.0,2022-11-21
2214,2022-11-21 11:15:00+05:30,737.0,744.7999877929688,736.0999755859375,740.0999755859375,24709,0.0,0.0,2022-11-21
2215,2022-11-21 12:15:00+05:30,740.1500244140625,741.0,739.2000122070312,740.0,4143,0.0,0.0,2022-11-21
2216,2022-11-21 13:15:00+05:30,740.0,741.0,740.0,740.4000244140625,2764,0.0,0.0,2022-11-21
2217,2022-11-21 14:15:00+05:30,741.0,749.1500244140625,740.1500244140625,747.5,10425,0.0,0.0,2022-11-21
2218,2022-11-21 15:15:00+05:30,746.0,750.0,746.0,747.2999877929688,6126,0.0,0.0,2022-11-21
2219,2022-11-22 09:15:00+05:30,747.2999877929688,747.2999877929688,743.25,744.7999877929688,0,0.0,0.0,2022-11-22
2220,2022-11-22 10:15:00+05:30,743.5999755859375,749.5,742.5999755859375,745.7000122070312,5000,0.0,0.0,2022-11-22
2221,2022-11-22 11:15:00+05:30,744.5,746.0,743.5499877929688,744.0,1458,0.0,0.0,2022-11-22
2222,2022-11-22 12:15:00+05:30,743.7999877929688,747.0,743.5499877929688,747.0,2038,0.0,0.0,2022-11-22
2223,2022-11-22 13:15:00+05:30,746.5,750.0,746.0,747.5,8509,0.0,0.0,2022-11-22
2224,2022-11-22 14:15:00+05:30,748.0,748.5,746.2999877929688,747.0999755859375,1360,0.0,0.0,2022-11-22
2225,2022-11-22 15:15:00+05:30,748.0,748.9000244140625,740.0,745.0999755859375,3909,0.0,0.0,2022-11-22
2226,2022-11-23 09:15:00+05:30,742.25,746.7999877929688,742.25,745.4500122070312,0,0.0,0.0,2022-11-23
2227,2022-11-23 10:15:00+05:30,745.0,749.8499755859375,744.0499877929688,747.7999877929688,4849,0.0,0.0,2022-11-23
2228,2022-11-23 11:15:00+05:30,748.7000122070312,748.7999877929688,746.0,747.4500122070312,768,0.0,0.0,2022-11-23
2229,2022-11-23 12:15:00+05:30,747.9500122070312,748.0,746.0,747.0499877929688,509,0.0,0.0,2022-11-23
2230,2022-11-23 13:15:00+05:30,748.0999755859375,749.9500122070312,747.25,749.9000244140625,1041,0.0,0.0,2022-11-23
2231,2022-11-23 14:15:00+05:30,749.9000244140625,750.0,748.1500244140625,748.7000122070312,6563,0.0,0.0,2022-11-23
2232,2022-11-23 15:15:00+05:30,749.6500244140625,749.9000244140625,748.0,749.4500122070312,2905,0.0,0.0,2022-11-23
2233,2022-11-24 09:15:00+05:30,752.9500122070312,752.9500122070312,744.5999755859375,747.0499877929688,0,0.0,0.0,2022-11-24
2234,2022-11-24 10:15:00+05:30,746.5499877929688,748.7999877929688,746.0,746.1500244140625,837,0.0,0.0,2022-11-24
2235,2022-11-24 11:15:00+05:30,746.2000122070312,747.0,744.0999755859375,745.5499877929688,910,0.0,0.0,2022-11-24
2236,2022-11-24 12:15:00+05:30,744.7999877929688,754.4000244140625,744.5,751.6500244140625,5377,0.0,0.0,2022-11-24
2237,2022-11-24 13:15:00+05:30,751.0,752.3499755859375,745.75,746.9500122070312,2183,0.0,0.0,2022-11-24
2238,2022-11-24 14:15:00+05:30,749.0,750.9500122070312,746.0499877929688,746.75,2948,0.0,0.0,2022-11-24
2239,2022-11-24 15:15:00+05:30,749.8499755859375,750.7999877929688,746.4500122070312,749.9500122070312,570,0.0,0.0,2022-11-24
2240,2022-11-25 09:15:00+05:30,753.6500244140625,753.6500244140625,741.3499755859375,748.4000244140625,0,0.0,0.0,2022-11-25
2241,2022-11-25 10:15:00+05:30,747.3499755859375,748.4500122070312,743.4000244140625,745.2000122070312,1853,0.0,0.0,2022-11-25
2242,2022-11-25 11:15:00+05:30,744.5499877929688,747.7000122070312,743.5,746.0,17560,0.0,0.0,2022-11-25
2243,2022-11-25 12:15:00+05:30,745.0,745.9000244140625,741.0499877929688,741.5,1946,0.0,0.0,2022-11-25
2244,2022-11-25 13:15:00+05:30,741.9000244140625,743.6500244140625,739.4000244140625,742.0999755859375,5389,0.0,0.0,2022-11-25
2245,2022-11-25 14:15:00+05:30,742.0999755859375,744.7999877929688,741.2000122070312,741.25,6848,0.0,0.0,2022-11-25
2246,2022-11-25 15:15:00+05:30,741.25,742.6500244140625,737.9000244140625,742.0,3034,0.0,0.0,2022-11-25
2247,2022-11-28 09:15:00+05:30,739.0,745.4500122070312,739.0,740.5,0,0.0,0.0,2022-11-28
2248,2022-11-28 10:15:00+05:30,740.5,741.5499877929688,740.0,741.5499877929688,17522,0.0,0.0,2022-11-28
2249,2022-11-28 11:15:00+05:30,740.5999755859375,742.3499755859375,740.0,742.3499755859375,1912,0.0,0.0,2022-11-28
2250,2022-11-28 12:15:00+05:30,742.0499877929688,742.1500244140625,736.0,738.2999877929688,3222,0.0,0.0,2022-11-28
2251,2022-11-28 13:15:00+05:30,738.2999877929688,742.3499755859375,737.9000244140625,741.0999755859375,7739,0.0,0.0,2022-11-28
2252,2022-11-28 14:15:00+05:30,741.8499755859375,744.5,736.0999755859375,741.6500244140625,3758,0.0,0.0,2022-11-28
2253,2022-11-28 15:15:00+05:30,741.0999755859375,750.0,740.0999755859375,743.0499877929688,4293,0.0,0.0,2022-11-28
2254,2022-11-29 09:15:00+05:30,732.0499877929688,744.2000122070312,732.0499877929688,740.6500244140625,0,0.0,0.0,2022-11-29
2255,2022-11-29 10:15:00+05:30,741.0499877929688,742.9000244140625,737.0499877929688,742.0,17583,0.0,0.0,2022-11-29
2256,2022-11-29 11:15:00+05:30,742.0,742.0,739.0,740.5,1438,0.0,0.0,2022-11-29
2257,2022-11-29 12:15:00+05:30,739.4500122070312,740.0999755859375,738.8499755859375,740.0,362,0.0,0.0,2022-11-29
2258,2022-11-29 13:15:00+05:30,739.0499877929688,740.3499755859375,738.2000122070312,738.7999877929688,1314,0.0,0.0,2022-11-29
2259,2022-11-29 14:15:00+05:30,738.7999877929688,747.7999877929688,738.0499877929688,744.5999755859375,4414,0.0,0.0,2022-11-29
2260,2022-11-29 15:15:00+05:30,743.5,745.0,741.0499877929688,745.0,2421,0.0,0.0,2022-11-29
2261,2022-11-30 09:15:00+05:30,748.25,748.25,738.0999755859375,741.0,0,0.0,0.0,2022-11-30
2262,2022-11-30 10:15:00+05:30,740.5499877929688,741.75,739.6500244140625,741.75,14309,0.0,0.0,2022-11-30
2263,2022-11-30 11:15:00+05:30,741.75,742.0,740.0,740.0,192,0.0,0.0,2022-11-30
2264,2022-11-30 12:15:00+05:30,740.3499755859375,741.4500122070312,738.75,741.0,471,0.0,0.0,2022-11-30
2265,2022-11-30 13:15:00+05:30,741.2000122070312,741.2000122070312,740.1500244140625,740.2999877929688,240,0.0,0.0,2022-11-30
2266,2022-11-30 14:15:00+05:30,741.2000122070312,749.2999877929688,739.1500244140625,748.0,5323,0.0,0.0,2022-11-30
2267,2022-11-30 15:15:00+05:30,749.6500244140625,750.5,745.4500122070312,749.8499755859375,4269,0.0,0.0,2022-11-30
2268,2022-12-01 09:15:00+05:30,748.5,749.5999755859375,742.1500244140625,745.9500122070312,0,0.0,0.0,2022-12-01
2269,2022-12-01 10:15:00+05:30,744.9500122070312,749.4000244140625,743.1500244140625,749.1500244140625,32802,0.0,0.0,2022-12-01
2270,2022-12-01 11:15:00+05:30,749.0,749.0,746.0,748.0,18256,0.0,0.0,2022-12-01
2271,2022-12-01 12:15:00+05:30,748.4000244140625,750.8499755859375,746.0999755859375,749.75,17262,0.0,0.0,2022-12-01
2272,2022-12-01 13:15:00+05:30,749.75,749.7999877929688,746.1500244140625,748.3499755859375,20783,0.0,0.0,2022-12-01
2273,2022-12-01 14:15:00+05:30,749.25,749.7999877929688,745.0499877929688,745.0499877929688,2358,0.0,0.0,2022-12-01
2274,2022-12-01 15:15:00+05:30,747.2000122070312,747.7999877929688,744.0499877929688,747.75,1279,0.0,0.0,2022-12-01
2275,2022-12-02 09:15:00+05:30,746.0,750.0,746.0,747.7000122070312,0,0.0,0.0,2022-12-02
2276,2022-12-02 10:15:00+05:30,747.9000244140625,750.9000244140625,747.7000122070312,750.5499877929688,10971,0.0,0.0,2022-12-02
2277,2022-12-02 11:15:00+05:30,750.8499755859375,753.0,750.0,753.0,13687,0.0,0.0,2022-12-02
2278,2022-12-02 12:15:00+05:30,753.0,757.0,752.1500244140625,756.1500244140625,14321,0.0,0.0,2022-12-02
2279,2022-12-02 13:15:00+05:30,756.0999755859375,756.5,753.0499877929688,754.0499877929688,18263,0.0,0.0,2022-12-02
2280,2022-12-02 14:15:00+05:30,754.0999755859375,754.1500244140625,751.0,752.8499755859375,9611,0.0,0.0,2022-12-02
2281,2022-12-02 15:15:00+05:30,752.8499755859375,752.8499755859375,748.0,751.5,3043,0.0,0.0,2022-12-02
2282,2022-12-05 09:15:00+05:30,751.5,754.1500244140625,742.7000122070312,753.5,0,0.0,0.0,2022-12-05
2283,2022-12-05 10:15:00+05:30,753.4500122070312,754.0,751.7999877929688,753.4000244140625,12067,0.0,0.0,2022-12-05
2284,2022-12-05 11:15:00+05:30,754.0,755.0,750.0,750.0,11073,0.0,0.0,2022-12-05
2285,2022-12-05 12:15:00+05:30,750.0,751.0,738.0,747.4000244140625,860635,0.0,0.0,2022-12-05
2286,2022-12-05 13:15:00+05:30,747.7999877929688,756.4000244140625,742.5499877929688,755.6500244140625,49902,0.0,0.0,2022-12-05
2287,2022-12-05 14:15:00+05:30,755.7000122070312,759.6500244140625,755.0,758.75,9645,0.0,0.0,2022-12-05
2288,2022-12-05 15:15:00+05:30,758.9500122070312,759.8499755859375,755.0,757.0499877929688,18095,0.0,0.0,2022-12-05
2289,2022-12-06 09:15:00+05:30,758.8499755859375,758.8499755859375,751.7000122070312,753.1500244140625,0,0.0,0.0,2022-12-06
2290,2022-12-06 10:15:00+05:30,753.2999877929688,768.0,753.25,765.0,45531,0.0,0.0,2022-12-06
2291,2022-12-06 11:15:00+05:30,765.0999755859375,768.0,765.0999755859375,766.5499877929688,13834,0.0,0.0,2022-12-06
2292,2022-12-06 12:15:00+05:30,766.7000122070312,768.0,766.5499877929688,766.9000244140625,21342,0.0,0.0,2022-12-06
2293,2022-12-06 13:15:00+05:30,766.9000244140625,769.0,766.8499755859375,768.25,12703,0.0,0.0,2022-12-06
2294,2022-12-06 14:15:00+05:30,768.9500122070312,772.9000244140625,765.0,768.0,53099,0.0,0.0,2022-12-06
2295,2022-12-06 15:15:00+05:30,768.8499755859375,768.8499755859375,765.0,767.2999877929688,0,0.0,0.0,2022-12-06
2296,2022-12-07 09:15:00+05:30,772.0,772.0,768.0,769.2999877929688,23193,0.0,0.0,2022-12-07
2297,2022-12-07 10:15:00+05:30,769.2999877929688,769.7999877929688,768.0499877929688,769.6500244140625,9041,0.0,0.0,2022-12-07
2298,2022-12-07 11:15:00+05:30,769.7000122070312,769.9500122070312,768.5499877929688,768.8499755859375,22000,0.0,0.0,2022-12-07
2299,2022-12-07 12:15:00+05:30,769.6500244140625,770.0,768.5499877929688,770.0,5983,0.0,0.0,2022-12-07
2300,2022-12-07 13:15:00+05:30,770.0,770.0,768.0,769.7999877929688,27029,0.0,0.0,2022-12-07
2301,2022-12-07 14:15:00+05:30,768.75,770.0,767.7000122070312,769.1500244140625,2556,0.0,0.0,2022-12-07
2302,2022-12-07 15:15:00+05:30,769.1500244140625,770.0,768.0499877929688,769.4000244140625,2071,0.0,0.0,2022-12-07
2303,2022-12-08 09:15:00+05:30,769.4000244140625,771.25,766.25,770.9500122070312,0,0.0,0.0,2022-12-08
2304,2022-12-08 10:15:00+05:30,769.5999755859375,770.9500122070312,768.0499877929688,769.75,12909,0.0,0.0,2022-12-08
2305,2022-12-08 11:15:00+05:30,769.75,770.9000244140625,767.9000244140625,768.9500122070312,13972,0.0,0.0,2022-12-08
2306,2022-12-08 12:15:00+05:30,769.0999755859375,770.25,767.5499877929688,769.9000244140625,22038,0.0,0.0,2022-12-08
2307,2022-12-08 13:15:00+05:30,769.9500122070312,771.0,756.1500244140625,756.7000122070312,7636,0.0,0.0,2022-12-08
2308,2022-12-08 14:15:00+05:30,756.7000122070312,757.4500122070312,755.0,755.2000122070312,33392,0.0,0.0,2022-12-08
2309,2022-12-08 15:15:00+05:30,756.4000244140625,756.4000244140625,755.0,755.1500244140625,4035,0.0,0.0,2022-12-08
2310,2022-12-09 09:15:00+05:30,758.9500122070312,768.0,755.5999755859375,765.8499755859375,0,0.0,0.0,2022-12-09
2311,2022-12-09 10:15:00+05:30,765.3499755859375,767.5,763.75,767.5,25328,0.0,0.0,2022-12-09
2312,2022-12-09 11:15:00+05:30,767.5,774.0,762.4000244140625,764.2000122070312,20719,0.0,0.0,2022-12-09
2313,2022-12-09 12:15:00+05:30,764.3499755859375,764.7999877929688,758.0499877929688,760.5,28984,0.0,0.0,2022-12-09
2314,2022-12-09 13:15:00+05:30,759.8499755859375,761.9500122070312,757.1500244140625,757.6500244140625,16018,0.0,0.0,2022-12-09
2315,2022-12-09 14:15:00+05:30,757.7000122070312,759.4500122070312,755.5999755859375,758.9500122070312,16315,0.0,0.0,2022-12-09
2316,2022-12-09 15:15:00+05:30,758.9000244140625,759.0,755.0999755859375,758.5,1826,0.0,0.0,2022-12-09
2317,2022-12-12 09:15:00+05:30,762.3499755859375,764.5999755859375,752.6500244140625,754.7000122070312,0,0.0,0.0,2022-12-12
2318,2022-12-12 10:15:00+05:30,754.7999877929688,755.0,753.0,753.0,9887,0.0,0.0,2022-12-12
2319,2022-12-12 11:15:00+05:30,752.3499755859375,755.0,752.0,753.9000244140625,8547,0.0,0.0,2022-12-12
2320,2022-12-12 12:15:00+05:30,753.4000244140625,755.0,753.4000244140625,754.0,19574,0.0,0.0,2022-12-12
2321,2022-12-12 13:15:00+05:30,754.0,754.7999877929688,752.0,753.0,4300,0.0,0.0,2022-12-12
2322,2022-12-12 14:15:00+05:30,752.5499877929688,755.0,752.5,755.0,28324,0.0,0.0,2022-12-12
2323,2022-12-12 15:15:00+05:30,755.0,755.0,753.9500122070312,754.7999877929688,2283,0.0,0.0,2022-12-12
2324,2022-12-13 09:15:00+05:30,758.5999755859375,758.5999755859375,746.4500122070312,747.6500244140625,0,0.0,0.0,2022-12-13
2325,2022-12-13 10:15:00+05:30,748.6500244140625,753.9500122070312,747.0499877929688,753.7999877929688,9427,0.0,0.0,2022-12-13
2326,2022-12-13 11:15:00+05:30,754.0,755.0,752.9500122070312,753.5999755859375,14214,0.0,0.0,2022-12-13
2327,2022-12-13 12:15:00+05:30,753.4500122070312,755.0,753.4500122070312,754.1500244140625,17671,0.0,0.0,2022-12-13
2328,2022-12-13 13:15:00+05:30,754.9500122070312,754.9500122070312,754.0,754.75,23074,0.0,0.0,2022-12-13
2329,2022-12-13 14:15:00+05:30,754.4000244140625,755.0,752.5499877929688,755.0,5156,0.0,0.0,2022-12-13
2330,2022-12-13 15:15:00+05:30,754.9000244140625,755.0,754.9000244140625,755.0,4550,0.0,0.0,2022-12-13
2331,2022-12-14 09:15:00+05:30,758.7000122070312,758.9500122070312,745.9000244140625,749.6500244140625,0,0.0,0.0,2022-12-14
2332,2022-12-14 10:15:00+05:30,749.7999877929688,750.0,749.0999755859375,750.0,3493,0.0,0.0,2022-12-14
2333,2022-12-14 11:15:00+05:30,749.9500122070312,750.0,749.2000122070312,749.4000244140625,2452,0.0,0.0,2022-12-14
2334,2022-12-14 12:15:00+05:30,749.3499755859375,749.9500122070312,747.0,747.9500122070312,20921,0.0,0.0,2022-12-14
2335,2022-12-14 13:15:00+05:30,747.25,748.5999755859375,746.5,747.4000244140625,10316,0.0,0.0,2022-12-14
2336,2022-12-14 14:15:00+05:30,747.4000244140625,749.4500122070312,746.0,746.6500244140625,20463,0.0,0.0,2022-12-14
2337,2022-12-14 15:15:00+05:30,746.6500244140625,747.75,740.0999755859375,744.2999877929688,3943,0.0,0.0,2022-12-14
2338,2022-12-15 09:15:00+05:30,748.0,748.0,744.0499877929688,746.7999877929688,0,0.0,0.0,2022-12-15
2339,2022-12-15 10:15:00+05:30,746.5,751.9000244140625,745.5,751.2999877929688,12082,0.0,0.0,2022-12-15
2340,2022-12-15 11:15:00+05:30,750.4500122070312,751.6500244140625,748.0499877929688,751.0,14435,0.0,0.0,2022-12-15
2341,2022-12-15 12:15:00+05:30,751.0,751.7999877929688,749.25,751.7999877929688,15085,0.0,0.0,2022-12-15
2342,2022-12-15 13:15:00+05:30,751.0,751.7999877929688,748.2000122070312,748.5,2263,0.0,0.0,2022-12-15
2343,2022-12-15 14:15:00+05:30,748.5,750.0,747.0,750.0,23154,0.0,0.0,2022-12-15
2344,2022-12-15 15:15:00+05:30,750.0,750.0,745.25,748.9000244140625,1857,0.0,0.0,2022-12-15
2345,2022-12-16 09:15:00+05:30,742.25,750.4500122070312,742.25,748.4500122070312,0,0.0,0.0,2022-12-16
2346,2022-12-16 10:15:00+05:30,747.75,748.75,746.0999755859375,747.7000122070312,8477,0.0,0.0,2022-12-16
2347,2022-12-16 11:15:00+05:30,747.7000122070312,751.4000244140625,745.7999877929688,751.4000244140625,1428,0.0,0.0,2022-12-16
2348,2022-12-16 12:15:00+05:30,751.3499755859375,751.3499755859375,749.6500244140625,750.1500244140625,25543,0.0,0.0,2022-12-16
2349,2022-12-16 13:15:00+05:30,749.8499755859375,751.3499755859375,748.5499877929688,750.9500122070312,4185,0.0,0.0,2022-12-16
2350,2022-12-16 14:15:00+05:30,750.0499877929688,751.0,747.0499877929688,747.4500122070312,26786,0.0,0.0,2022-12-16
2351,2022-12-16 15:15:00+05:30,748.9500122070312,749.0,745.5,749.0,2053,0.0,0.0,2022-12-16
2352,2022-12-19 09:15:00+05:30,751.1500244140625,752.0,745.7999877929688,751.4500122070312,0,0.0,0.0,2022-12-19
2353,2022-12-19 10:15:00+05:30,750.6500244140625,751.7999877929688,749.5499877929688,751.5,5905,0.0,0.0,2022-12-19
2354,2022-12-19 11:15:00+05:30,751.5,751.5,747.1500244140625,748.0,2455,0.0,0.0,2022-12-19
2355,2022-12-19 12:15:00+05:30,748.0,748.0,745.5,747.3499755859375,27372,0.0,0.0,2022-12-19
2356,2022-12-19 13:15:00+05:30,745.8499755859375,751.2999877929688,741.5999755859375,751.2999877929688,17755,0.0,0.0,2022-12-19
2357,2022-12-19 14:15:00+05:30,750.4000244140625,751.9500122070312,747.2999877929688,750.4000244140625,34761,0.0,0.0,2022-12-19
2358,2022-12-19 15:15:00+05:30,750.4500122070312,751.0,748.8499755859375,749.7000122070312,1732,0.0,0.0,2022-12-19
2359,2022-12-20 09:15:00+05:30,749.7000122070312,751.7999877929688,743.5,750.5999755859375,0,0.0,0.0,2022-12-20
2360,2022-12-20 10:15:00+05:30,750.0,752.9000244140625,749.2000122070312,752.5,5452,0.0,0.0,2022-12-20
2361,2022-12-20 11:15:00+05:30,751.4000244140625,752.5,749.5999755859375,750.9500122070312,12174,0.0,0.0,2022-12-20
2362,2022-12-20 12:15:00+05:30,750.5499877929688,751.2999877929688,749.0999755859375,749.3499755859375,12120,0.0,0.0,2022-12-20
2363,2022-12-20 13:15:00+05:30,749.0999755859375,749.0999755859375,741.0,742.9000244140625,4823,0.0,0.0,2022-12-20
2364,2022-12-20 14:15:00+05:30,742.7000122070312,748.9000244140625,741.0499877929688,748.7999877929688,31316,0.0,0.0,2022-12-20
2365,2022-12-20 15:15:00+05:30,748.7999877929688,754.5,745.1500244140625,749.4000244140625,6081,0.0,0.0,2022-12-20
2366,2022-12-21 09:15:00+05:30,747.1500244140625,749.4000244140625,745.0999755859375,746.1500244140625,0,0.0,0.0,2022-12-21
2367,2022-12-21 10:15:00+05:30,745.75,747.6500244140625,745.0999755859375,745.7999877929688,5333,0.0,0.0,2022-12-21
2368,2022-12-21 11:15:00+05:30,746.7000122070312,748.7000122070312,745.5,745.9500122070312,12705,0.0,0.0,2022-12-21
2369,2022-12-21 12:15:00+05:30,746.0,746.9500122070312,742.0,744.9500122070312,16946,0.0,0.0,2022-12-21
2370,2022-12-21 13:15:00+05:30,744.2000122070312,745.5499877929688,742.0499877929688,742.5,21036,0.0,0.0,2022-12-21
2371,2022-12-21 14:15:00+05:30,742.5,750.5,742.0,745.8499755859375,28533,0.0,0.0,2022-12-21
2372,2022-12-21 15:15:00+05:30,747.2999877929688,747.2999877929688,741.5999755859375,745.4500122070312,1153,0.0,0.0,2022-12-21
2373,2022-12-22 09:15:00+05:30,746.2999877929688,747.4000244140625,738.1500244140625,740.3499755859375,700617,0.0,0.0,2022-12-22
2374,2022-12-22 10:15:00+05:30,740.0,758.9000244140625,735.9000244140625,755.0,76361,0.0,0.0,2022-12-22
2375,2022-12-22 11:15:00+05:30,755.0,755.9000244140625,750.0,752.25,12940,0.0,0.0,2022-12-22
2376,2022-12-22 12:15:00+05:30,751.1500244140625,752.2999877929688,750.1500244140625,751.25,25857,0.0,0.0,2022-12-22
2377,2022-12-22 13:15:00+05:30,751.25,754.0999755859375,750.9500122070312,751.5999755859375,2547,0.0,0.0,2022-12-22
2378,2022-12-22 14:15:00+05:30,751.6500244140625,754.7999877929688,748.0999755859375,751.8499755859375,25043,0.0,0.0,2022-12-22
2379,2022-12-22 15:15:00+05:30,751.0999755859375,769.0499877929688,749.0,754.9500122070312,17641,0.0,0.0,2022-12-22
2380,2022-12-23 09:15:00+05:30,764.0,764.0,750.0,750.0499877929688,0,0.0,0.0,2022-12-23
2381,2022-12-23 10:15:00+05:30,750.0499877929688,752.9000244140625,750.0,752.7000122070312,18967,0.0,0.0,2022-12-23
2382,2022-12-23 11:15:00+05:30,751.2000122070312,752.7000122070312,750.0499877929688,752.7000122070312,7753,0.0,0.0,2022-12-23
2383,2022-12-23 12:15:00+05:30,753.7999877929688,754.6500244140625,750.1500244140625,750.9500122070312,22111,0.0,0.0,2022-12-23
2384,2022-12-23 13:15:00+05:30,750.5999755859375,751.7000122070312,750.0,751.0,4804,0.0,0.0,2022-12-23
2385,2022-12-23 14:15:00+05:30,751.5,758.5,749.6500244140625,754.8499755859375,35191,0.0,0.0,2022-12-23
2386,2022-12-23 15:15:00+05:30,753.5999755859375,759.9500122070312,750.8499755859375,752.9500122070312,3683,0.0,0.0,2022-12-23
2387,2022-12-26 09:15:00+05:30,756.7000122070312,762.0,750.75,752.7000122070312,0,0.0,0.0,2022-12-26
2388,2022-12-26 10:15:00+05:30,752.7000122070312,765.0,751.0,753.0999755859375,29872,0.0,0.0,2022-12-26
2389,2022-12-26 11:15:00+05:30,753.2000122070312,754.5999755859375,752.0499877929688,752.2000122070312,3507,0.0,0.0,2022-12-26
2390,2022-12-26 12:15:00+05:30,752.2000122070312,788.9500122070312,751.2000122070312,765.0,100076,0.0,0.0,2022-12-26
2391,2022-12-26 13:15:00+05:30,764.4500122070312,768.9500122070312,761.0499877929688,767.5,26981,0.0,0.0,2022-12-26
2392,2022-12-26 14:15:00+05:30,766.9000244140625,767.75,754.0999755859375,754.7000122070312,30784,0.0,0.0,2022-12-26
2393,2022-12-26 15:15:00+05:30,754.7000122070312,756.0,754.0,755.0999755859375,4960,0.0,0.0,2022-12-26
2394,2022-12-27 09:15:00+05:30,752.0,773.2999877929688,752.0,769.5499877929688,0,0.0,0.0,2022-12-27
2395,2022-12-27 10:15:00+05:30,770.5,774.9500122070312,765.9500122070312,771.2000122070312,14139,0.0,0.0,2022-12-27
2396,2022-12-27 11:15:00+05:30,772.2000122070312,780.0,769.7000122070312,771.5499877929688,17913,0.0,0.0,2022-12-27
2397,2022-12-27 12:15:00+05:30,770.1500244140625,778.0,770.1500244140625,776.4000244140625,91749,0.0,0.0,2022-12-27
2398,2022-12-27 13:15:00+05:30,775.7000122070312,776.2000122070312,768.4500122070312,771.5999755859375,7061,0.0,0.0,2022-12-27
2399,2022-12-27 14:15:00+05:30,771.1500244140625,776.4000244140625,770.4000244140625,775.5,13806,0.0,0.0,2022-12-27
2400,2022-12-27 15:15:00+05:30,775.25,777.0,765.0,768.3499755859375,15097,0.0,0.0,2022-12-27
2401,2022-12-28 09:15:00+05:30,775.0,807.9500122070312,774.0,776.2000122070312,0,0.0,0.0,2022-12-28
2402,2022-12-28 10:15:00+05:30,776.2000122070312,776.5499877929688,771.0,775.2999877929688,52072,0.0,0.0,2022-12-28
2403,2022-12-28 11:15:00+05:30,775.2000122070312,776.6500244140625,774.6500244140625,776.4500122070312,33238,0.0,0.0,2022-12-28
2404,2022-12-28 12:15:00+05:30,776.5,780.5999755859375,774.3499755859375,777.8499755859375,116679,0.0,0.0,2022-12-28
2405,2022-12-28 13:15:00+05:30,777.8499755859375,779.25,777.8499755859375,779.0999755859375,66716,0.0,0.0,2022-12-28
2406,2022-12-28 14:15:00+05:30,779.0999755859375,779.4000244140625,771.0999755859375,771.5,158711,0.0,0.0,2022-12-28
2407,2022-12-28 15:15:00+05:30,772.0,775.4500122070312,761.25,775.4500122070312,14839,0.0,0.0,2022-12-28
2408,2022-12-29 09:15:00+05:30,762.6500244140625,767.5,760.1500244140625,762.0,0,0.0,0.0,2022-12-29
2409,2022-12-29 10:15:00+05:30,760.7000122070312,761.9500122070312,760.0,760.0,9529,0.0,0.0,2022-12-29
2410,2022-12-29 11:15:00+05:30,760.6500244140625,773.3499755859375,760.0,770.9000244140625,22420,0.0,0.0,2022-12-29
2411,2022-12-29 12:15:00+05:30,769.6500244140625,772.7000122070312,763.5499877929688,770.0,29963,0.0,0.0,2022-12-29
2412,2022-12-29 13:15:00+05:30,770.0,771.9000244140625,767.0,769.0,5134,0.0,0.0,2022-12-29
2413,2022-12-29 14:15:00+05:30,769.0,769.8499755859375,760.2999877929688,764.0,41065,0.0,0.0,2022-12-29
2414,2022-12-29 15:15:00+05:30,764.1500244140625,764.9500122070312,764.0,764.25,30622,0.0,0.0,2022-12-29
2415,2022-12-30 09:15:00+05:30,765.0,769.5499877929688,760.0,760.0,0,0.0,0.0,2022-12-30
2416,2022-12-30 10:15:00+05:30,760.0999755859375,761.0499877929688,750.0999755859375,751.4000244140625,29298,0.0,0.0,2022-12-30
2417,2022-12-30 11:15:00+05:30,750.5,753.2999877929688,746.5999755859375,752.2999877929688,28239,0.0,0.0,2022-12-30
2418,2022-12-30 12:15:00+05:30,751.2000122070312,753.0999755859375,751.0,751.2000122070312,20055,0.0,0.0,2022-12-30
2419,2022-12-30 13:15:00+05:30,751.2000122070312,752.7000122070312,751.0,751.5999755859375,24789,0.0,0.0,2022-12-30
2420,2022-12-30 14:15:00+05:30,751.5499877929688,753.0,751.0,751.0,23541,0.0,0.0,2022-12-30
2421,2022-12-30 15:15:00+05:30,751.2000122070312,757.0,751.0,752.0,9336,0.0,0.0,2022-12-30
2422,2023-01-02 09:15:00+05:30,752.0,760.4000244140625,752.0,758.4500122070312,0,0.0,0.0,2023-01-02
2423,2023-01-02 10:15:00+05:30,758.2999877929688,759.25,756.0499877929688,757.4500122070312,15099,0.0,0.0,2023-01-02
2424,2023-01-02 11:15:00+05:30,757.4500122070312,758.8499755859375,756.0,756.0,595,0.0,0.0,2023-01-02
2425,2023-01-02 12:15:00+05:30,756.0499877929688,756.9500122070312,753.1500244140625,753.1500244140625,26196,0.0,0.0,2023-01-02
2426,2023-01-02 13:15:00+05:30,754.4000244140625,755.0,753.2999877929688,753.5999755859375,522,0.0,0.0,2023-01-02
2427,2023-01-02 14:15:00+05:30,753.6500244140625,761.0,742.0499877929688,756.0,41982,0.0,0.0,2023-01-02
2428,2023-01-02 15:15:00+05:30,756.0,759.4000244140625,755.0,755.0,2053,0.0,0.0,2023-01-02
2429,2023-01-03 09:15:00+05:30,752.4000244140625,757.8499755859375,752.3499755859375,752.75,0,0.0,0.0,2023-01-03
2430,2023-01-03 10:15:00+05:30,752.9000244140625,755.0,752.75,754.5499877929688,16199,0.0,0.0,2023-01-03
2431,2023-01-03 11:15:00+05:30,754.3499755859375,754.3499755859375,751.0,752.0,1857,0.0,0.0,2023-01-03
2432,2023-01-03 12:15:00+05:30,751.5499877929688,752.9500122070312,750.2000122070312,752.1500244140625,25371,0.0,0.0,2023-01-03
2433,2023-01-03 13:15:00+05:30,752.2999877929688,752.3499755859375,751.25,751.25,17150,0.0,0.0,2023-01-03
2434,2023-01-03 14:15:00+05:30,751.0,757.0,750.2000122070312,754.9500122070312,25499,0.0,0.0,2023-01-03
2435,2023-01-03 15:15:00+05:30,753.9500122070312,767.0,751.8499755859375,756.0499877929688,5620,0.0,0.0,2023-01-03
2436,2023-01-04 09:15:00+05:30,758.9000244140625,758.9000244140625,750.1500244140625,751.9000244140625,0,0.0,0.0,2023-01-04
2437,2023-01-04 10:15:00+05:30,751.7000122070312,752.75,746.75,750.25,29647,0.0,0.0,2023-01-04
2438,2023-01-04 11:15:00+05:30,750.1500244140625,751.1500244140625,750.0,750.0,2170,0.0,0.0,2023-01-04
2439,2023-01-04 12:15:00+05:30,750.0,751.6500244140625,750.0,750.2999877929688,29416,0.0,0.0,2023-01-04
2440,2023-01-04 13:15:00+05:30,750.2999877929688,751.0499877929688,750.1500244140625,750.1500244140625,6236,0.0,0.0,2023-01-04
2441,2023-01-04 14:15:00+05:30,750.2000122070312,754.7999877929688,750.0,751.7999877929688,20557,0.0,0.0,2023-01-04
2442,2023-01-04 15:15:00+05:30,753.1500244140625,756.5,750.2000122070312,750.2000122070312,4818,0.0,0.0,2023-01-04
2443,2023-01-05 09:15:00+05:30,753.0,754.2999877929688,751.0,751.25,0,0.0,0.0,2023-01-05
2444,2023-01-05 10:15:00+05:30,751.3499755859375,752.2000122070312,750.0499877929688,751.0,16307,0.0,0.0,2023-01-05
2445,2023-01-05 11:15:00+05:30,751.7000122070312,751.8499755859375,750.0499877929688,750.9500122070312,5125,0.0,0.0,2023-01-05
2446,2023-01-05 12:15:00+05:30,750.5499877929688,751.4000244140625,749.6500244140625,750.2000122070312,20304,0.0,0.0,2023-01-05
2447,2023-01-05 13:15:00+05:30,750.8499755859375,751.75,750.1500244140625,750.2000122070312,16276,0.0,0.0,2023-01-05
2448,2023-01-05 14:15:00+05:30,750.1500244140625,756.9000244140625,750.0,752.9000244140625,23532,0.0,0.0,2023-01-05
2449,2023-01-05 15:15:00+05:30,751.7000122070312,753.0,750.0,752.25,3325,0.0,0.0,2023-01-05
2450,2023-01-06 09:15:00+05:30,755.4500122070312,755.4500122070312,750.3499755859375,751.25,0,0.0,0.0,2023-01-06
2451,2023-01-06 10:15:00+05:30,751.1500244140625,753.4000244140625,751.0999755859375,751.2000122070312,19064,0.0,0.0,2023-01-06
2452,2023-01-06 11:15:00+05:30,751.1500244140625,752.2000122070312,751.0999755859375,751.1500244140625,1381,0.0,0.0,2023-01-06
2453,2023-01-06 12:15:00+05:30,751.0999755859375,752.3499755859375,751.0,751.4000244140625,29152,0.0,0.0,2023-01-06
2454,2023-01-06 13:15:00+05:30,751.0999755859375,751.9500122070312,751.0,751.0,4663,0.0,0.0,2023-01-06
2455,2023-01-06 14:15:00+05:30,751.0,752.4500122070312,751.0,751.0999755859375,17038,0.0,0.0,2023-01-06
2456,2023-01-06 15:15:00+05:30,751.2000122070312,752.9000244140625,751.0,751.4500122070312,6483,0.0,0.0,2023-01-06
2457,2023-01-09 09:15:00+05:30,754.9500122070312,762.9500122070312,751.7999877929688,755.4000244140625,0,0.0,0.0,2023-01-09
2458,2023-01-09 10:15:00+05:30,755.2999877929688,756.5,753.0999755859375,754.0,19579,0.0,0.0,2023-01-09
2459,2023-01-09 11:15:00+05:30,754.4500122070312,754.4500122070312,752.0499877929688,752.0499877929688,1544,0.0,0.0,2023-01-09
2460,2023-01-09 12:15:00+05:30,752.9500122070312,754.7000122070312,752.25,754.2000122070312,25649,0.0,0.0,2023-01-09
2461,2023-01-09 13:15:00+05:30,754.2000122070312,755.5499877929688,752.6500244140625,752.6500244140625,730,0.0,0.0,2023-01-09
2462,2023-01-09 14:15:00+05:30,753.4500122070312,757.0,752.25,756.25,18829,0.0,0.0,2023-01-09
2463,2023-01-09 15:15:00+05:30,756.4000244140625,757.0,754.5999755859375,756.1500244140625,666,0.0,0.0,2023-01-09
2464,2023-01-10 09:15:00+05:30,759.7999877929688,759.7999877929688,752.0499877929688,753.0499877929688,0,0.0,0.0,2023-01-10
2465,2023-01-10 10:15:00+05:30,753.9500122070312,753.9500122070312,751.0999755859375,751.1500244140625,16802,0.0,0.0,2023-01-10
2466,2023-01-10 11:15:00+05:30,751.1500244140625,751.9000244140625,751.0,751.0499877929688,11085,0.0,0.0,2023-01-10
2467,2023-01-10 12:15:00+05:30,751.25,751.7000122070312,751.0,751.3499755859375,19638,0.0,0.0,2023-01-10
2468,2023-01-10 13:15:00+05:30,751.0,751.9000244140625,749.0,751.2999877929688,13541,0.0,0.0,2023-01-10
2469,2023-01-10 14:15:00+05:30,751.0499877929688,751.8499755859375,749.2999877929688,751.4000244140625,9622,0.0,0.0,2023-01-10
2470,2023-01-10 15:15:00+05:30,751.0499877929688,752.0,750.0,750.9000244140625,2380,0.0,0.0,2023-01-10
2471,2023-01-11 09:15:00+05:30,747.5,753.0,747.5,750.9500122070312,0,0.0,0.0,2023-01-11
2472,2023-01-11 10:15:00+05:30,750.0,751.9500122070312,748.1500244140625,750.4000244140625,23009,0.0,0.0,2023-01-11
2473,2023-01-11 11:15:00+05:30,750.7999877929688,751.0,750.0,750.0999755859375,920,0.0,0.0,2023-01-11
2474,2023-01-11 12:15:00+05:30,750.0999755859375,750.5,750.0,750.1500244140625,26247,0.0,0.0,2023-01-11
2475,2023-01-11 13:15:00+05:30,750.0499877929688,750.25,750.0,750.0999755859375,580,0.0,0.0,2023-01-11
2476,2023-01-11 14:15:00+05:30,750.0,757.4500122070312,750.0,755.75,22032,0.0,0.0,2023-01-11
2477,2023-01-11 15:15:00+05:30,755.7000122070312,759.4000244140625,751.0499877929688,752.5999755859375,2566,0.0,0.0,2023-01-11
2478,2023-01-12 09:15:00+05:30,755.0,755.75,750.25,750.2999877929688,0,0.0,0.0,2023-01-12
2479,2023-01-12 10:15:00+05:30,750.1500244140625,750.5999755859375,750.0499877929688,750.0499877929688,1272,0.0,0.0,2023-01-12
2480,2023-01-12 11:15:00+05:30,750.0499877929688,751.4500122070312,750.0,750.0999755859375,1556,0.0,0.0,2023-01-12
2481,2023-01-12 12:15:00+05:30,750.0499877929688,751.0,750.0,750.0499877929688,26620,0.0,0.0,2023-01-12
2482,2023-01-12 13:15:00+05:30,750.0499877929688,750.6500244140625,750.0,750.0,1623,0.0,0.0,2023-01-12
2483,2023-01-12 14:15:00+05:30,751.2000122070312,754.7999877929688,750.2999877929688,754.1500244140625,26561,0.0,0.0,2023-01-12
2484,2023-01-12 15:15:00+05:30,754.0999755859375,754.2000122070312,750.0,751.9000244140625,28935,0.0,0.0,2023-01-12
2485,2023-01-13 09:15:00+05:30,754.0,776.0,750.6500244140625,771.9500122070312,4620,0.0,0.0,2023-01-13
2486,2023-01-13 10:15:00+05:30,772.0,778.0,766.75,770.2000122070312,72494,0.0,0.0,2023-01-13
2487,2023-01-13 11:15:00+05:30,770.0999755859375,774.7000122070312,768.7999877929688,772.5999755859375,18388,0.0,0.0,2023-01-13
2488,2023-01-13 12:15:00+05:30,772.5999755859375,778.9000244140625,760.4000244140625,765.4500122070312,38175,0.0,0.0,2023-01-13
2489,2023-01-13 13:15:00+05:30,765.9000244140625,765.9000244140625,757.1500244140625,757.5999755859375,12226,0.0,0.0,2023-01-13
2490,2023-01-13 14:15:00+05:30,757.5499877929688,761.7999877929688,757.5,758.75,20089,0.0,0.0,2023-01-13
2491,2023-01-13 15:15:00+05:30,758.0499877929688,760.0,758.0,759.4000244140625,28038,0.0,0.0,2023-01-13
2492,2023-01-16 09:15:00+05:30,763.0999755859375,780.0,763.0999755859375,776.8499755859375,0,0.0,0.0,2023-01-16
2493,2023-01-16 10:15:00+05:30,776.5,778.9500122070312,760.2000122070312,761.9500122070312,50172,0.0,0.0,2023-01-16
2494,2023-01-16 11:15:00+05:30,761.0,761.0,753.5499877929688,755.5,13446,0.0,0.0,2023-01-16
2495,2023-01-16 12:15:00+05:30,755.3499755859375,759.9000244140625,753.0499877929688,756.9500122070312,15603,0.0,0.0,2023-01-16
2496,2023-01-16 13:15:00+05:30,758.4500122070312,760.8499755859375,754.5,758.0,33823,0.0,0.0,2023-01-16
2497,2023-01-16 14:15:00+05:30,757.2000122070312,762.9500122070312,755.0,755.0999755859375,47387,0.0,0.0,2023-01-16
2498,2023-01-16 15:15:00+05:30,755.9500122070312,756.0,751.0999755859375,756.0,5123,0.0,0.0,2023-01-16
2499,2023-01-17 09:15:00+05:30,756.0,771.0,752.4500122070312,766.3499755859375,0,0.0,0.0,2023-01-17
2500,2023-01-17 10:15:00+05:30,766.4500122070312,766.9500122070312,761.9500122070312,764.4000244140625,27621,0.0,0.0,2023-01-17
2501,2023-01-17 11:15:00+05:30,763.9500122070312,764.2999877929688,761.5499877929688,762.5999755859375,4341,0.0,0.0,2023-01-17
2502,2023-01-17 12:15:00+05:30,763.25,763.25,758.0,761.4500122070312,21454,0.0,0.0,2023-01-17
2503,2023-01-17 13:15:00+05:30,760.7999877929688,765.0,757.0,760.0499877929688,22582,0.0,0.0,2023-01-17
2504,2023-01-17 14:15:00+05:30,760.0499877929688,764.4500122070312,759.0499877929688,760.1500244140625,5184,0.0,0.0,2023-01-17
2505,2023-01-17 15:15:00+05:30,760.75,765.0,757.2999877929688,761.7000122070312,2159,0.0,0.0,2023-01-17
2506,2023-01-18 09:15:00+05:30,760.0,779.0,760.0,771.0,0,0.0,0.0,2023-01-18
2507,2023-01-18 10:15:00+05:30,770.7000122070312,770.9500122070312,739.0,745.75,659590,0.0,0.0,2023-01-18
2508,2023-01-18 11:15:00+05:30,745.75,749.5,742.0,748.1500244140625,20121,0.0,0.0,2023-01-18
2509,2023-01-18 12:15:00+05:30,748.0499877929688,749.8499755859375,743.0,747.8499755859375,14858,0.0,0.0,2023-01-18
2510,2023-01-18 13:15:00+05:30,747.5,748.4000244140625,744.5499877929688,746.0999755859375,19900,0.0,0.0,2023-01-18
2511,2023-01-18 14:15:00+05:30,746.0,757.0499877929688,741.5,745.4000244140625,51299,0.0,0.0,2023-01-18
2512,2023-01-18 15:15:00+05:30,745.1500244140625,748.9500122070312,742.0999755859375,748.9500122070312,15128,0.0,0.0,2023-01-18
2513,2023-01-19 09:15:00+05:30,751.0999755859375,754.7000122070312,751.0999755859375,753.75,0,0.0,0.0,2023-01-19
2514,2023-01-19 10:15:00+05:30,754.4500122070312,774.5,753.9000244140625,770.5999755859375,119178,0.0,0.0,2023-01-19
2515,2023-01-19 11:15:00+05:30,770.5999755859375,777.0,769.2000122070312,774.4500122070312,30922,0.0,0.0,2023-01-19
2516,2023-01-19 12:15:00+05:30,774.4500122070312,778.2000122070312,767.5999755859375,771.4000244140625,112344,0.0,0.0,2023-01-19
2517,2023-01-19 13:15:00+05:30,771.4000244140625,771.7999877929688,769.0999755859375,770.0999755859375,78447,0.0,0.0,2023-01-19
2518,2023-01-19 14:15:00+05:30,770.5499877929688,779.9000244140625,770.1500244140625,779.2000122070312,61472,0.0,0.0,2023-01-19
2519,2023-01-19 15:15:00+05:30,779.2000122070312,784.0,775.0,778.2999877929688,36544,0.0,0.0,2023-01-19
2520,2023-01-20 09:15:00+05:30,783.3499755859375,801.0,770.5499877929688,779.2000122070312,0,0.0,0.0,2023-01-20
2521,2023-01-20 10:15:00+05:30,779.6500244140625,779.9500122070312,772.0999755859375,777.0,15220,0.0,0.0,2023-01-20
2522,2023-01-20 11:15:00+05:30,776.3499755859375,777.0,771.0499877929688,773.0,9953,0.0,0.0,2023-01-20
2523,2023-01-20 12:15:00+05:30,771.7999877929688,775.0999755859375,769.0,774.1500244140625,16982,0.0,0.0,2023-01-20
2524,2023-01-20 13:15:00+05:30,775.0,777.4000244140625,772.0,774.4500122070312,5692,0.0,0.0,2023-01-20
2525,2023-01-20 14:15:00+05:30,775.5499877929688,776.9500122070312,773.0,774.0,29252,0.0,0.0,2023-01-20
2526,2023-01-20 15:15:00+05:30,775.0,775.0,771.0,774.25,10718,0.0,0.0,2023-01-20
2527,2023-01-23 09:15:00+05:30,766.0499877929688,787.7999877929688,766.0499877929688,780.9000244140625,0,0.0,0.0,2023-01-23
2528,2023-01-23 10:15:00+05:30,780.9000244140625,784.9500122070312,776.0,779.0,25385,0.0,0.0,2023-01-23
2529,2023-01-23 11:15:00+05:30,779.0999755859375,780.0,776.3499755859375,776.4000244140625,2144,0.0,0.0,2023-01-23
2530,2023-01-23 12:15:00+05:30,777.25,777.25,773.5499877929688,774.5999755859375,25001,0.0,0.0,2023-01-23
2531,2023-01-23 13:15:00+05:30,774.6500244140625,775.4500122070312,771.0,771.9500122070312,1388,0.0,0.0,2023-01-23
2532,2023-01-23 14:15:00+05:30,772.0,775.0,768.2000122070312,772.9500122070312,15069,0.0,0.0,2023-01-23
2533,2023-01-23 15:15:00+05:30,772.9500122070312,776.0,771.0999755859375,774.25,9540,0.0,0.0,2023-01-23
2534,2023-01-24 09:15:00+05:30,770.0499877929688,778.1500244140625,770.0499877929688,774.0,0,0.0,0.0,2023-01-24
2535,2023-01-24 10:15:00+05:30,773.4000244140625,776.5499877929688,763.5499877929688,764.4000244140625,7251,0.0,0.0,2023-01-24
2536,2023-01-24 11:15:00+05:30,764.4000244140625,766.7000122070312,762.2999877929688,763.8499755859375,32111,0.0,0.0,2023-01-24
2537,2023-01-24 12:15:00+05:30,762.75,763.0499877929688,759.4000244140625,759.4000244140625,2446,0.0,0.0,2023-01-24
2538,2023-01-24 13:15:00+05:30,759.4000244140625,759.4000244140625,755.0,756.5999755859375,1966,0.0,0.0,2023-01-24
2539,2023-01-24 14:15:00+05:30,757.4000244140625,757.7000122070312,752.0499877929688,756.7999877929688,18376,0.0,0.0,2023-01-24
2540,2023-01-24 15:15:00+05:30,756.7999877929688,766.0,755.0,764.0,2209,0.0,0.0,2023-01-24
2541,2023-01-25 09:15:00+05:30,763.2000122070312,765.0,751.5999755859375,751.7000122070312,0,0.0,0.0,2023-01-25
2542,2023-01-25 10:15:00+05:30,751.7000122070312,753.8499755859375,751.5,751.5999755859375,12424,0.0,0.0,2023-01-25
2543,2023-01-25 11:15:00+05:30,751.5999755859375,752.9500122070312,751.5,752.0,717,0.0,0.0,2023-01-25
2544,2023-01-25 12:15:00+05:30,752.0,753.5,751.5,751.5,29854,0.0,0.0,2023-01-25
2545,2023-01-25 13:15:00+05:30,751.5,752.4000244140625,751.2000122070312,751.5499877929688,603,0.0,0.0,2023-01-25
2546,2023-01-25 14:15:00+05:30,751.5,752.4000244140625,751.0,751.9500122070312,14648,0.0,0.0,2023-01-25
2547,2023-01-25 15:15:00+05:30,751.9500122070312,753.7999877929688,751.0,751.1500244140625,3280,0.0,0.0,2023-01-25
2548,2023-01-27 09:15:00+05:30,757.9500122070312,759.1500244140625,751.4000244140625,751.5499877929688,0,0.0,0.0,2023-01-27
2549,2023-01-27 10:15:00+05:30,752.8499755859375,761.4000244140625,751.5499877929688,757.2999877929688,24224,0.0,0.0,2023-01-27
2550,2023-01-27 11:15:00+05:30,757.0499877929688,758.7000122070312,752.0,754.4500122070312,2385,0.0,0.0,2023-01-27
2551,2023-01-27 12:15:00+05:30,754.9500122070312,762.5499877929688,751.25,757.0,40279,0.0,0.0,2023-01-27
2552,2023-01-27 13:15:00+05:30,757.0999755859375,757.0999755859375,751.4500122070312,752.1500244140625,2549,0.0,0.0,2023-01-27
2553,2023-01-27 14:15:00+05:30,753.5499877929688,762.75,752.0,757.25,26290,0.0,0.0,2023-01-27
2554,2023-01-27 15:15:00+05:30,756.3499755859375,762.25,752.25,758.25,5095,0.0,0.0,2023-01-27
2555,2023-01-30 09:15:00+05:30,752.8499755859375,758.5,751.25,752.2999877929688,0,0.0,0.0,2023-01-30
2556,2023-01-30 10:15:00+05:30,752.25,753.7000122070312,751.2999877929688,751.3499755859375,18680,0.0,0.0,2023-01-30
2557,2023-01-30 11:15:00+05:30,751.4000244140625,753.8499755859375,751.4000244140625,752.5999755859375,20197,0.0,0.0,2023-01-30
2558,2023-01-30 12:15:00+05:30,752.0999755859375,752.5999755859375,751.0999755859375,751.2000122070312,9304,0.0,0.0,2023-01-30
2559,2023-01-30 13:15:00+05:30,751.2000122070312,752.75,751.0999755859375,751.5,1074,0.0,0.0,2023-01-30
2560,2023-01-30 14:15:00+05:30,751.2000122070312,751.9000244140625,751.0,751.2000122070312,20880,0.0,0.0,2023-01-30
2561,2023-01-30 15:15:00+05:30,751.2000122070312,752.5999755859375,751.0,751.1500244140625,3946,0.0,0.0,2023-01-30
2562,2023-01-31 09:15:00+05:30,753.7999877929688,754.6500244140625,752.0499877929688,754.5999755859375,0,0.0,0.0,2023-01-31
2563,2023-01-31 10:15:00+05:30,753.5499877929688,754.5,751.5499877929688,751.7999877929688,13996,0.0,0.0,2023-01-31
2564,2023-01-31 11:15:00+05:30,751.7999877929688,753.1500244140625,751.0499877929688,751.2000122070312,9759,0.0,0.0,2023-01-31
2565,2023-01-31 12:15:00+05:30,751.1500244140625,752.9000244140625,748.1500244140625,751.0999755859375,27116,0.0,0.0,2023-01-31
2566,2023-01-31 13:15:00+05:30,751.0999755859375,753.0,751.0999755859375,752.0,10638,0.0,0.0,2023-01-31
2567,2023-01-31 14:15:00+05:30,752.2999877929688,752.8499755859375,751.0,751.0499877929688,3660,0.0,0.0,2023-01-31
2568,2023-01-31 15:15:00+05:30,751.0499877929688,754.0,751.0,751.9000244140625,3076,0.0,0.0,2023-01-31
2569,2023-02-01 09:15:00+05:30,753.0,757.2999877929688,753.0,753.8499755859375,0,0.0,0.0,2023-02-01
2570,2023-02-01 10:15:00+05:30,753.9500122070312,758.4500122070312,753.9500122070312,757.9000244140625,14476,0.0,0.0,2023-02-01
2571,2023-02-01 11:15:00+05:30,755.75,759.0,755.75,757.5499877929688,1167,0.0,0.0,2023-02-01
2572,2023-02-01 12:15:00+05:30,756.5499877929688,758.3499755859375,754.0499877929688,756.9000244140625,0,0.0,0.0,2023-02-01
2573,2023-02-01 13:15:00+05:30,756.25,757.3499755859375,753.2000122070312,754.6500244140625,62773,0.0,0.0,2023-02-01
2574,2023-02-01 14:15:00+05:30,753.6500244140625,754.9000244140625,751.0499877929688,754.7999877929688,17800,0.0,0.0,2023-02-01
2575,2023-02-01 15:15:00+05:30,754.75,757.7000122070312,752.5999755859375,754.75,1140,0.0,0.0,2023-02-01
2576,2023-02-02 09:15:00+05:30,758.0999755859375,759.6500244140625,753.1500244140625,755.3499755859375,0,0.0,0.0,2023-02-02
2577,2023-02-02 10:15:00+05:30,754.0999755859375,754.0999755859375,752.0499877929688,752.0499877929688,14822,0.0,0.0,2023-02-02
2578,2023-02-02 11:15:00+05:30,752.0499877929688,756.7000122070312,752.0499877929688,755.7999877929688,1763,0.0,0.0,2023-02-02
2579,2023-02-02 12:15:00+05:30,756.9500122070312,756.9500122070312,751.2000122070312,751.6500244140625,1892,0.0,0.0,2023-02-02
2580,2023-02-02 13:15:00+05:30,751.4500122070312,753.0999755859375,751.0,751.1500244140625,26687,0.0,0.0,2023-02-02
2581,2023-02-02 14:15:00+05:30,751.0499877929688,753.2999877929688,751.0499877929688,752.0499877929688,22504,0.0,0.0,2023-02-02
2582,2023-02-02 15:15:00+05:30,752.0499877929688,752.9500122070312,748.0499877929688,751.4500122070312,2804,0.0,0.0,2023-02-02
2583,2023-02-03 09:15:00+05:30,751.0999755859375,754.9000244140625,751.0999755859375,751.4000244140625,0,0.0,0.0,2023-02-03
2584,2023-02-03 10:15:00+05:30,752.9500122070312,753.4500122070312,751.4500122070312,751.5,19454,0.0,0.0,2023-02-03
2585,2023-02-03 11:15:00+05:30,751.4000244140625,753.0,751.25,752.75,19342,0.0,0.0,2023-02-03
2586,2023-02-03 12:15:00+05:30,751.75,752.9500122070312,751.2000122070312,752.2999877929688,10936,0.0,0.0,2023-02-03
2587,2023-02-03 13:15:00+05:30,751.8499755859375,752.2999877929688,751.2000122070312,751.2000122070312,611,0.0,0.0,2023-02-03
2588,2023-02-03 14:15:00+05:30,751.2000122070312,753.75,751.0499877929688,753.5,15636,0.0,0.0,2023-02-03
2589,2023-02-03 15:15:00+05:30,753.3499755859375,754.0,751.3499755859375,752.75,2837,0.0,0.0,2023-02-03
2590,2023-02-06 09:15:00+05:30,752.75,754.7999877929688,751.5,752.7999877929688,0,0.0,0.0,2023-02-06
2591,2023-02-06 10:15:00+05:30,752.8499755859375,752.9000244140625,751.0,751.9000244140625,17523,0.0,0.0,2023-02-06
2592,2023-02-06 11:15:00+05:30,751.5,751.9000244140625,751.0,751.7000122070312,3752,0.0,0.0,2023-02-06
2593,2023-02-06 12:15:00+05:30,751.7000122070312,752.5,751.0,751.2000122070312,29366,0.0,0.0,2023-02-06
2594,2023-02-06 13:15:00+05:30,751.0999755859375,754.4000244140625,751.0999755859375,752.9500122070312,1621,0.0,0.0,2023-02-06
2595,2023-02-06 14:15:00+05:30,753.6500244140625,754.9000244140625,751.0,753.1500244140625,18579,0.0,0.0,2023-02-06
2596,2023-02-06 15:15:00+05:30,753.3499755859375,754.0,751.0,751.9000244140625,1956,0.0,0.0,2023-02-06
2597,2023-02-07 09:15:00+05:30,751.8499755859375,754.4500122070312,751.5,751.5499877929688,0,0.0,0.0,2023-02-07
2598,2023-02-07 10:15:00+05:30,751.5499877929688,752.9500122070312,751.2999877929688,751.7000122070312,3431,0.0,0.0,2023-02-07
2599,2023-02-07 11:15:00+05:30,751.6500244140625,752.4500122070312,751.0999755859375,751.1500244140625,904,0.0,0.0,2023-02-07
2600,2023-02-07 12:15:00+05:30,751.1500244140625,752.4500122070312,751.0999755859375,751.2000122070312,28024,0.0,0.0,2023-02-07
2601,2023-02-07 13:15:00+05:30,751.2000122070312,752.0999755859375,751.0999755859375,751.25,3148,0.0,0.0,2023-02-07
2602,2023-02-07 14:15:00+05:30,751.7999877929688,752.25,751.0,751.0999755859375,17293,0.0,0.0,2023-02-07
2603,2023-02-07 15:15:00+05:30,751.0999755859375,752.0,750.6500244140625,751.0999755859375,6999,0.0,0.0,2023-02-07
2604,2023-02-08 09:15:00+05:30,753.3499755859375,754.8499755859375,751.2000122070312,752.0499877929688,0,0.0,0.0,2023-02-08
2605,2023-02-08 10:15:00+05:30,751.2000122070312,751.9500122070312,751.0499877929688,751.0999755859375,3981,0.0,0.0,2023-02-08
2606,2023-02-08 11:15:00+05:30,751.0999755859375,751.7999877929688,750.7000122070312,751.0,609,0.0,0.0,2023-02-08
2607,2023-02-08 12:15:00+05:30,751.0,751.75,751.0,751.0999755859375,807,0.0,0.0,2023-02-08
2608,2023-02-08 13:15:00+05:30,751.0,752.5999755859375,751.0,751.5,35686,0.0,0.0,2023-02-08
2609,2023-02-08 14:15:00+05:30,751.5499877929688,753.0,751.0,751.9000244140625,33784,0.0,0.0,2023-02-08
2610,2023-02-08 15:15:00+05:30,751.9000244140625,752.9500122070312,750.6500244140625,752.2999877929688,4754,0.0,0.0,2023-02-08
2611,2023-02-09 09:15:00+05:30,753.8499755859375,755.3499755859375,751.0999755859375,751.1500244140625,0,0.0,0.0,2023-02-09
2612,2023-02-09 10:15:00+05:30,751.1500244140625,752.3499755859375,750.6500244140625,752.3499755859375,8501,0.0,0.0,2023-02-09
2613,2023-02-09 11:15:00+05:30,751.9500122070312,752.4500122070312,751.0999755859375,751.2000122070312,12134,0.0,0.0,2023-02-09
2614,2023-02-09 12:15:00+05:30,751.8499755859375,751.9000244140625,751.0999755859375,751.7000122070312,1307,0.0,0.0,2023-02-09
2615,2023-02-09 13:15:00+05:30,751.0999755859375,753.2999877929688,751.0499877929688,752.0999755859375,29879,0.0,0.0,2023-02-09
2616,2023-02-09 14:15:00+05:30,752.1500244140625,753.5999755859375,751.2999877929688,752.4500122070312,13232,0.0,0.0,2023-02-09
2617,2023-02-09 15:15:00+05:30,753.4000244140625,753.7999877929688,751.0,751.5,5563,0.0,0.0,2023-02-09
2618,2023-02-10 09:15:00+05:30,754.0,754.0,751.1500244140625,752.1500244140625,0,0.0,0.0,2023-02-10
2619,2023-02-10 10:15:00+05:30,752.1500244140625,752.1500244140625,751.0499877929688,751.5999755859375,15868,0.0,0.0,2023-02-10
2620,2023-02-10 11:15:00+05:30,751.5999755859375,751.9000244140625,751.0499877929688,751.0499877929688,1039,0.0,0.0,2023-02-10
2621,2023-02-10 12:15:00+05:30,751.0499877929688,751.9000244140625,751.0499877929688,751.3499755859375,8553,0.0,0.0,2023-02-10
2622,2023-02-10 13:15:00+05:30,751.5999755859375,752.9500122070312,751.0999755859375,751.1500244140625,27645,0.0,0.0,2023-02-10
2623,2023-02-10 14:15:00+05:30,751.5,752.75,750.1500244140625,751.1500244140625,9716,0.0,0.0,2023-02-10
2624,2023-02-10 15:15:00+05:30,751.1500244140625,752.7000122070312,751.0,751.4500122070312,1849,0.0,0.0,2023-02-10
2625,2023-02-13 09:15:00+05:30,751.2999877929688,757.8499755859375,751.2999877929688,756.1500244140625,0,0.0,0.0,2023-02-13
2626,2023-02-13 10:15:00+05:30,757.2999877929688,758.0999755859375,756.0,757.1500244140625,11368,0.0,0.0,2023-02-13
2627,2023-02-13 11:15:00+05:30,758.25,763.9000244140625,757.2999877929688,759.1500244140625,6903,0.0,0.0,2023-02-13
2628,2023-02-13 12:15:00+05:30,759.9500122070312,770.0,759.0499877929688,766.5499877929688,37250,0.0,0.0,2023-02-13
2629,2023-02-13 13:15:00+05:30,766.5499877929688,768.5,760.5499877929688,765.3499755859375,7326,0.0,0.0,2023-02-13
2630,2023-02-13 14:15:00+05:30,763.5999755859375,768.5,759.0,764.3499755859375,16936,0.0,0.0,2023-02-13
2631,2023-02-13 15:15:00+05:30,765.0,779.0,763.0999755859375,768.9500122070312,6015,0.0,0.0,2023-02-13
2632,2023-02-14 09:15:00+05:30,790.0,790.0,767.0499877929688,772.1500244140625,0,0.0,0.0,2023-02-14
2633,2023-02-14 10:15:00+05:30,772.5,773.4000244140625,763.5999755859375,765.5,39267,0.0,0.0,2023-02-14
2634,2023-02-14 11:15:00+05:30,765.0,765.9500122070312,761.7999877929688,765.0,4616,0.0,0.0,2023-02-14
2635,2023-02-14 12:15:00+05:30,765.4000244140625,765.4000244140625,760.0,760.4000244140625,10081,0.0,0.0,2023-02-14
2636,2023-02-14 13:15:00+05:30,760.0999755859375,761.0499877929688,752.9500122070312,753.6500244140625,19574,0.0,0.0,2023-02-14
2637,2023-02-14 14:15:00+05:30,754.4500122070312,759.6500244140625,753.4500122070312,757.9500122070312,7075,0.0,0.0,2023-02-14
2638,2023-02-14 15:15:00+05:30,756.8499755859375,757.6500244140625,751.5,754.1500244140625,8536,0.0,0.0,2023-02-14
2639,2023-02-15 09:15:00+05:30,751.0999755859375,754.2000122070312,745.7999877929688,746.0,0,0.0,0.0,2023-02-15
2640,2023-02-15 10:15:00+05:30,746.0999755859375,748.5,741.0999755859375,744.9000244140625,27080,0.0,0.0,2023-02-15
2641,2023-02-15 11:15:00+05:30,744.8499755859375,745.2999877929688,743.0,743.0499877929688,1585,0.0,0.0,2023-02-15
2642,2023-02-15 12:15:00+05:30,743.0499877929688,744.0,742.0499877929688,743.25,2056,0.0,0.0,2023-02-15
2643,2023-02-15 13:15:00+05:30,742.5999755859375,746.5,742.4000244140625,745.0499877929688,2815,0.0,0.0,2023-02-15
2644,2023-02-15 14:15:00+05:30,745.4000244140625,759.0,744.9000244140625,753.9500122070312,15248,0.0,0.0,2023-02-15
2645,2023-02-15 15:15:00+05:30,754.3499755859375,759.0,753.25,756.7999877929688,2155,0.0,0.0,2023-02-15
2646,2023-02-16 09:15:00+05:30,756.0,758.2000122070312,749.4500122070312,750.2999877929688,0,0.0,0.0,2023-02-16
2647,2023-02-16 10:15:00+05:30,750.5499877929688,757.0,749.5999755859375,756.5999755859375,4189,0.0,0.0,2023-02-16
2648,2023-02-16 11:15:00+05:30,756.75,759.0,753.75,758.0,3810,0.0,0.0,2023-02-16
2649,2023-02-16 12:15:00+05:30,758.7999877929688,760.8499755859375,758.0,760.0499877929688,3172,0.0,0.0,2023-02-16
2650,2023-02-16 13:15:00+05:30,760.2000122070312,762.5,757.5,757.75,5932,0.0,0.0,2023-02-16
2651,2023-02-16 14:15:00+05:30,758.6500244140625,760.4000244140625,755.5999755859375,756.0,1911,0.0,0.0,2023-02-16
2652,2023-02-16 15:15:00+05:30,755.5499877929688,756.5999755859375,748.5999755859375,749.0,4813,0.0,0.0,2023-02-16
2653,2023-02-17 09:15:00+05:30,706.4500122070312,715.75,698.8499755859375,705.3499755859375,48285,0.0,0.0,2023-02-17
2654,2023-02-17 10:15:00+05:30,706.4000244140625,708.0,704.0999755859375,705.25,8027,0.0,0.0,2023-02-17
2655,2023-02-17 11:15:00+05:30,705.2000122070312,706.9000244140625,704.0499877929688,706.0499877929688,4881,0.0,0.0,2023-02-17
2656,2023-02-17 12:15:00+05:30,705.1500244140625,706.0999755859375,704.0499877929688,704.0499877929688,3015,0.0,0.0,2023-02-17
2657,2023-02-17 13:15:00+05:30,704.0,704.9500122070312,700.2999877929688,703.5999755859375,8446,0.0,0.0,2023-02-17
2658,2023-02-17 14:15:00+05:30,703.5,704.9500122070312,701.0,703.5,12064,0.0,0.0,2023-02-17
2659,2023-02-17 15:15:00+05:30,703.0499877929688,707.5,700.1500244140625,703.5499877929688,10901,0.0,0.0,2023-02-17
2660,2023-02-20 09:15:00+05:30,699.9000244140625,712.6500244140625,694.3499755859375,698.9500122070312,0,0.0,0.0,2023-02-20
2661,2023-02-20 10:15:00+05:30,698.25,699.7000122070312,697.2000122070312,698.0999755859375,27918,0.0,0.0,2023-02-20
2662,2023-02-20 11:15:00+05:30,698.0999755859375,699.0,698.0,698.0499877929688,8024,0.0,0.0,2023-02-20
2663,2023-02-20 12:15:00+05:30,698.0499877929688,698.9500122070312,697.5499877929688,698.0,6216,0.0,0.0,2023-02-20
2664,2023-02-20 13:15:00+05:30,698.0,699.1500244140625,698.0,698.0499877929688,6816,0.0,0.0,2023-02-20
2665,2023-02-20 14:15:00+05:30,698.0499877929688,704.9000244140625,698.0,702.2000122070312,15461,0.0,0.0,2023-02-20
2666,2023-02-20 15:15:00+05:30,701.1500244140625,704.4000244140625,698.0499877929688,701.2000122070312,4992,0.0,0.0,2023-02-20
2667,2023-02-21 09:15:00+05:30,695.0,703.6500244140625,695.0,698.3499755859375,0,0.0,0.0,2023-02-21
2668,2023-02-21 10:15:00+05:30,699.2000122070312,699.4500122070312,698.2000122070312,698.2000122070312,2495,0.0,0.0,2023-02-21
2669,2023-02-21 11:15:00+05:30,698.25,700.7999877929688,698.1500244140625,700.5,2445,0.0,0.0,2023-02-21
2670,2023-02-21 12:15:00+05:30,700.3499755859375,701.5,699.9500122070312,700.9500122070312,3406,0.0,0.0,2023-02-21
2671,2023-02-21 13:15:00+05:30,700.1500244140625,702.5999755859375,700.0,700.2000122070312,1967,0.0,0.0,2023-02-21
2672,2023-02-21 14:15:00+05:30,700.5,701.4500122070312,698.2999877929688,700.0,13063,0.0,0.0,2023-02-21
2673,2023-02-21 15:15:00+05:30,700.0999755859375,701.9000244140625,686.0,699.7000122070312,22401,0.0,0.0,2023-02-21
2674,2023-02-22 09:15:00+05:30,703.0999755859375,703.9000244140625,700.0,700.7999877929688,0,0.0,0.0,2023-02-22
2675,2023-02-22 10:15:00+05:30,700.0499877929688,702.9500122070312,698.0499877929688,700.0,5986,0.0,0.0,2023-02-22
2676,2023-02-22 11:15:00+05:30,700.4000244140625,700.4500122070312,699.1500244140625,699.1500244140625,979,0.0,0.0,2023-02-22
2677,2023-02-22 12:15:00+05:30,699.1500244140625,700.0999755859375,698.1500244140625,699.0,597,0.0,0.0,2023-02-22
2678,2023-02-22 13:15:00+05:30,699.5999755859375,700.2999877929688,698.0,700.0499877929688,9861,0.0,0.0,2023-02-22
2679,2023-02-22 14:15:00+05:30,700.0499877929688,701.4500122070312,700.0,700.0,12859,0.0,0.0,2023-02-22
2680,2023-02-22 15:15:00+05:30,700.0,700.5999755859375,698.0,700.4500122070312,10200,0.0,0.0,2023-02-22
2681,2023-02-23 09:15:00+05:30,704.0,704.0,698.9000244140625,701.2000122070312,96,0.0,0.0,2023-02-23
2682,2023-02-23 10:15:00+05:30,700.25,701.4000244140625,699.9000244140625,700.25,4000,0.0,0.0,2023-02-23
2683,2023-02-23 11:15:00+05:30,700.0,700.25,699.25,699.9000244140625,2973,0.0,0.0,2023-02-23
2684,2023-02-23 12:15:00+05:30,699.8499755859375,700.4500122070312,699.5999755859375,700.0,1980,0.0,0.0,2023-02-23
2685,2023-02-23 13:15:00+05:30,700.25,700.5,698.1500244140625,700.0,17468,0.0,0.0,2023-02-23
2686,2023-02-23 14:15:00+05:30,700.0,700.5499877929688,692.7000122070312,693.9000244140625,22258,0.0,0.0,2023-02-23
2687,2023-02-23 15:15:00+05:30,693.1500244140625,696.7000122070312,693.0999755859375,696.6500244140625,20401,0.0,0.0,2023-02-23
2688,2023-02-24 09:15:00+05:30,700.25,700.25,693.4500122070312,697.0499877929688,0,0.0,0.0,2023-02-24
2689,2023-02-24 10:15:00+05:30,697.0499877929688,698.2999877929688,694.25,694.75,14370,0.0,0.0,2023-02-24
2690,2023-02-24 11:15:00+05:30,695.0,696.7000122070312,693.9000244140625,695.0499877929688,2129,0.0,0.0,2023-02-24
2691,2023-02-24 12:15:00+05:30,695.0499877929688,696.5,694.25,695.0,2926,0.0,0.0,2023-02-24
2692,2023-02-24 13:15:00+05:30,695.0,695.5,692.0499877929688,693.7000122070312,11136,0.0,0.0,2023-02-24
2693,2023-02-24 14:15:00+05:30,693.7000122070312,697.0,690.0499877929688,694.9500122070312,85064,0.0,0.0,2023-02-24
2694,2023-02-24 15:15:00+05:30,695.7000122070312,695.8499755859375,693.4000244140625,695.8499755859375,1782,0.0,0.0,2023-02-24
2695,2023-02-27 09:15:00+05:30,694.25,698.25,685.6500244140625,689.75,0,0.0,0.0,2023-02-27
2696,2023-02-27 10:15:00+05:30,690.1500244140625,692.4500122070312,685.5499877929688,690.0999755859375,56665,0.0,0.0,2023-02-27
2697,2023-02-27 11:15:00+05:30,690.0999755859375,692.2000122070312,690.0499877929688,692.2000122070312,4977,0.0,0.0,2023-02-27
2698,2023-02-27 12:15:00+05:30,690.6500244140625,691.0499877929688,688.0999755859375,689.9500122070312,11782,0.0,0.0,2023-02-27
2699,2023-02-27 13:15:00+05:30,689.9500122070312,690.75,686.0499877929688,690.25,4033,0.0,0.0,2023-02-27
2700,2023-02-27 14:15:00+05:30,690.25,690.75,687.0999755859375,689.9500122070312,56979,0.0,0.0,2023-02-27
2701,2023-02-27 15:15:00+05:30,688.7000122070312,692.4500122070312,686.2000122070312,689.5499877929688,4630,0.0,0.0,2023-02-27
2702,2023-02-28 09:15:00+05:30,693.0,693.0,686.75,690.0499877929688,0,0.0,0.0,2023-02-28
2703,2023-02-28 10:15:00+05:30,690.0499877929688,691.0,687.0,690.0499877929688,28405,0.0,0.0,2023-02-28
2704,2023-02-28 11:15:00+05:30,690.0499877929688,690.8499755859375,688.9500122070312,689.0,24533,0.0,0.0,2023-02-28
2705,2023-02-28 12:15:00+05:30,689.0,690.0,687.0999755859375,688.0,5141,0.0,0.0,2023-02-28
2706,2023-02-28 13:15:00+05:30,688.3499755859375,690.0,680.4500122070312,686.0499877929688,68865,0.0,0.0,2023-02-28
2707,2023-02-28 14:15:00+05:30,686.0499877929688,687.25,676.6500244140625,682.7000122070312,41694,0.0,0.0,2023-02-28
2708,2023-02-28 15:15:00+05:30,683.9000244140625,685.0499877929688,671.5499877929688,680.0999755859375,46576,0.0,0.0,2023-02-28
2709,2023-03-01 09:15:00+05:30,686.75,686.75,673.0,681.0499877929688,0,0.0,0.0,2023-03-01
2710,2023-03-01 10:15:00+05:30,681.0499877929688,684.8499755859375,681.0,681.9000244140625,24353,0.0,0.0,2023-03-01
2711,2023-03-01 11:15:00+05:30,681.9000244140625,682.1500244140625,681.0,681.0499877929688,2695,0.0,0.0,2023-03-01
2712,2023-03-01 12:15:00+05:30,681.0,682.0999755859375,681.0,681.0499877929688,4237,0.0,0.0,2023-03-01
2713,2023-03-01 13:15:00+05:30,681.0499877929688,683.0,678.5499877929688,681.0,35117,0.0,0.0,2023-03-01
2714,2023-03-01 14:15:00+05:30,681.0,683.0999755859375,678.0499877929688,680.0,85014,0.0,0.0,2023-03-01
2715,2023-03-01 15:15:00+05:30,680.0,682.1500244140625,676.0,677.0,31205,0.0,0.0,2023-03-01
2716,2023-03-02 09:15:00+05:30,683.75,683.75,679.9500122070312,681.0,0,0.0,0.0,2023-03-02
2717,2023-03-02 10:15:00+05:30,681.0,681.9500122070312,675.5499877929688,677.9000244140625,58923,0.0,0.0,2023-03-02
2718,2023-03-02 11:15:00+05:30,677.0,678.0999755859375,675.0,677.0,11539,0.0,0.0,2023-03-02
2719,2023-03-02 12:15:00+05:30,677.0,677.9500122070312,675.2000122070312,677.0499877929688,10052,0.0,0.0,2023-03-02
2720,2023-03-02 13:15:00+05:30,677.0499877929688,677.6500244140625,674.0,677.2000122070312,41125,0.0,0.0,2023-03-02
2721,2023-03-02 14:15:00+05:30,677.0,681.5499877929688,675.25,677.3499755859375,53658,0.0,0.0,2023-03-02
2722,2023-03-02 15:15:00+05:30,677.3499755859375,679.4000244140625,676.0499877929688,679.4000244140625,22365,0.0,0.0,2023-03-02
2723,2023-03-03 09:15:00+05:30,681.9000244140625,682.4500122070312,676.9500122070312,681.75,0,0.0,0.0,2023-03-03
2724,2023-03-03 10:15:00+05:30,681.75,681.9500122070312,680.0499877929688,681.8499755859375,2681,0.0,0.0,2023-03-03
2725,2023-03-03 11:15:00+05:30,681.3499755859375,682.7999877929688,681.0499877929688,681.0999755859375,1771,0.0,0.0,2023-03-03
2726,2023-03-03 12:15:00+05:30,681.0999755859375,681.0999755859375,678.0,680.4000244140625,5745,0.0,0.0,2023-03-03
2727,2023-03-03 13:15:00+05:30,679.5,680.2000122070312,677.2000122070312,679.0499877929688,8575,0.0,0.0,2023-03-03
2728,2023-03-03 14:15:00+05:30,679.0499877929688,683.0,678.0499877929688,679.3499755859375,15456,0.0,0.0,2023-03-03
2729,2023-03-03 15:15:00+05:30,679.1500244140625,680.9500122070312,671.25,679.1500244140625,52228,0.0,0.0,2023-03-03
2730,2023-03-06 09:15:00+05:30,684.9000244140625,684.9000244140625,674.0499877929688,676.9500122070312,0,0.0,0.0,2023-03-06
2731,2023-03-06 10:15:00+05:30,676.9500122070312,677.9000244140625,673.25,674.9000244140625,8612,0.0,0.0,2023-03-06
2732,2023-03-06 11:15:00+05:30,675.0,675.8499755859375,674.7000122070312,675.0,666,0.0,0.0,2023-03-06
2733,2023-03-06 12:15:00+05:30,675.0,679.0,670.5,675.9500122070312,35182,0.0,0.0,2023-03-06
2734,2023-03-06 13:15:00+05:30,675.7999877929688,678.9000244140625,672.0999755859375,673.3499755859375,27923,0.0,0.0,2023-03-06
2735,2023-03-06 14:15:00+05:30,673.7000122070312,677.7999877929688,672.0,675.4000244140625,36152,0.0,0.0,2023-03-06
2736,2023-03-06 15:15:00+05:30,675.1500244140625,677.8499755859375,674.0,674.0,3043,0.0,0.0,2023-03-06
2737,2023-03-08 09:15:00+05:30,679.8499755859375,679.8499755859375,663.8499755859375,674.25,0,0.0,0.0,2023-03-08
2738,2023-03-08 10:15:00+05:30,674.4500122070312,675.0,673.0499877929688,673.5999755859375,5630,0.0,0.0,2023-03-08
2739,2023-03-08 11:15:00+05:30,673.5,674.4500122070312,671.75,673.0,2506,0.0,0.0,2023-03-08
2740,2023-03-08 12:15:00+05:30,673.0,674.5,671.6500244140625,673.0,2264,0.0,0.0,2023-03-08
2741,2023-03-08 13:15:00+05:30,673.0,675.25,670.8499755859375,674.9500122070312,7925,0.0,0.0,2023-03-08
2742,2023-03-08 14:15:00+05:30,675.0,676.2000122070312,674.5999755859375,674.5999755859375,9129,0.0,0.0,2023-03-08
2743,2023-03-08 15:15:00+05:30,674.4000244140625,677.0,670.0499877929688,674.7000122070312,25905,0.0,0.0,2023-03-08
2744,2023-03-09 09:15:00+05:30,673.0,677.0,671.0499877929688,674.5,0,0.0,0.0,2023-03-09
2745,2023-03-09 10:15:00+05:30,674.2000122070312,674.2000122070312,671.9000244140625,673.4500122070312,2605,0.0,0.0,2023-03-09
2746,2023-03-09 11:15:00+05:30,673.4500122070312,674.2000122070312,668.1500244140625,671.2999877929688,6648,0.0,0.0,2023-03-09
2747,2023-03-09 12:15:00+05:30,671.3499755859375,672.75,668.5,671.5,3793,0.0,0.0,2023-03-09
2748,2023-03-09 13:15:00+05:30,671.0,672.0,666.0999755859375,670.2000122070312,33402,0.0,0.0,2023-03-09
2749,2023-03-09 14:15:00+05:30,670.0499877929688,674.9000244140625,669.6500244140625,672.0,74469,0.0,0.0,2023-03-09
2750,2023-03-09 15:15:00+05:30,672.9000244140625,675.2000122070312,672.0,672.25,33731,0.0,0.0,2023-03-09
2751,2023-03-10 09:15:00+05:30,666.0499877929688,672.9500122070312,663.8499755859375,665.0,0,0.0,0.0,2023-03-10
2752,2023-03-10 10:15:00+05:30,664.0499877929688,665.0,660.7000122070312,660.7000122070312,12430,0.0,0.0,2023-03-10
2753,2023-03-10 11:15:00+05:30,661.6500244140625,661.6500244140625,660.0,660.7000122070312,521,0.0,0.0,2023-03-10
2754,2023-03-10 12:15:00+05:30,660.7000122070312,661.7999877929688,660.5499877929688,660.9000244140625,792,0.0,0.0,2023-03-10
2755,2023-03-10 13:15:00+05:30,660.9000244140625,662.0,660.0,660.0,11015,0.0,0.0,2023-03-10
2756,2023-03-10 14:15:00+05:30,660.0,661.0499877929688,659.5999755859375,660.0999755859375,14162,0.0,0.0,2023-03-10
2757,2023-03-10 15:15:00+05:30,660.0999755859375,665.0,659.1500244140625,661.1500244140625,2662,0.0,0.0,2023-03-10
2758,2023-03-13 09:15:00+05:30,654.5499877929688,658.2999877929688,643.5499877929688,646.2999877929688,0,0.0,0.0,2023-03-13
2759,2023-03-13 10:15:00+05:30,646.0,646.5,642.2999877929688,642.9000244140625,8359,0.0,0.0,2023-03-13
2760,2023-03-13 11:15:00+05:30,643.9500122070312,644.2999877929688,640.0999755859375,640.0999755859375,2322,0.0,0.0,2023-03-13
2761,2023-03-13 12:15:00+05:30,640.0999755859375,643.0,640.0999755859375,643.0,2286,0.0,0.0,2023-03-13
2762,2023-03-13 13:15:00+05:30,644.4000244140625,644.9500122070312,642.5,644.8499755859375,1820,0.0,0.0,2023-03-13
2763,2023-03-13 14:15:00+05:30,644.8499755859375,647.5999755859375,640.0,641.75,34748,0.0,0.0,2023-03-13
2764,2023-03-13 15:15:00+05:30,641.0,646.5499877929688,640.0,640.1500244140625,2259,0.0,0.0,2023-03-13
2765,2023-03-14 09:15:00+05:30,645.0,656.75,640.0,640.5999755859375,0,0.0,0.0,2023-03-14
2766,2023-03-14 10:15:00+05:30,640.6500244140625,641.2999877929688,640.0,640.1500244140625,28701,0.0,0.0,2023-03-14
2767,2023-03-14 11:15:00+05:30,640.2000122070312,641.0,640.0,640.0,27270,0.0,0.0,2023-03-14
2768,2023-03-14 12:15:00+05:30,640.0,641.6500244140625,640.0,640.0,22748,0.0,0.0,2023-03-14
2769,2023-03-14 13:15:00+05:30,639.8499755859375,641.5999755859375,638.0,639.0999755859375,19766,0.0,0.0,2023-03-14
2770,2023-03-14 14:15:00+05:30,638.5999755859375,642.75,637.7000122070312,639.0499877929688,29988,0.0,0.0,2023-03-14
2771,2023-03-14 15:15:00+05:30,640.9500122070312,641.9000244140625,635.0499877929688,638.7999877929688,4889,0.0,0.0,2023-03-14
2772,2023-03-15 09:15:00+05:30,643.5999755859375,643.7999877929688,630.5499877929688,632.2999877929688,0,0.0,0.0,2023-03-15
2773,2023-03-15 10:15:00+05:30,632.2999877929688,632.2999877929688,624.2999877929688,624.6500244140625,34509,0.0,0.0,2023-03-15
2774,2023-03-15 11:15:00+05:30,624.9500122070312,627.9000244140625,624.9000244140625,625.9500122070312,16769,0.0,0.0,2023-03-15
2775,2023-03-15 12:15:00+05:30,625.9500122070312,626.6500244140625,625.0,625.6500244140625,44932,0.0,0.0,2023-03-15
2776,2023-03-15 13:15:00+05:30,625.4000244140625,628.25,625.0,628.25,37662,0.0,0.0,2023-03-15
2777,2023-03-15 14:15:00+05:30,627.7000122070312,628.9000244140625,625.0999755859375,626.9000244140625,2981,0.0,0.0,2023-03-15
2778,2023-03-15 15:15:00+05:30,626.7000122070312,630.0,625.0,625.75,4126,0.0,0.0,2023-03-15
2779,2023-03-16 09:15:00+05:30,623.0,628.9000244140625,622.7000122070312,622.7000122070312,0,0.0,0.0,2023-03-16
2780,2023-03-16 10:15:00+05:30,622.7000122070312,622.7000122070312,621.0,622.4500122070312,2230,0.0,0.0,2023-03-16
2781,2023-03-16 11:15:00+05:30,621.5999755859375,623.0999755859375,621.0,621.0,463,0.0,0.0,2023-03-16
2782,2023-03-16 12:15:00+05:30,621.9000244140625,623.4000244140625,621.6500244140625,623.2000122070312,54712,0.0,0.0,2023-03-16
2783,2023-03-16 13:15:00+05:30,623.2000122070312,623.2000122070312,621.9000244140625,623.0,25296,0.0,0.0,2023-03-16
2784,2023-03-16 14:15:00+05:30,622.9500122070312,622.9500122070312,621.0999755859375,621.7999877929688,695,0.0,0.0,2023-03-16
2785,2023-03-16 15:15:00+05:30,621.7000122070312,623.0,621.0,621.25,2998,0.0,0.0,2023-03-16
2786,2023-03-17 09:15:00+05:30,624.0,624.0,621.0,621.0,0,0.0,0.0,2023-03-17
2787,2023-03-17 10:15:00+05:30,622.9500122070312,623.0499877929688,621.0,621.0,17825,0.0,0.0,2023-03-17
2788,2023-03-17 11:15:00+05:30,621.0,623.75,621.0,621.75,14881,0.0,0.0,2023-03-17
2789,2023-03-17 12:15:00+05:30,622.2000122070312,623.4000244140625,622.2000122070312,623.4000244140625,222,0.0,0.0,2023-03-17
2790,2023-03-17 13:15:00+05:30,623.3499755859375,623.3499755859375,622.0,622.0,835,0.0,0.0,2023-03-17
2791,2023-03-17 14:15:00+05:30,622.0,623.9000244140625,620.7000122070312,622.2999877929688,48055,0.0,0.0,2023-03-17
2792,2023-03-17 15:15:00+05:30,623.0,625.0,620.7999877929688,622.0,16052,0.0,0.0,2023-03-17
2793,2023-03-20 09:15:00+05:30,639.8499755859375,646.0999755859375,620.5999755859375,622.4500122070312,0,0.0,0.0,2023-03-20
2794,2023-03-20 10:15:00+05:30,622.0,623.4000244140625,621.5999755859375,622.0,16946,0.0,0.0,2023-03-20
2795,2023-03-20 11:15:00+05:30,622.0499877929688,623.5,621.8499755859375,621.9500122070312,9358,0.0,0.0,2023-03-20
2796,2023-03-20 12:15:00+05:30,622.0499877929688,623.0,621.0499877929688,621.75,6720,0.0,0.0,2023-03-20
2797,2023-03-20 13:15:00+05:30,621.8499755859375,623.2000122070312,621.75,621.8499755859375,1404,0.0,0.0,2023-03-20
2798,2023-03-20 14:15:00+05:30,621.0,622.5,621.0,622.4000244140625,2863,0.0,0.0,2023-03-20
2799,2023-03-20 15:15:00+05:30,622.5,622.7999877929688,621.0,621.5,3219,0.0,0.0,2023-03-20
2800,2023-03-21 09:15:00+05:30,579.0,601.9500122070312,575.0,596.1500244140625,114315,0.0,0.0,2023-03-21
2801,2023-03-21 10:15:00+05:30,596.5,596.8499755859375,586.2999877929688,588.2000122070312,38875,0.0,0.0,2023-03-21
2802,2023-03-21 11:15:00+05:30,588.4000244140625,589.5,585.0499877929688,586.0499877929688,11016,0.0,0.0,2023-03-21
2803,2023-03-21 12:15:00+05:30,586.0,587.0,580.6500244140625,585.9000244140625,22973,0.0,0.0,2023-03-21
2804,2023-03-21 13:15:00+05:30,586.4000244140625,587.0,583.0,586.0999755859375,8160,0.0,0.0,2023-03-21
2805,2023-03-21 14:15:00+05:30,586.7000122070312,588.0,580.5999755859375,582.0,19469,0.0,0.0,2023-03-21
2806,2023-03-21 15:15:00+05:30,582.0,583.0,575.2999877929688,580.1500244140625,0,0.0,0.0,2023-03-21
2807,2023-03-22 09:15:00+05:30,583.0,584.6500244140625,575.0,575.0,40972,0.0,0.0,2023-03-22
2808,2023-03-22 10:15:00+05:30,575.0,576.5,575.0,575.4000244140625,11792,0.0,0.0,2023-03-22
2809,2023-03-22 11:15:00+05:30,575.0499877929688,576.9000244140625,574.0,574.0,12606,0.0,0.0,2023-03-22
2810,2023-03-22 12:15:00+05:30,574.0,574.1500244140625,571.0999755859375,571.2000122070312,11359,0.0,0.0,2023-03-22
2811,2023-03-22 13:15:00+05:30,571.8499755859375,572.2999877929688,571.0,571.9500122070312,11800,0.0,0.0,2023-03-22
2812,2023-03-22 14:15:00+05:30,571.9000244140625,572.25,571.0,571.0499877929688,10672,0.0,0.0,2023-03-22
2813,2023-03-22 15:15:00+05:30,571.0499877929688,572.0,571.0,571.2000122070312,0,0.0,0.0,2023-03-22
2814,2023-03-23 09:15:00+05:30,574.0,575.0,571.0,571.5,19325,0.0,0.0,2023-03-23
2815,2023-03-23 10:15:00+05:30,571.5,571.9500122070312,571.0,571.2999877929688,23770,0.0,0.0,2023-03-23
2816,2023-03-23 11:15:00+05:30,571.4000244140625,571.5999755859375,571.0,571.5499877929688,59952,0.0,0.0,2023-03-23
2817,2023-03-23 12:15:00+05:30,572.0,572.9500122070312,571.5,572.3499755859375,56807,0.0,0.0,2023-03-23
2818,2023-03-23 13:15:00+05:30,571.8499755859375,572.6500244140625,571.0499877929688,572.4000244140625,36780,0.0,0.0,2023-03-23
2819,2023-03-23 14:15:00+05:30,571.7000122070312,572.0,571.1500244140625,571.5999755859375,2928,0.0,0.0,2023-03-23
2820,2023-03-23 15:15:00+05:30,571.8499755859375,573.2999877929688,570.0,571.9500122070312,33018,0.0,0.0,2023-03-23
2821,2023-03-24 09:15:00+05:30,574.0,574.0,571.0,571.6500244140625,0,0.0,0.0,2023-03-24
2822,2023-03-24 10:15:00+05:30,571.0999755859375,573.0,571.0,572.4500122070312,10976,0.0,0.0,2023-03-24
2823,2023-03-24 11:15:00+05:30,573.5999755859375,573.5999755859375,571.0999755859375,571.25,2159,0.0,0.0,2023-03-24
2824,2023-03-24 12:15:00+05:30,571.9500122070312,571.9500122070312,571.0,571.0,1470,0.0,0.0,2023-03-24
2825,2023-03-24 13:15:00+05:30,571.5,571.5499877929688,571.0,571.25,2358,0.0,0.0,2023-03-24
2826,2023-03-24 14:15:00+05:30,571.25,571.7000122070312,571.25,571.25,2916,0.0,0.0,2023-03-24
2827,2023-03-24 15:15:00+05:30,571.2999877929688,572.0499877929688,571.25,571.2999877929688,0,0.0,0.0,2023-03-24
2828,2023-03-27 09:15:00+05:30,571.0499877929688,573.5,566.0,571.5499877929688,0,0.0,0.0,2023-03-27
2829,2023-03-27 10:15:00+05:30,572.1500244140625,572.75,571.0,571.0999755859375,3581,0.0,0.0,2023-03-27
2830,2023-03-27 11:15:00+05:30,571.0999755859375,572.3499755859375,571.0999755859375,571.25,2542,0.0,0.0,2023-03-27
2831,2023-03-27 12:15:00+05:30,571.25,572.0,571.0,571.0,1095,0.0,0.0,2023-03-27
2832,2023-03-27 13:15:00+05:30,571.0,572.2999877929688,571.0,571.0499877929688,2621,0.0,0.0,2023-03-27
2833,2023-03-27 14:15:00+05:30,571.0,572.0,571.0,571.0,5484,0.0,0.0,2023-03-27
2834,2023-03-27 15:15:00+05:30,571.0499877929688,594.7000122070312,568.1500244140625,572.4000244140625,7235,0.0,0.0,2023-03-27
2835,2023-03-28 09:15:00+05:30,572.4000244140625,576.5499877929688,571.0,571.0499877929688,0,0.0,0.0,2023-03-28
2836,2023-03-28 10:15:00+05:30,571.0499877929688,572.7000122070312,571.0,571.0499877929688,1832,0.0,0.0,2023-03-28
2837,2023-03-28 11:15:00+05:30,571.0499877929688,571.7000122070312,571.0,571.0,524,0.0,0.0,2023-03-28
2838,2023-03-28 12:15:00+05:30,571.0499877929688,571.9000244140625,570.1500244140625,571.0999755859375,23539,0.0,0.0,2023-03-28
2839,2023-03-28 13:15:00+05:30,571.0999755859375,571.5999755859375,571.0,571.0,8028,0.0,0.0,2023-03-28
2840,2023-03-28 14:15:00+05:30,571.0,572.4000244140625,571.0,571.5,4677,0.0,0.0,2023-03-28
2841,2023-03-28 15:15:00+05:30,571.5,573.5999755859375,571.0,571.9500122070312,0,0.0,0.0,2023-03-28
2842,2023-03-29 09:15:00+05:30,573.0499877929688,574.0,571.4500122070312,573.0,1921,0.0,0.0,2023-03-29
2843,2023-03-29 10:15:00+05:30,572.9000244140625,575.0,572.25,572.4500122070312,2382,0.0,0.0,2023-03-29
2844,2023-03-29 11:15:00+05:30,571.9500122070312,576.0,571.0,575.7000122070312,10798,0.0,0.0,2023-03-29
2845,2023-03-29 12:15:00+05:30,575.5499877929688,578.7000122070312,575.0999755859375,578.5999755859375,6071,0.0,0.0,2023-03-29
2846,2023-03-29 13:15:00+05:30,578.5499877929688,588.5,578.0,586.7999877929688,6559,0.0,0.0,2023-03-29
2847,2023-03-29 14:15:00+05:30,586.5,601.0,586.2000122070312,600.0,24851,0.0,0.0,2023-03-29
2848,2023-03-29 15:15:00+05:30,600.0499877929688,617.0,600.0,601.5499877929688,8882,0.0,0.0,2023-03-29
2849,2023-03-31 09:15:00+05:30,607.5,615.0,600.0499877929688,610.4500122070312,0,0.0,0.0,2023-03-31
2850,2023-03-31 10:15:00+05:30,610.5,623.75,610.5,623.75,7359,0.0,0.0,2023-03-31
2851,2023-03-31 11:15:00+05:30,624.0,629.9000244140625,624.0,626.0499877929688,19159,0.0,0.0,2023-03-31
2852,2023-03-31 12:15:00+05:30,626.0499877929688,631.75,623.2999877929688,630.5,17177,0.0,0.0,2023-03-31
2853,2023-03-31 13:15:00+05:30,631.4000244140625,647.7999877929688,631.4000244140625,646.5,36283,0.0,0.0,2023-03-31
2854,2023-03-31 14:15:00+05:30,647.5,715.0999755859375,635.0,688.0999755859375,362602,0.0,0.0,2023-03-31
2855,2023-03-31 15:15:00+05:30,686.3499755859375,689.0499877929688,615.0,661.1500244140625,266576,0.0,0.0,2023-03-31
2856,2023-04-03 09:15:00+05:30,633.5499877929688,636.6500244140625,622.4500122070312,624.5499877929688,0,0.0,0.0,2023-04-03
2857,2023-04-03 10:15:00+05:30,624.5499877929688,624.9500122070312,618.0499877929688,620.0,17829,0.0,0.0,2023-04-03
2858,2023-04-03 11:15:00+05:30,620.0,625.5,620.0,622.2000122070312,8016,0.0,0.0,2023-04-03
2859,2023-04-03 12:15:00+05:30,622.25,625.7999877929688,621.5999755859375,622.7000122070312,5307,0.0,0.0,2023-04-03
2860,2023-04-03 13:15:00+05:30,622.7000122070312,624.7999877929688,621.0499877929688,621.9000244140625,5030,0.0,0.0,2023-04-03
2861,2023-04-03 14:15:00+05:30,621.0,622.0,615.7000122070312,615.8499755859375,18046,0.0,0.0,2023-04-03
2862,2023-04-03 15:15:00+05:30,615.7999877929688,618.2999877929688,607.4000244140625,613.4500122070312,17391,0.0,0.0,2023-04-03
2863,2023-04-05 09:15:00+05:30,618.4500122070312,618.4500122070312,592.1500244140625,595.2000122070312,0,0.0,0.0,2023-04-05
2864,2023-04-05 10:15:00+05:30,594.0,594.9000244140625,584.0,587.0,21145,0.0,0.0,2023-04-05
2865,2023-04-05 11:15:00+05:30,587.9500122070312,589.5499877929688,585.5,588.2000122070312,11841,0.0,0.0,2023-04-05
2866,2023-04-05 12:15:00+05:30,587.4500122070312,588.7000122070312,586.0499877929688,586.2999877929688,3919,0.0,0.0,2023-04-05
2867,2023-04-05 13:15:00+05:30,587.7000122070312,588.25,584.0,585.7999877929688,11154,0.0,0.0,2023-04-05
2868,2023-04-05 14:15:00+05:30,585.0,588.0,584.5,585.5,12807,0.0,0.0,2023-04-05
2869,2023-04-05 15:15:00+05:30,585.4000244140625,587.0,584.2999877929688,584.7000122070312,11494,0.0,0.0,2023-04-05
2870,2023-04-06 09:15:00+05:30,586.0,587.5,581.5999755859375,585.0,0,0.0,0.0,2023-04-06
2871,2023-04-06 10:15:00+05:30,585.1500244140625,586.0,583.0,585.5999755859375,5656,0.0,0.0,2023-04-06
2872,2023-04-06 11:15:00+05:30,586.0,586.0,582.9500122070312,583.9000244140625,4184,0.0,0.0,2023-04-06
2873,2023-04-06 12:15:00+05:30,583.5,587.8499755859375,583.0,585.0999755859375,9104,0.0,0.0,2023-04-06
2874,2023-04-06 13:15:00+05:30,585.0999755859375,586.5999755859375,584.5499877929688,585.5,2911,0.0,0.0,2023-04-06
2875,2023-04-06 14:15:00+05:30,585.5,593.2999877929688,584.5,591.9000244140625,11727,0.0,0.0,2023-04-06
2876,2023-04-06 15:15:00+05:30,591.9000244140625,592.9500122070312,584.2000122070312,589.0,0,0.0,0.0,2023-04-06
2877,2023-04-10 09:15:00+05:30,585.3499755859375,588.6500244140625,581.1500244140625,581.1500244140625,0,0.0,0.0,2023-04-10
2878,2023-04-10 10:15:00+05:30,581.1500244140625,582.2000122070312,581.1500244140625,581.75,2938,0.0,0.0,2023-04-10
2879,2023-04-10 11:15:00+05:30,581.75,582.4500122070312,581.4500122070312,582.0,737,0.0,0.0,2023-04-10
2880,2023-04-10 12:15:00+05:30,582.0,582.7000122070312,581.4000244140625,581.6500244140625,1105,0.0,0.0,2023-04-10
2881,2023-04-10 13:15:00+05:30,581.5999755859375,584.0,581.4000244140625,584.0,2326,0.0,0.0,2023-04-10
2882,2023-04-10 14:15:00+05:30,583.4000244140625,586.0,581.5499877929688,584.5499877929688,4005,0.0,0.0,2023-04-10
2883,2023-04-10 15:15:00+05:30,584.5499877929688,585.5,581.0,583.3499755859375,14861,0.0,0.0,2023-04-10
2884,2023-04-11 09:15:00+05:30,585.0,588.0,583.3499755859375,587.0,0,0.0,0.0,2023-04-11
2885,2023-04-11 10:15:00+05:30,585.9000244140625,587.0499877929688,584.0999755859375,584.7999877929688,1013,0.0,0.0,2023-04-11
2886,2023-04-11 11:15:00+05:30,584.6500244140625,585.5,584.0,584.3499755859375,1592,0.0,0.0,2023-04-11
2887,2023-04-11 12:15:00+05:30,584.1500244140625,585.3499755859375,584.0999755859375,584.1500244140625,1113,0.0,0.0,2023-04-11
2888,2023-04-11 13:15:00+05:30,584.1500244140625,585.25,584.1500244140625,584.5,971,0.0,0.0,2023-04-11
2889,2023-04-11 14:15:00+05:30,584.5,588.9000244140625,584.4500122070312,585.0999755859375,7434,0.0,0.0,2023-04-11
2890,2023-04-11 15:15:00+05:30,585.0999755859375,586.3499755859375,585.0,586.0999755859375,4126,0.0,0.0,2023-04-11
2891,2023-04-12 09:15:00+05:30,585.0,587.5999755859375,585.0,585.5499877929688,0,0.0,0.0,2023-04-12
2892,2023-04-12 10:15:00+05:30,585.5499877929688,586.0,585.0999755859375,585.5499877929688,1549,0.0,0.0,2023-04-12
2893,2023-04-12 11:15:00+05:30,586.0499877929688,586.5499877929688,586.0,586.0,96,0.0,0.0,2023-04-12
2894,2023-04-12 12:15:00+05:30,586.0,596.75,586.0,594.5499877929688,22100,0.0,0.0,2023-04-12
2895,2023-04-12 13:15:00+05:30,594.5499877929688,596.7999877929688,592.5499877929688,595.5499877929688,7039,0.0,0.0,2023-04-12
2896,2023-04-12 14:15:00+05:30,595.0499877929688,596.0,594.6500244140625,595.5,12710,0.0,0.0,2023-04-12
2897,2023-04-12 15:15:00+05:30,596.0,597.0,594.6500244140625,595.0999755859375,1880,0.0,0.0,2023-04-12
2898,2023-04-13 09:15:00+05:30,599.4500122070312,609.0,588.6500244140625,606.7000122070312,0,0.0,0.0,2023-04-13
2899,2023-04-13 10:15:00+05:30,606.5499877929688,612.9500122070312,605.0999755859375,610.75,20937,0.0,0.0,2023-04-13
2900,2023-04-13 11:15:00+05:30,611.0,611.9000244140625,605.7000122070312,606.5999755859375,6243,0.0,0.0,2023-04-13
2901,2023-04-13 12:15:00+05:30,606.5999755859375,608.9500122070312,605.0,607.3499755859375,5958,0.0,0.0,2023-04-13
2902,2023-04-13 13:15:00+05:30,607.0499877929688,608.4500122070312,607.0,607.2000122070312,858,0.0,0.0,2023-04-13
2903,2023-04-13 14:15:00+05:30,607.2000122070312,611.0,607.0,610.4000244140625,10304,0.0,0.0,2023-04-13
2904,2023-04-13 15:15:00+05:30,610.4000244140625,611.0,608.0499877929688,609.8499755859375,0,0.0,0.0,2023-04-13
2905,2023-04-17 09:15:00+05:30,611.7000122070312,611.7999877929688,602.0499877929688,602.4000244140625,3881,0.0,0.0,2023-04-17
2906,2023-04-17 10:15:00+05:30,602.25,603.7999877929688,602.0,602.0499877929688,592,0.0,0.0,2023-04-17
2907,2023-04-17 11:15:00+05:30,602.7999877929688,602.7999877929688,601.0499877929688,601.0499877929688,485,0.0,0.0,2023-04-17
2908,2023-04-17 12:15:00+05:30,601.8499755859375,603.0,597.3499755859375,601.5499877929688,4239,0.0,0.0,2023-04-17
2909,2023-04-17 13:15:00+05:30,601.5499877929688,606.1500244140625,601.5499877929688,606.0,1268,0.0,0.0,2023-04-17
2910,2023-04-17 14:15:00+05:30,606.0499877929688,617.2999877929688,606.0499877929688,615.2000122070312,8220,0.0,0.0,2023-04-17
2911,2023-04-17 15:15:00+05:30,615.0,615.4500122070312,614.0,615.3499755859375,0,0.0,0.0,2023-04-17
2912,2023-04-18 09:15:00+05:30,615.3499755859375,616.2000122070312,611.2000122070312,615.2999877929688,1764,0.0,0.0,2023-04-18
2913,2023-04-18 10:15:00+05:30,614.7999877929688,616.5499877929688,613.5499877929688,615.1500244140625,2702,0.0,0.0,2023-04-18
2914,2023-04-18 11:15:00+05:30,614.0999755859375,615.5,614.0499877929688,615.0,550,0.0,0.0,2023-04-18
2915,2023-04-18 12:15:00+05:30,614.3499755859375,618.2000122070312,614.0499877929688,616.5499877929688,1073,0.0,0.0,2023-04-18
2916,2023-04-18 13:15:00+05:30,617.0,617.75,617.0,617.0499877929688,1023,0.0,0.0,2023-04-18
2917,2023-04-18 14:15:00+05:30,617.0,619.0499877929688,617.0,617.4000244140625,2243,0.0,0.0,2023-04-18
2918,2023-04-18 15:15:00+05:30,619.1500244140625,619.4500122070312,613.5,617.25,1376,0.0,0.0,2023-04-18
2919,2023-04-19 09:15:00+05:30,616.7999877929688,619.9000244140625,615.0,615.2000122070312,0,0.0,0.0,2023-04-19
2920,2023-04-19 10:15:00+05:30,616.0,618.5,615.5499877929688,616.5,487,0.0,0.0,2023-04-19
2921,2023-04-19 11:15:00+05:30,616.2999877929688,618.0499877929688,616.0499877929688,616.5,218,0.0,0.0,2023-04-19
2922,2023-04-19 12:15:00+05:30,616.4500122070312,624.7999877929688,607.0499877929688,608.2000122070312,570262,0.0,0.0,2023-04-19
2923,2023-04-19 13:15:00+05:30,607.5,620.75,607.4000244140625,618.0,27871,0.0,0.0,2023-04-19
2924,2023-04-19 14:15:00+05:30,618.0,631.0,617.4000244140625,630.0499877929688,21808,0.0,0.0,2023-04-19
2925,2023-04-19 15:15:00+05:30,630.0499877929688,630.8499755859375,623.4500122070312,626.5999755859375,0,0.0,0.0,2023-04-19
2926,2023-04-20 09:15:00+05:30,633.0999755859375,638.5,627.6500244140625,628.4000244140625,9312,0.0,0.0,2023-04-20
2927,2023-04-20 10:15:00+05:30,629.5499877929688,629.5499877929688,621.75,625.0,3127,0.0,0.0,2023-04-20
2928,2023-04-20 11:15:00+05:30,624.6500244140625,627.25,622.4500122070312,625.0999755859375,7907,0.0,0.0,2023-04-20
2929,2023-04-20 12:15:00+05:30,625.2000122070312,625.9000244140625,622.75,623.7000122070312,2448,0.0,0.0,2023-04-20
2930,2023-04-20 13:15:00+05:30,623.7000122070312,626.5999755859375,623.7000122070312,625.9000244140625,984,0.0,0.0,2023-04-20
2931,2023-04-20 14:15:00+05:30,625.9000244140625,639.5999755859375,625.25,633.0499877929688,8447,0.0,0.0,2023-04-20
2932,2023-04-20 15:15:00+05:30,633.0499877929688,637.9000244140625,626.0999755859375,627.0,6254,0.0,0.0,2023-04-20
2933,2023-04-21 09:15:00+05:30,636.0,638.0,622.5499877929688,636.4000244140625,0,0.0,0.0,2023-04-21
2934,2023-04-21 10:15:00+05:30,638.9000244140625,642.0999755859375,636.2999877929688,637.0,2794,0.0,0.0,2023-04-21
2935,2023-04-21 11:15:00+05:30,636.9000244140625,638.9500122070312,635.1500244140625,637.7999877929688,1955,0.0,0.0,2023-04-21
2936,2023-04-21 12:15:00+05:30,637.75,639.0,637.0,639.0,1159,0.0,0.0,2023-04-21
2937,2023-04-21 13:15:00+05:30,638.0499877929688,639.7000122070312,638.0499877929688,639.2999877929688,362,0.0,0.0,2023-04-21
2938,2023-04-21 14:15:00+05:30,638.7000122070312,670.0,637.7999877929688,666.6500244140625,25582,0.0,0.0,2023-04-21
2939,2023-04-21 15:15:00+05:30,666.6500244140625,670.9500122070312,646.0999755859375,659.0499877929688,0,0.0,0.0,2023-04-21
2940,2023-04-24 09:15:00+05:30,656.5999755859375,656.5999755859375,642.2999877929688,644.0,0,0.0,0.0,2023-04-24
2941,2023-04-24 10:15:00+05:30,644.0,645.0,641.2000122070312,643.3499755859375,2281,0.0,0.0,2023-04-24
2942,2023-04-24 11:15:00+05:30,643.5,647.0,642.5,646.25,2349,0.0,0.0,2023-04-24
2943,2023-04-24 12:15:00+05:30,646.25,647.2999877929688,643.8499755859375,644.25,1282,0.0,0.0,2023-04-24
2944,2023-04-24 13:15:00+05:30,645.2000122070312,647.2000122070312,645.0,645.0499877929688,1065,0.0,0.0,2023-04-24
2945,2023-04-24 14:15:00+05:30,645.9000244140625,652.9500122070312,645.0,647.1500244140625,6666,0.0,0.0,2023-04-24
2946,2023-04-24 15:15:00+05:30,649.9500122070312,650.9000244140625,645.0,648.5999755859375,4074,0.0,0.0,2023-04-24
2947,2023-04-25 09:15:00+05:30,642.2000122070312,650.0499877929688,640.0,641.75,0,0.0,0.0,2023-04-25
2948,2023-04-25 10:15:00+05:30,642.75,644.7000122070312,640.9500122070312,644.0,824,0.0,0.0,2023-04-25
2949,2023-04-25 11:15:00+05:30,644.0,645.0999755859375,644.0,645.0,549,0.0,0.0,2023-04-25
2950,2023-04-25 12:15:00+05:30,644.25,644.25,611.5,635.0,946364,0.0,0.0,2023-04-25
2951,2023-04-25 13:15:00+05:30,634.2000122070312,636.0,629.5,633.2000122070312,23094,0.0,0.0,2023-04-25
2952,2023-04-25 14:15:00+05:30,633.2000122070312,652.0,632.0,650.25,72366,0.0,0.0,2023-04-25
2953,2023-04-25 15:15:00+05:30,651.75,651.75,641.3499755859375,645.7999877929688,18496,0.0,0.0,2023-04-25
2954,2023-04-26 09:15:00+05:30,649.0499877929688,652.1500244140625,645.4500122070312,646.9500122070312,0,0.0,0.0,2023-04-26
2955,2023-04-26 10:15:00+05:30,648.2000122070312,648.75,645.0499877929688,645.7000122070312,45783,0.0,0.0,2023-04-26
2956,2023-04-26 11:15:00+05:30,645.5,649.0,645.5,647.9500122070312,6723,0.0,0.0,2023-04-26
2957,2023-04-26 12:15:00+05:30,647.6500244140625,650.2999877929688,647.0,649.4500122070312,2091,0.0,0.0,2023-04-26
2958,2023-04-26 13:15:00+05:30,650.0,657.0999755859375,649.8499755859375,651.25,25194,0.0,0.0,2023-04-26
2959,2023-04-26 14:15:00+05:30,651.4500122070312,652.0499877929688,647.25,650.0,110802,0.0,0.0,2023-04-26
2960,2023-04-26 15:15:00+05:30,650.0,653.5,649.2999877929688,649.75,32471,0.0,0.0,2023-04-26
2961,2023-04-27 09:15:00+05:30,653.0,654.5999755859375,648.4500122070312,653.9500122070312,0,0.0,0.0,2023-04-27
2962,2023-04-27 10:15:00+05:30,653.9500122070312,653.9500122070312,649.4500122070312,649.8499755859375,1593,0.0,0.0,2023-04-27
2963,2023-04-27 11:15:00+05:30,649.5999755859375,651.0,646.5,649.5999755859375,31830,0.0,0.0,2023-04-27
2964,2023-04-27 12:15:00+05:30,649.8499755859375,651.1500244140625,648.2999877929688,649.0499877929688,75550,0.0,0.0,2023-04-27
2965,2023-04-27 13:15:00+05:30,650.0,653.0,650.0,650.0,39858,0.0,0.0,2023-04-27
2966,2023-04-27 14:15:00+05:30,650.0999755859375,658.0,650.0,654.1500244140625,8803,0.0,0.0,2023-04-27
2967,2023-04-27 15:15:00+05:30,654.1500244140625,659.0,651.3499755859375,653.3499755859375,6921,0.0,0.0,2023-04-27
2968,2023-04-28 09:15:00+05:30,653.3499755859375,658.3499755859375,653.3499755859375,657.5999755859375,0,0.0,0.0,2023-04-28
2969,2023-04-28 10:15:00+05:30,657.5999755859375,657.75,656.0499877929688,657.6500244140625,317,0.0,0.0,2023-04-28
2970,2023-04-28 11:15:00+05:30,657.4500122070312,657.4500122070312,656.0499877929688,656.0499877929688,128,0.0,0.0,2023-04-28
2971,2023-04-28 12:15:00+05:30,655.8499755859375,656.9000244140625,655.5499877929688,656.25,213,0.0,0.0,2023-04-28
2972,2023-04-28 13:15:00+05:30,657.25,657.25,656.25,656.25,52,0.0,0.0,2023-04-28
2973,2023-04-28 14:15:00+05:30,657.0,660.0499877929688,655.4500122070312,655.7000122070312,105386,0.0,0.0,2023-04-28
2974,2023-04-28 15:15:00+05:30,655.6500244140625,658.9500122070312,652.8499755859375,658.9500122070312,1433,0.0,0.0,2023-04-28
2975,2023-05-02 09:15:00+05:30,653.0,656.75,648.8499755859375,649.5499877929688,0,0.0,0.0,2023-05-02
2976,2023-05-02 10:15:00+05:30,649.5499877929688,650.9000244140625,645.0,645.2000122070312,49013,0.0,0.0,2023-05-02
2977,2023-05-02 11:15:00+05:30,645.2000122070312,646.7999877929688,645.2000122070312,645.4500122070312,26154,0.0,0.0,2023-05-02
2978,2023-05-02 12:15:00+05:30,645.5999755859375,646.0999755859375,641.9000244140625,642.0,19712,0.0,0.0,2023-05-02
2979,2023-05-02 13:15:00+05:30,641.9500122070312,646.0,641.0,644.9000244140625,61558,0.0,0.0,2023-05-02
2980,2023-05-02 14:15:00+05:30,644.9000244140625,646.0,643.3499755859375,644.4500122070312,3935,0.0,0.0,2023-05-02
2981,2023-05-02 15:15:00+05:30,645.7000122070312,647.0499877929688,643.4000244140625,645.5999755859375,4255,0.0,0.0,2023-05-02
2982,2023-05-03 09:15:00+05:30,648.9000244140625,650.9500122070312,645.5499877929688,645.7000122070312,0,0.0,0.0,2023-05-03
2983,2023-05-03 10:15:00+05:30,646.5499877929688,646.9000244140625,645.5,646.0499877929688,40564,0.0,0.0,2023-05-03
2984,2023-05-03 11:15:00+05:30,645.7999877929688,646.5,643.6500244140625,645.0999755859375,17660,0.0,0.0,2023-05-03
2985,2023-05-03 12:15:00+05:30,645.0499877929688,648.7000122070312,645.0499877929688,648.0999755859375,1075,0.0,0.0,2023-05-03
2986,2023-05-03 13:15:00+05:30,648.0999755859375,650.0,645.25,647.5999755859375,43514,0.0,0.0,2023-05-03
2987,2023-05-03 14:15:00+05:30,647.7000122070312,667.4500122070312,647.5999755859375,667.0,23824,0.0,0.0,2023-05-03
2988,2023-05-03 15:15:00+05:30,667.0,679.0,664.4000244140625,665.5,0,0.0,0.0,2023-05-03
2989,2023-05-04 09:15:00+05:30,674.9500122070312,679.4500122070312,667.2999877929688,668.4500122070312,9612,0.0,0.0,2023-05-04
2990,2023-05-04 10:15:00+05:30,668.4500122070312,669.8499755859375,666.2000122070312,667.5,68168,0.0,0.0,2023-05-04
2991,2023-05-04 11:15:00+05:30,667.5,669.0,667.5,667.5,572,0.0,0.0,2023-05-04
2992,2023-05-04 12:15:00+05:30,667.5,670.0,667.5,668.9500122070312,828,0.0,0.0,2023-05-04
2993,2023-05-04 13:15:00+05:30,668.9500122070312,670.2000122070312,668.9500122070312,668.9500122070312,66918,0.0,0.0,2023-05-04
2994,2023-05-04 14:15:00+05:30,669.6500244140625,670.2000122070312,669.0,670.0,973,0.0,0.0,2023-05-04
2995,2023-05-04 15:15:00+05:30,668.4500122070312,670.0999755859375,667.8499755859375,669.2999877929688,4062,0.0,0.0,2023-05-04
2996,2023-05-05 09:15:00+05:30,669.2999877929688,670.7000122070312,664.0999755859375,664.0999755859375,0,0.0,0.0,2023-05-05
2997,2023-05-05 10:15:00+05:30,664.5,665.4500122070312,663.5499877929688,663.9500122070312,30806,0.0,0.0,2023-05-05
2998,2023-05-05 11:15:00+05:30,663.75,676.9000244140625,662.5499877929688,675.9000244140625,9547,0.0,0.0,2023-05-05
2999,2023-05-05 12:15:00+05:30,675.9000244140625,679.0,675.9000244140625,678.0999755859375,1005,0.0,0.0,2023-05-05
3000,2023-05-05 13:15:00+05:30,677.0499877929688,678.0,676.0499877929688,677.3499755859375,1014,0.0,0.0,2023-05-05
3001,2023-05-05 14:15:00+05:30,677.25,683.5,677.25,680.0,43855,0.0,0.0,2023-05-05
3002,2023-05-05 15:15:00+05:30,680.0,684.0,675.0,681.7000122070312,2688,0.0,0.0,2023-05-05
3003,2023-05-08 09:15:00+05:30,674.9500122070312,681.2000122070312,674.9500122070312,679.75,0,0.0,0.0,2023-05-08
3004,2023-05-08 10:15:00+05:30,679.75,679.75,675.2999877929688,677.7000122070312,68203,0.0,0.0,2023-05-08
3005,2023-05-08 11:15:00+05:30,677.5499877929688,677.5999755859375,676.4000244140625,677.5999755859375,695,0.0,0.0,2023-05-08
3006,2023-05-08 12:15:00+05:30,678.0,679.3499755859375,678.0,678.0499877929688,1183,0.0,0.0,2023-05-08
3007,2023-05-08 13:15:00+05:30,678.0999755859375,679.3499755859375,677.5499877929688,679.2999877929688,393,0.0,0.0,2023-05-08
3008,2023-05-08 14:15:00+05:30,678.9000244140625,679.6500244140625,677.8499755859375,679.6500244140625,53514,0.0,0.0,2023-05-08
3009,2023-05-08 15:15:00+05:30,679.6500244140625,679.6500244140625,677.7000122070312,678.75,989,0.0,0.0,2023-05-08
3010,2023-05-09 09:15:00+05:30,681.9500122070312,682.0,678.0,678.25,0,0.0,0.0,2023-05-09
3011,2023-05-09 10:15:00+05:30,678.25,679.9000244140625,677.7000122070312,677.75,61631,0.0,0.0,2023-05-09
3012,2023-05-09 11:15:00+05:30,677.75,678.1500244140625,677.7000122070312,677.75,5229,0.0,0.0,2023-05-09
3013,2023-05-09 12:15:00+05:30,677.75,678.0499877929688,675.9000244140625,676.0499877929688,364,0.0,0.0,2023-05-09
3014,2023-05-09 13:15:00+05:30,675.75,677.7000122070312,673.8499755859375,676.25,56336,0.0,0.0,2023-05-09
3015,2023-05-09 14:15:00+05:30,676.25,677.5499877929688,676.0999755859375,676.6500244140625,1407,0.0,0.0,2023-05-09
3016,2023-05-09 15:15:00+05:30,677.4500122070312,679.9000244140625,676.75,677.9000244140625,1443,0.0,0.0,2023-05-09
3017,2023-05-10 09:15:00+05:30,677.3499755859375,677.3499755859375,672.9000244140625,673.0,0,0.0,0.0,2023-05-10
3018,2023-05-10 10:15:00+05:30,672.0499877929688,675.2000122070312,671.5999755859375,671.5999755859375,63413,0.0,0.0,2023-05-10
3019,2023-05-10 11:15:00+05:30,671.6500244140625,673.0999755859375,671.5999755859375,672.8499755859375,514,0.0,0.0,2023-05-10
3020,2023-05-10 12:15:00+05:30,672.8499755859375,673.4000244140625,672.0,673.0999755859375,295,0.0,0.0,2023-05-10
3021,2023-05-10 13:15:00+05:30,672.5,674.0,672.5,673.75,2107,0.0,0.0,2023-05-10
3022,2023-05-10 14:15:00+05:30,674.25,677.9500122070312,672.5999755859375,674.8499755859375,44381,0.0,0.0,2023-05-10
3023,2023-05-10 15:15:00+05:30,674.7999877929688,678.0,674.6500244140625,676.5499877929688,1288,0.0,0.0,2023-05-10
3024,2023-05-11 09:15:00+05:30,677.0,677.0,672.1500244140625,674.9000244140625,0,0.0,0.0,2023-05-11
3025,2023-05-11 10:15:00+05:30,674.9000244140625,675.7999877929688,674.2999877929688,674.6500244140625,188,0.0,0.0,2023-05-11
3026,2023-05-11 11:15:00+05:30,674.6500244140625,675.0,674.2999877929688,674.2999877929688,108,0.0,0.0,2023-05-11
3027,2023-05-11 12:15:00+05:30,674.25,674.25,673.0,673.0,234,0.0,0.0,2023-05-11
3028,2023-05-11 13:15:00+05:30,673.0,673.7000122070312,673.0,673.6500244140625,360,0.0,0.0,2023-05-11
3029,2023-05-11 14:15:00+05:30,673.6500244140625,674.5,672.4500122070312,673.1500244140625,394,0.0,0.0,2023-05-11
3030,2023-05-11 15:15:00+05:30,673.5999755859375,674.7000122070312,672.4500122070312,674.5499877929688,854,0.0,0.0,2023-05-11
3031,2023-05-12 09:15:00+05:30,670.2999877929688,674.0499877929688,670.0499877929688,671.5999755859375,0,0.0,0.0,2023-05-12
3032,2023-05-12 10:15:00+05:30,671.5999755859375,675.7000122070312,671.5499877929688,673.9000244140625,351,0.0,0.0,2023-05-12
3033,2023-05-12 11:15:00+05:30,673.8499755859375,674.5,673.2999877929688,674.4000244140625,537,0.0,0.0,2023-05-12
3034,2023-05-12 12:15:00+05:30,674.0499877929688,685.6500244140625,672.6500244140625,685.6500244140625,32919,0.0,0.0,2023-05-12
3035,2023-05-12 13:15:00+05:30,685.4000244140625,687.3499755859375,681.7000122070312,684.0499877929688,33747,0.0,0.0,2023-05-12
3036,2023-05-12 14:15:00+05:30,684.8499755859375,688.9000244140625,682.75,687.2000122070312,3351,0.0,0.0,2023-05-12
3037,2023-05-12 15:15:00+05:30,687.3499755859375,688.9000244140625,683.8499755859375,686.1500244140625,0,0.0,0.0,2023-05-12
3038,2023-05-15 09:15:00+05:30,686.1500244140625,689.5,684.5499877929688,689.4500122070312,0,0.0,0.0,2023-05-15
3039,2023-05-15 10:15:00+05:30,689.4500122070312,689.4500122070312,677.7000122070312,678.9000244140625,1655,0.0,0.0,2023-05-15
3040,2023-05-15 11:15:00+05:30,679.7999877929688,684.5499877929688,679.2000122070312,684.5499877929688,1058,0.0,0.0,2023-05-15
3041,2023-05-15 12:15:00+05:30,683.0999755859375,685.4500122070312,681.7999877929688,685.4500122070312,3800,0.0,0.0,2023-05-15
3042,2023-05-15 13:15:00+05:30,685.1500244140625,688.9000244140625,684.5499877929688,688.5499877929688,67757,0.0,0.0,2023-05-15
3043,2023-05-15 14:15:00+05:30,688.3499755859375,688.3499755859375,684.0,685.0999755859375,21144,0.0,0.0,2023-05-15
3044,2023-05-15 15:15:00+05:30,685.4000244140625,687.0499877929688,682.4500122070312,685.4000244140625,1834,0.0,0.0,2023-05-15
3045,2023-05-16 09:15:00+05:30,685.4000244140625,687.4500122070312,682.4500122070312,684.4000244140625,0,0.0,0.0,2023-05-16
3046,2023-05-16 10:15:00+05:30,684.4000244140625,687.6500244140625,684.4000244140625,685.2000122070312,53233,0.0,0.0,2023-05-16
3047,2023-05-16 11:15:00+05:30,685.2999877929688,685.2999877929688,684.0,684.4000244140625,3257,0.0,0.0,2023-05-16
3048,2023-05-16 12:15:00+05:30,684.4000244140625,685.8499755859375,682.4500122070312,683.8499755859375,48737,0.0,0.0,2023-05-16
3049,2023-05-16 13:15:00+05:30,682.5999755859375,686.2000122070312,682.1500244140625,683.25,44580,0.0,0.0,2023-05-16
3050,2023-05-16 14:15:00+05:30,683.2999877929688,685.7999877929688,677.0999755859375,678.2999877929688,11036,0.0,0.0,2023-05-16
3051,2023-05-16 15:15:00+05:30,679.4000244140625,679.7000122070312,672.6500244140625,672.6500244140625,2214,0.0,0.0,2023-05-16
3052,2023-05-17 09:15:00+05:30,671.0,678.8499755859375,669.1500244140625,678.2000122070312,0,0.0,0.0,2023-05-17
3053,2023-05-17 10:15:00+05:30,678.0,678.4500122070312,675.0999755859375,676.9500122070312,42587,0.0,0.0,2023-05-17
3054,2023-05-17 11:15:00+05:30,677.0,677.0999755859375,675.2000122070312,676.0499877929688,5372,0.0,0.0,2023-05-17
3055,2023-05-17 12:15:00+05:30,676.0,676.0,675.25,675.2999877929688,51,0.0,0.0,2023-05-17
3056,2023-05-17 13:15:00+05:30,675.25,680.9500122070312,675.25,677.0499877929688,13188,0.0,0.0,2023-05-17
3057,2023-05-17 14:15:00+05:30,677.7999877929688,684.25,675.0499877929688,677.5,179275,0.0,0.0,2023-05-17
3058,2023-05-17 15:15:00+05:30,677.4500122070312,679.75,675.0,677.5,3265,0.0,0.0,2023-05-17
3059,2023-05-18 09:15:00+05:30,677.5,695.9000244140625,675.2000122070312,678.9500122070312,0,0.0,0.0,2023-05-18
3060,2023-05-18 10:15:00+05:30,678.25,681.4500122070312,678.25,679.0499877929688,1231,0.0,0.0,2023-05-18
3061,2023-05-18 11:15:00+05:30,680.1500244140625,681.0,676.2999877929688,680.5999755859375,2150,0.0,0.0,2023-05-18
3062,2023-05-18 12:15:00+05:30,680.5999755859375,680.9000244140625,676.4000244140625,678.4000244140625,1706,0.0,0.0,2023-05-18
3063,2023-05-18 13:15:00+05:30,678.4500122070312,679.8499755859375,676.3499755859375,678.0,45657,0.0,0.0,2023-05-18
3064,2023-05-18 14:15:00+05:30,678.1500244140625,678.5999755859375,675.25,675.25,84911,0.0,0.0,2023-05-18
3065,2023-05-18 15:15:00+05:30,675.6500244140625,676.8499755859375,675.25,675.25,5451,0.0,0.0,2023-05-18
3066,2023-05-19 09:15:00+05:30,676.1500244140625,688.9000244140625,675.4500122070312,687.9000244140625,32379,0.0,0.0,2023-05-19
3067,2023-05-19 10:15:00+05:30,689.7999877929688,691.0,675.0499877929688,676.0,237737,0.0,0.0,2023-05-19
3068,2023-05-19 11:15:00+05:30,676.0499877929688,676.3499755859375,674.9000244140625,675.0,781,0.0,0.0,2023-05-19
3069,2023-05-19 12:15:00+05:30,675.0,675.2000122070312,674.0,674.5999755859375,0,0.0,0.0,2023-05-19
3070,2023-05-19 13:15:00+05:30,675.2000122070312,675.9000244140625,674.0,674.0,288611,0.0,0.0,2023-05-19
3071,2023-05-19 14:15:00+05:30,674.0999755859375,676.7999877929688,674.0999755859375,675.4500122070312,2545,0.0,0.0,2023-05-19
3072,2023-05-19 15:15:00+05:30,675.4500122070312,675.9500122070312,674.0,674.3499755859375,9649,0.0,0.0,2023-05-19
3073,2023-05-22 09:15:00+05:30,675.0,679.6500244140625,671.0499877929688,679.0,0,0.0,0.0,2023-05-22
3074,2023-05-22 10:15:00+05:30,678.7000122070312,679.75,675.5499877929688,678.0499877929688,27799,0.0,0.0,2023-05-22
3075,2023-05-22 11:15:00+05:30,677.2999877929688,679.4000244140625,675.3499755859375,678.0999755859375,2334,0.0,0.0,2023-05-22
3076,2023-05-22 12:15:00+05:30,679.4000244140625,679.5,677.0999755859375,679.0499877929688,2651,0.0,0.0,2023-05-22
3077,2023-05-22 13:15:00+05:30,678.0999755859375,680.8499755859375,676.0499877929688,678.3499755859375,1143,0.0,0.0,2023-05-22
3078,2023-05-22 14:15:00+05:30,678.3499755859375,678.8499755859375,674.9500122070312,675.9000244140625,82258,0.0,0.0,2023-05-22
3079,2023-05-22 15:15:00+05:30,676.4000244140625,676.4000244140625,675.0,675.4000244140625,3482,0.0,0.0,2023-05-22
3080,2023-05-23 09:15:00+05:30,678.0499877929688,724.75,678.0,721.1500244140625,18744,0.0,0.0,2023-05-23
3081,2023-05-23 10:15:00+05:30,720.7000122070312,725.0,705.0,707.2000122070312,142059,0.0,0.0,2023-05-23
3082,2023-05-23 11:15:00+05:30,707.7999877929688,711.9000244140625,707.7999877929688,711.7999877929688,12568,0.0,0.0,2023-05-23
3083,2023-05-23 12:15:00+05:30,711.7999877929688,711.7999877929688,705.5,707.0499877929688,12091,0.0,0.0,2023-05-23
3084,2023-05-23 13:15:00+05:30,706.4000244140625,708.0,699.4000244140625,707.0499877929688,30154,0.0,0.0,2023-05-23
3085,2023-05-23 14:15:00+05:30,707.0,717.8499755859375,700.3499755859375,711.8499755859375,42841,0.0,0.0,2023-05-23
3086,2023-05-23 15:15:00+05:30,711.0999755859375,713.9500122070312,702.7000122070312,709.75,25561,0.0,0.0,2023-05-23
3087,2023-05-24 09:15:00+05:30,703.0,706.2999877929688,697.5999755859375,698.2000122070312,0,0.0,0.0,2023-05-24
3088,2023-05-24 10:15:00+05:30,698.25,700.0,698.0,699.5499877929688,1735,0.0,0.0,2023-05-24
3089,2023-05-24 11:15:00+05:30,699.5499877929688,699.75,698.5499877929688,699.0,390,0.0,0.0,2023-05-24
3090,2023-05-24 12:15:00+05:30,699.6500244140625,699.6500244140625,697.9000244140625,698.2999877929688,790,0.0,0.0,2023-05-24
3091,2023-05-24 13:15:00+05:30,698.2999877929688,698.4500122070312,696.8499755859375,697.2999877929688,909,0.0,0.0,2023-05-24
3092,2023-05-24 14:15:00+05:30,697.9500122070312,713.2000122070312,697.9500122070312,711.5,65341,0.0,0.0,2023-05-24
3093,2023-05-24 15:15:00+05:30,710.5,711.5,705.5999755859375,709.5999755859375,2547,0.0,0.0,2023-05-24
3094,2023-05-25 09:15:00+05:30,715.5999755859375,715.5999755859375,705.7999877929688,705.7999877929688,0,0.0,0.0,2023-05-25
3095,2023-05-25 10:15:00+05:30,705.7999877929688,707.9000244140625,705.0999755859375,705.6500244140625,2072,0.0,0.0,2023-05-25
3096,2023-05-25 11:15:00+05:30,705.6500244140625,707.6500244140625,705.1500244140625,705.5,54094,0.0,0.0,2023-05-25
3097,2023-05-25 12:15:00+05:30,705.5999755859375,706.9500122070312,705.5999755859375,706.4500122070312,560,0.0,0.0,2023-05-25
3098,2023-05-25 13:15:00+05:30,706.5,707.1500244140625,706.0499877929688,706.2000122070312,135,0.0,0.0,2023-05-25
3099,2023-05-25 14:15:00+05:30,706.3499755859375,709.3499755859375,706.2000122070312,707.2000122070312,2190,0.0,0.0,2023-05-25
3100,2023-05-25 15:15:00+05:30,708.3499755859375,710.9000244140625,705.3499755859375,708.4000244140625,0,0.0,0.0,2023-05-25
3101,2023-05-26 09:15:00+05:30,706.0999755859375,709.1500244140625,705.0,709.0499877929688,3160,0.0,0.0,2023-05-26
3102,2023-05-26 10:15:00+05:30,708.5,710.4500122070312,707.25,709.0,1433,0.0,0.0,2023-05-26
3103,2023-05-26 11:15:00+05:30,709.0499877929688,710.9000244140625,707.5999755859375,709.75,1548,0.0,0.0,2023-05-26
3104,2023-05-26 12:15:00+05:30,709.4000244140625,710.0999755859375,707.2999877929688,708.3499755859375,881,0.0,0.0,2023-05-26
3105,2023-05-26 13:15:00+05:30,708.0,710.9000244140625,705.6500244140625,707.5499877929688,29251,0.0,0.0,2023-05-26
3106,2023-05-26 14:15:00+05:30,708.25,709.4000244140625,706.25,706.5999755859375,59728,0.0,0.0,2023-05-26
3107,2023-05-26 15:15:00+05:30,706.8499755859375,707.0,705.0,706.75,5390,0.0,0.0,2023-05-26
3108,2023-05-29 09:15:00+05:30,709.5499877929688,712.9000244140625,708.7999877929688,712.0999755859375,0,0.0,0.0,2023-05-29
3109,2023-05-29 10:15:00+05:30,712.0,712.9000244140625,706.0999755859375,709.4000244140625,93636,0.0,0.0,2023-05-29
3110,2023-05-29 11:15:00+05:30,709.6500244140625,712.5,708.7000122070312,712.5,29764,0.0,0.0,2023-05-29
3111,2023-05-29 12:15:00+05:30,711.5499877929688,712.4500122070312,711.0,711.9500122070312,671,0.0,0.0,2023-05-29
3112,2023-05-29 13:15:00+05:30,711.4500122070312,711.4500122070312,708.5999755859375,710.0,26219,0.0,0.0,2023-05-29
3113,2023-05-29 14:15:00+05:30,709.9000244140625,715.9000244140625,706.9000244140625,707.7000122070312,75483,0.0,0.0,2023-05-29
3114,2023-05-29 15:15:00+05:30,707.1500244140625,710.0,705.0,710.0,4876,0.0,0.0,2023-05-29
3115,2023-05-30 09:15:00+05:30,706.2999877929688,714.9000244140625,706.2999877929688,710.5499877929688,0,0.0,0.0,2023-05-30
3116,2023-05-30 10:15:00+05:30,711.7000122070312,713.9000244140625,710.0,713.0,54349,0.0,0.0,2023-05-30
3117,2023-05-30 11:15:00+05:30,713.0,713.5,708.5499877929688,710.4500122070312,67684,0.0,0.0,2023-05-30
3118,2023-05-30 12:15:00+05:30,711.25,711.3499755859375,707.0999755859375,710.0,38996,0.0,0.0,2023-05-30
3119,2023-05-30 13:15:00+05:30,710.0,710.9500122070312,709.0,709.6500244140625,42677,0.0,0.0,2023-05-30
3120,2023-05-30 14:15:00+05:30,709.8499755859375,711.7000122070312,709.8499755859375,711.3499755859375,420,0.0,0.0,2023-05-30
3121,2023-05-30 15:15:00+05:30,711.3499755859375,711.4500122070312,707.4500122070312,709.0,4747,0.0,0.0,2023-05-30
3122,2023-05-31 09:15:00+05:30,708.0499877929688,728.0,706.0999755859375,706.6500244140625,0,0.0,0.0,2023-05-31
3123,2023-05-31 10:15:00+05:30,706.6500244140625,709.9500122070312,702.2000122070312,703.0499877929688,116050,0.0,0.0,2023-05-31
3124,2023-05-31 11:15:00+05:30,703.0999755859375,705.2000122070312,701.9500122070312,702.4000244140625,4499,0.0,0.0,2023-05-31
3125,2023-05-31 12:15:00+05:30,701.1500244140625,701.75,699.7000122070312,700.25,16406,0.0,0.0,2023-05-31
3126,2023-05-31 13:15:00+05:30,701.0,702.0,700.0499877929688,700.0999755859375,47428,0.0,0.0,2023-05-31
3127,2023-05-31 14:15:00+05:30,700.0999755859375,703.4000244140625,700.0499877929688,702.2000122070312,35088,0.0,0.0,2023-05-31
3128,2023-05-31 15:15:00+05:30,702.5,705.0499877929688,697.4500122070312,701.7000122070312,8115,0.0,0.0,2023-05-31
3129,2023-06-01 09:15:00+05:30,702.9000244140625,708.6500244140625,702.0,705.5,0,0.0,0.0,2023-06-01
3130,2023-06-01 10:15:00+05:30,704.7000122070312,706.7999877929688,704.0,704.0499877929688,1355,0.0,0.0,2023-06-01
3131,2023-06-01 11:15:00+05:30,704.0999755859375,705.4000244140625,702.0499877929688,702.9500122070312,6679,0.0,0.0,2023-06-01
3132,2023-06-01 12:15:00+05:30,702.9500122070312,703.0999755859375,700.2000122070312,701.5499877929688,52434,0.0,0.0,2023-06-01
3133,2023-06-01 13:15:00+05:30,702.9500122070312,704.2000122070312,702.0999755859375,703.9500122070312,74652,0.0,0.0,2023-06-01
3134,2023-06-01 14:15:00+05:30,703.25,708.5999755859375,702.5499877929688,708.3499755859375,55742,0.0,0.0,2023-06-01
3135,2023-06-01 15:15:00+05:30,708.6500244140625,712.3499755859375,705.3499755859375,707.1500244140625,2417,0.0,0.0,2023-06-01
3136,2023-06-02 09:15:00+05:30,708.0,710.3499755859375,705.2000122070312,709.5499877929688,0,0.0,0.0,2023-06-02
3137,2023-06-02 10:15:00+05:30,709.4500122070312,710.6500244140625,707.7000122070312,708.5,34512,0.0,0.0,2023-06-02
3138,2023-06-02 11:15:00+05:30,709.0999755859375,714.9000244140625,709.0999755859375,713.9000244140625,58454,0.0,0.0,2023-06-02
3139,2023-06-02 12:15:00+05:30,713.9000244140625,714.6500244140625,713.2000122070312,713.2000122070312,510,0.0,0.0,2023-06-02
3140,2023-06-02 13:15:00+05:30,713.0999755859375,713.0999755859375,708.0,708.2999877929688,27120,0.0,0.0,2023-06-02
3141,2023-06-02 14:15:00+05:30,708.2000122070312,710.9000244140625,706.2000122070312,709.4000244140625,54416,0.0,0.0,2023-06-02
3142,2023-06-02 15:15:00+05:30,709.4000244140625,710.0,706.2000122070312,707.9500122070312,4075,0.0,0.0,2023-06-02
3143,2023-06-05 09:15:00+05:30,707.9500122070312,713.9500122070312,706.0999755859375,712.9000244140625,0,0.0,0.0,2023-06-05
3144,2023-06-05 10:15:00+05:30,712.9000244140625,713.9000244140625,708.5,710.9500122070312,8129,0.0,0.0,2023-06-05
3145,2023-06-05 11:15:00+05:30,711.0,713.1500244140625,707.7000122070312,707.7000122070312,25337,0.0,0.0,2023-06-05
3146,2023-06-05 12:15:00+05:30,708.0999755859375,709.4500122070312,707.7000122070312,709.2000122070312,726,0.0,0.0,2023-06-05
3147,2023-06-05 13:15:00+05:30,709.2000122070312,710.4000244140625,705.9500122070312,708.2000122070312,101287,0.0,0.0,2023-06-05
3148,2023-06-05 14:15:00+05:30,708.7999877929688,711.7999877929688,707.5,710.75,39999,0.0,0.0,2023-06-05
3149,2023-06-05 15:15:00+05:30,710.7000122070312,712.3499755859375,709.25,710.0499877929688,4117,0.0,0.0,2023-06-05
3150,2023-06-06 09:15:00+05:30,709.0499877929688,713.5499877929688,708.0499877929688,711.0,0,0.0,0.0,2023-06-06
3151,2023-06-06 10:15:00+05:30,710.5,725.5,710.5,723.7000122070312,16050,0.0,0.0,2023-06-06
3152,2023-06-06 11:15:00+05:30,723.0499877929688,728.9000244140625,722.5999755859375,728.0,10124,0.0,0.0,2023-06-06
3153,2023-06-06 12:15:00+05:30,727.0,738.0,727.0,737.0,12312,0.0,0.0,2023-06-06
3154,2023-06-06 13:15:00+05:30,737.0,743.7000122070312,733.4000244140625,740.5499877929688,69592,0.0,0.0,2023-06-06
3155,2023-06-06 14:15:00+05:30,739.5499877929688,757.6500244140625,739.0999755859375,754.4500122070312,89369,0.0,0.0,2023-06-06
3156,2023-06-06 15:15:00+05:30,754.0,771.5999755859375,751.2000122070312,760.0499877929688,33938,0.0,0.0,2023-06-06
3157,2023-06-07 09:15:00+05:30,780.5499877929688,793.5499877929688,757.5,762.9000244140625,0,0.0,0.0,2023-06-07
3158,2023-06-07 10:15:00+05:30,761.6500244140625,763.4000244140625,747.25,750.2999877929688,20141,0.0,0.0,2023-06-07
3159,2023-06-07 11:15:00+05:30,750.0,751.25,748.0,749.7999877929688,4598,0.0,0.0,2023-06-07
3160,2023-06-07 12:15:00+05:30,751.0,751.9500122070312,748.5,750.9000244140625,8803,0.0,0.0,2023-06-07
3161,2023-06-07 13:15:00+05:30,750.9000244140625,755.0499877929688,749.5499877929688,749.7999877929688,93038,0.0,0.0,2023-06-07
3162,2023-06-07 14:15:00+05:30,750.25,756.1500244140625,749.6500244140625,753.2999877929688,30840,0.0,0.0,2023-06-07
3163,2023-06-07 15:15:00+05:30,754.0999755859375,754.7999877929688,744.0,745.0,12830,0.0,0.0,2023-06-07
3164,2023-06-08 09:15:00+05:30,750.6500244140625,752.4500122070312,746.6500244140625,751.9500122070312,52871,0.0,0.0,2023-06-08
3165,2023-06-08 10:15:00+05:30,752.4500122070312,758.0499877929688,752.2000122070312,754.9500122070312,12805,0.0,0.0,2023-06-08
3166,2023-06-08 11:15:00+05:30,756.1500244140625,757.25,749.0,749.8499755859375,19903,0.0,0.0,2023-06-08
3167,2023-06-08 12:15:00+05:30,750.7999877929688,754.4500122070312,746.8499755859375,747.7999877929688,54953,0.0,0.0,2023-06-08
3168,2023-06-08 13:15:00+05:30,747.7000122070312,748.7000122070312,743.4500122070312,745.0999755859375,1246,0.0,0.0,2023-06-08
3169,2023-06-08 14:15:00+05:30,746.0,750.5999755859375,745.0,747.0,38365,0.0,0.0,2023-06-08
3170,2023-06-08 15:15:00+05:30,747.9500122070312,749.0999755859375,741.8499755859375,747.2999877929688,1974,0.0,0.0,2023-06-08
3171,2023-06-09 09:15:00+05:30,745.1500244140625,748.0,741.75,746.0999755859375,0,0.0,0.0,2023-06-09
3172,2023-06-09 10:15:00+05:30,745.5499877929688,751.0,745.5,749.0499877929688,45172,0.0,0.0,2023-06-09
3173,2023-06-09 11:15:00+05:30,749.0499877929688,749.9000244140625,748.2999877929688,749.4500122070312,290,0.0,0.0,2023-06-09
3174,2023-06-09 12:15:00+05:30,748.2000122070312,750.8499755859375,744.4500122070312,745.2999877929688,100477,0.0,0.0,2023-06-09
3175,2023-06-09 13:15:00+05:30,745.9500122070312,747.2999877929688,744.2000122070312,746.0499877929688,678,0.0,0.0,2023-06-09
3176,2023-06-09 14:15:00+05:30,745.3499755859375,749.0,744.25,747.7000122070312,40403,0.0,0.0,2023-06-09
3177,2023-06-09 15:15:00+05:30,747.7000122070312,748.8499755859375,744.6500244140625,747.1500244140625,1227,0.0,0.0,2023-06-09
3178,2023-06-12 09:15:00+05:30,749.75,769.75,749.4500122070312,763.2999877929688,0,0.0,0.0,2023-06-12
3179,2023-06-12 10:15:00+05:30,760.0,767.8499755859375,759.5999755859375,761.4000244140625,58598,0.0,0.0,2023-06-12
3180,2023-06-12 11:15:00+05:30,760.9500122070312,762.6500244140625,759.0,761.0,1699,0.0,0.0,2023-06-12
3181,2023-06-12 12:15:00+05:30,761.0,764.7999877929688,759.5,763.2999877929688,51093,0.0,0.0,2023-06-12
3182,2023-06-12 13:15:00+05:30,767.0,767.0,761.0999755859375,762.9500122070312,34908,0.0,0.0,2023-06-12
3183,2023-06-12 14:15:00+05:30,761.1500244140625,764.0,759.5999755859375,764.0,16554,0.0,0.0,2023-06-12
3184,2023-06-12 15:15:00+05:30,763.0,764.0,761.4500122070312,763.0499877929688,4050,0.0,0.0,2023-06-12
3185,2023-06-13 09:15:00+05:30,764.0,774.1500244140625,764.0,767.9000244140625,0,0.0,0.0,2023-06-13
3186,2023-06-13 10:15:00+05:30,767.8499755859375,768.9000244140625,766.9000244140625,766.9000244140625,1488,0.0,0.0,2023-06-13
3187,2023-06-13 11:15:00+05:30,768.3499755859375,769.9500122070312,767.1500244140625,768.2000122070312,683,0.0,0.0,2023-06-13
3188,2023-06-13 12:15:00+05:30,768.1500244140625,769.0999755859375,766.9000244140625,766.9000244140625,1832,0.0,0.0,2023-06-13
3189,2023-06-13 13:15:00+05:30,766.9000244140625,768.9000244140625,757.0499877929688,758.4000244140625,86383,0.0,0.0,2023-06-13
3190,2023-06-13 14:15:00+05:30,757.9000244140625,759.0499877929688,756.0999755859375,758.9500122070312,42571,0.0,0.0,2023-06-13
3191,2023-06-13 15:15:00+05:30,756.9000244140625,759.0,755.9000244140625,757.6500244140625,4055,0.0,0.0,2023-06-13
3192,2023-06-14 09:15:00+05:30,760.5,761.0499877929688,752.5499877929688,753.7999877929688,0,0.0,0.0,2023-06-14
3193,2023-06-14 10:15:00+05:30,753.0499877929688,753.0499877929688,750.1500244140625,751.5499877929688,942,0.0,0.0,2023-06-14
3194,2023-06-14 11:15:00+05:30,751.5999755859375,753.0,750.1500244140625,750.1500244140625,488,0.0,0.0,2023-06-14
3195,2023-06-14 12:15:00+05:30,750.1500244140625,750.9500122070312,748.0499877929688,748.2000122070312,5312,0.0,0.0,2023-06-14
3196,2023-06-14 13:15:00+05:30,748.2000122070312,748.2000122070312,739.8499755859375,744.2000122070312,38587,0.0,0.0,2023-06-14
3197,2023-06-14 14:15:00+05:30,743.4500122070312,744.4500122070312,733.0999755859375,736.7999877929688,88447,0.0,0.0,2023-06-14
3198,2023-06-14 15:15:00+05:30,736.7999877929688,737.2000122070312,734.9500122070312,736.7999877929688,0,0.0,0.0,2023-06-14
3199,2023-06-15 09:15:00+05:30,736.7999877929688,743.8499755859375,735.0499877929688,742.5999755859375,49677,0.0,0.0,2023-06-15
3200,2023-06-15 10:15:00+05:30,742.5499877929688,746.5,741.7999877929688,745.75,2390,0.0,0.0,2023-06-15
3201,2023-06-15 11:15:00+05:30,745.7999877929688,747.1500244140625,743.9500122070312,747.1500244140625,831,0.0,0.0,2023-06-15
3202,2023-06-15 12:15:00+05:30,746.3499755859375,747.2000122070312,742.9000244140625,743.9000244140625,1498,0.0,0.0,2023-06-15
3203,2023-06-15 13:15:00+05:30,744.25,745.5499877929688,743.0,743.5999755859375,532,0.0,0.0,2023-06-15
3204,2023-06-15 14:15:00+05:30,742.0,874.2999877929688,739.25,855.0499877929688,195577,0.0,0.0,2023-06-15
3205,2023-06-15 15:15:00+05:30,853.6500244140625,857.0,770.2000122070312,775.0,179295,0.0,0.0,2023-06-15
3206,2023-06-16 09:15:00+05:30,784.0,789.6500244140625,765.3499755859375,770.0,0,0.0,0.0,2023-06-16
3207,2023-06-16 10:15:00+05:30,770.75,770.75,768.5,770.0,23444,0.0,0.0,2023-06-16
3208,2023-06-16 11:15:00+05:30,770.0,770.7000122070312,761.3499755859375,767.25,43154,0.0,0.0,2023-06-16
3209,2023-06-16 12:15:00+05:30,767.25,768.9000244140625,766.0,767.8499755859375,13216,0.0,0.0,2023-06-16
3210,2023-06-16 13:15:00+05:30,767.7999877929688,767.9000244140625,765.75,767.4500122070312,15060,0.0,0.0,2023-06-16
3211,2023-06-16 14:15:00+05:30,766.6500244140625,767.5499877929688,762.2000122070312,764.5999755859375,31475,0.0,0.0,2023-06-16
3212,2023-06-16 15:15:00+05:30,764.5999755859375,764.7000122070312,754.1500244140625,757.0,30398,0.0,0.0,2023-06-16
3213,2023-06-19 09:15:00+05:30,760.0499877929688,764.4500122070312,757.0,760.0999755859375,0,0.0,0.0,2023-06-19
3214,2023-06-19 10:15:00+05:30,759.25,760.9500122070312,755.0,756.2999877929688,50150,0.0,0.0,2023-06-19
3215,2023-06-19 11:15:00+05:30,755.8499755859375,757.5,752.4000244140625,755.0,3219,0.0,0.0,2023-06-19
3216,2023-06-19 12:15:00+05:30,755.6500244140625,755.9500122070312,752.5999755859375,753.8499755859375,1203,0.0,0.0,2023-06-19
3217,2023-06-19 13:15:00+05:30,753.7000122070312,754.4500122070312,752.0,752.5999755859375,56610,0.0,0.0,2023-06-19
3218,2023-06-19 14:15:00+05:30,753.7999877929688,757.9000244140625,747.3499755859375,747.4000244140625,55707,0.0,0.0,2023-06-19
3219,2023-06-19 15:15:00+05:30,748.2999877929688,748.2999877929688,743.0,746.7999877929688,9706,0.0,0.0,2023-06-19
3220,2023-06-20 09:15:00+05:30,749.3499755859375,750.9500122070312,740.4500122070312,742.3499755859375,0,0.0,0.0,2023-06-20
3221,2023-06-20 10:15:00+05:30,744.0499877929688,744.0499877929688,736.9500122070312,739.0999755859375,1892,0.0,0.0,2023-06-20
3222,2023-06-20 11:15:00+05:30,740.0,740.2999877929688,737.9500122070312,740.2999877929688,42519,0.0,0.0,2023-06-20
3223,2023-06-20 12:15:00+05:30,741.2000122070312,747.6500244140625,740.5,743.5499877929688,8044,0.0,0.0,2023-06-20
3224,2023-06-20 13:15:00+05:30,743.5999755859375,743.9000244140625,741.4500122070312,742.25,662,0.0,0.0,2023-06-20
3225,2023-06-20 14:15:00+05:30,742.25,747.4000244140625,741.9500122070312,746.0,14630,0.0,0.0,2023-06-20
3226,2023-06-20 15:15:00+05:30,746.9500122070312,754.0499877929688,746.2000122070312,747.2000122070312,0,0.0,0.0,2023-06-20
3227,2023-06-21 09:15:00+05:30,748.6500244140625,756.2000122070312,747.2000122070312,755.5499877929688,16655,0.0,0.0,2023-06-21
3228,2023-06-21 10:15:00+05:30,755.7000122070312,759.7000122070312,753.5499877929688,753.5499877929688,54351,0.0,0.0,2023-06-21
3229,2023-06-21 11:15:00+05:30,754.5,755.0499877929688,751.0,751.7000122070312,1743,0.0,0.0,2023-06-21
3230,2023-06-21 12:15:00+05:30,751.5499877929688,754.8499755859375,751.0,753.2000122070312,2600,0.0,0.0,2023-06-21
3231,2023-06-21 13:15:00+05:30,752.8499755859375,754.7999877929688,752.25,753.5999755859375,64112,0.0,0.0,2023-06-21
3232,2023-06-21 14:15:00+05:30,754.2000122070312,754.2000122070312,752.0999755859375,752.7000122070312,75310,0.0,0.0,2023-06-21
3233,2023-06-21 15:15:00+05:30,752.7000122070312,754.2000122070312,747.0,752.1500244140625,7561,0.0,0.0,2023-06-21
3234,2023-06-22 09:15:00+05:30,749.9500122070312,751.5,747.0999755859375,748.9000244140625,0,0.0,0.0,2023-06-22
3235,2023-06-22 10:15:00+05:30,749.4000244140625,749.7999877929688,747.0499877929688,747.8499755859375,58180,0.0,0.0,2023-06-22
3236,2023-06-22 11:15:00+05:30,747.8499755859375,747.8499755859375,742.7000122070312,743.0499877929688,1980,0.0,0.0,2023-06-22
3237,2023-06-22 12:15:00+05:30,742.9500122070312,745.0499877929688,742.5499877929688,744.0999755859375,824,0.0,0.0,2023-06-22
3238,2023-06-22 13:15:00+05:30,743.75,746.6500244140625,740.7000122070312,743.25,57027,0.0,0.0,2023-06-22
3239,2023-06-22 14:15:00+05:30,743.2999877929688,744.0,741.8499755859375,742.0,70510,0.0,0.0,2023-06-22
3240,2023-06-22 15:15:00+05:30,742.7000122070312,742.7000122070312,735.8499755859375,739.2999877929688,0,0.0,0.0,2023-06-22
3241,2023-06-23 09:15:00+05:30,741.8499755859375,742.4500122070312,730.0,732.5,70813,0.0,0.0,2023-06-23
3242,2023-06-23 10:15:00+05:30,731.0499877929688,737.5499877929688,731.0,734.5,2787,0.0,0.0,2023-06-23
3243,2023-06-23 11:15:00+05:30,735.2999877929688,735.7999877929688,734.5999755859375,735.5999755859375,339,0.0,0.0,2023-06-23
3244,2023-06-23 12:15:00+05:30,735.5999755859375,737.25,735.4500122070312,735.9000244140625,619,0.0,0.0,2023-06-23
3245,2023-06-23 13:15:00+05:30,736.9500122070312,738.4500122070312,735.4500122070312,736.75,47748,0.0,0.0,2023-06-23
3246,2023-06-23 14:15:00+05:30,737.9500122070312,738.5,734.5499877929688,736.0,53076,0.0,0.0,2023-06-23
3247,2023-06-23 15:15:00+05:30,736.0,737.9000244140625,728.0,734.0,3123,0.0,0.0,2023-06-23
3248,2023-06-26 09:15:00+05:30,738.0,739.3499755859375,730.8499755859375,738.4000244140625,0,0.0,0.0,2023-06-26
3249,2023-06-26 10:15:00+05:30,738.4000244140625,746.9500122070312,737.25,742.8499755859375,64126,0.0,0.0,2023-06-26
3250,2023-06-26 11:15:00+05:30,741.0,742.9000244140625,740.0499877929688,741.7999877929688,447,0.0,0.0,2023-06-26
3251,2023-06-26 12:15:00+05:30,742.9500122070312,744.8499755859375,740.5,742.25,1814,0.0,0.0,2023-06-26
3252,2023-06-26 13:15:00+05:30,741.5999755859375,742.9500122070312,738.7000122070312,739.8499755859375,40886,0.0,0.0,2023-06-26
3253,2023-06-26 14:15:00+05:30,739.75,747.7999877929688,739.4000244140625,747.2000122070312,108263,0.0,0.0,2023-06-26
3254,2023-06-26 15:15:00+05:30,747.2000122070312,749.0,745.0,746.4500122070312,2733,0.0,0.0,2023-06-26
3255,2023-06-27 09:15:00+05:30,750.2000122070312,762.9500122070312,750.2000122070312,758.9000244140625,0,0.0,0.0,2023-06-27
3256,2023-06-27 10:15:00+05:30,758.75,773.7999877929688,758.6500244140625,762.0999755859375,43655,0.0,0.0,2023-06-27
3257,2023-06-27 11:15:00+05:30,759.5,761.9500122070312,758.75,759.25,2827,0.0,0.0,2023-06-27
3258,2023-06-27 12:15:00+05:30,760.3499755859375,761.0,755.9500122070312,757.0999755859375,1038,0.0,0.0,2023-06-27
3259,2023-06-27 13:15:00+05:30,757.1500244140625,761.7000122070312,755.5499877929688,761.7000122070312,53385,0.0,0.0,2023-06-27
3260,2023-06-27 14:15:00+05:30,759.9500122070312,764.5499877929688,759.0499877929688,763.25,107954,0.0,0.0,2023-06-27
3261,2023-06-27 15:15:00+05:30,761.75,764.1500244140625,759.7999877929688,761.75,2894,0.0,0.0,2023-06-27
3262,2023-06-28 15:15:00+05:30,762.5,762.5,762.5,762.5,0,0.0,0.0,2023-06-28
3263,2023-06-30 09:15:00+05:30,764.9000244140625,776.9500122070312,763.25,772.0,0,0.0,0.0,2023-06-30
3264,2023-06-30 10:15:00+05:30,773.1500244140625,775.4500122070312,766.5999755859375,766.5999755859375,35228,0.0,0.0,2023-06-30
3265,2023-06-30 11:15:00+05:30,767.5,769.5999755859375,766.5999755859375,766.5999755859375,731,0.0,0.0,2023-06-30
3266,2023-06-30 12:15:00+05:30,766.5,766.8499755859375,766.0,766.0,475,0.0,0.0,2023-06-30
3267,2023-06-30 13:15:00+05:30,766.0,767.9500122070312,764.0,764.0,50571,0.0,0.0,2023-06-30
3268,2023-06-30 14:15:00+05:30,765.0,766.5,761.5999755859375,764.4000244140625,43342,0.0,0.0,2023-06-30
3269,2023-06-30 15:15:00+05:30,765.75,768.9000244140625,764.5,765.9500122070312,2127,0.0,0.0,2023-06-30
3270,2023-07-03 09:15:00+05:30,762.25,769.4000244140625,761.7000122070312,769.0,0,0.0,0.0,2023-07-03
3271,2023-07-03 10:15:00+05:30,769.0,769.0,764.7000122070312,765.4000244140625,1939,0.0,0.0,2023-07-03
3272,2023-07-03 11:15:00+05:30,765.9500122070312,768.0999755859375,763.9000244140625,765.0,26344,0.0,0.0,2023-07-03
3273,2023-07-03 12:15:00+05:30,765.75,766.0499877929688,763.1500244140625,764.75,1165,0.0,0.0,2023-07-03
3274,2023-07-03 13:15:00+05:30,764.0499877929688,765.0999755859375,760.0999755859375,760.9000244140625,29945,0.0,0.0,2023-07-03
3275,2023-07-03 14:15:00+05:30,759.8499755859375,761.2999877929688,753.9500122070312,759.9000244140625,61116,0.0,0.0,2023-07-03
3276,2023-07-03 15:15:00+05:30,759.9500122070312,759.9500122070312,750.0499877929688,756.9500122070312,3049,0.0,0.0,2023-07-03
3277,2023-07-04 09:15:00+05:30,758.3499755859375,758.75,751.25,753.7000122070312,0,0.0,0.0,2023-07-04
3278,2023-07-04 10:15:00+05:30,752.3499755859375,754.9000244140625,751.25,753.5499877929688,1342,0.0,0.0,2023-07-04
3279,2023-07-04 11:15:00+05:30,754.4500122070312,762.0,751.25,754.8499755859375,38336,0.0,0.0,2023-07-04
3280,2023-07-04 12:15:00+05:30,754.5499877929688,756.5499877929688,752.4500122070312,754.4500122070312,5437,0.0,0.0,2023-07-04
3281,2023-07-04 13:15:00+05:30,754.4500122070312,756.5499877929688,753.4000244140625,755.2000122070312,87922,0.0,0.0,2023-07-04
3282,2023-07-04 14:15:00+05:30,756.2000122070312,761.5499877929688,750.25,761.4500122070312,26567,0.0,0.0,2023-07-04
3283,2023-07-04 15:15:00+05:30,761.5499877929688,773.0,758.5,764.9000244140625,3255,0.0,0.0,2023-07-04
3284,2023-07-05 09:15:00+05:30,760.0,766.7000122070312,760.0,762.0499877929688,0,0.0,0.0,2023-07-05
3285,2023-07-05 10:15:00+05:30,762.4500122070312,773.3499755859375,762.4500122070312,771.5999755859375,51268,0.0,0.0,2023-07-05
3286,2023-07-05 11:15:00+05:30,771.5999755859375,772.7000122070312,769.3499755859375,770.7999877929688,1322,0.0,0.0,2023-07-05
3287,2023-07-05 12:15:00+05:30,771.6500244140625,779.0,769.8499755859375,776.7999877929688,25641,0.0,0.0,2023-07-05
3288,2023-07-05 13:15:00+05:30,776.8499755859375,794.0499877929688,775.0999755859375,781.2999877929688,55269,0.0,0.0,2023-07-05
3289,2023-07-05 14:15:00+05:30,781.2999877929688,783.9000244140625,778.9500122070312,780.0,51023,0.0,0.0,2023-07-05
3290,2023-07-05 15:15:00+05:30,780.0,782.0,778.75,781.2000122070312,0,0.0,0.0,2023-07-05
3291,2023-07-06 09:15:00+05:30,781.0999755859375,782.2000122070312,772.5999755859375,780.75,3474,0.0,0.0,2023-07-06
3292,2023-07-06 10:15:00+05:30,781.25,784.5,779.75,784.5,20666,0.0,0.0,2023-07-06
3293,2023-07-06 11:15:00+05:30,783.9000244140625,789.9000244140625,779.25,779.8499755859375,43940,0.0,0.0,2023-07-06
3294,2023-07-06 12:15:00+05:30,781.25,782.2000122070312,769.2000122070312,771.0,13221,0.0,0.0,2023-07-06
3295,2023-07-06 13:15:00+05:30,771.1500244140625,775.0,769.9000244140625,771.75,30712,0.0,0.0,2023-07-06
3296,2023-07-06 14:15:00+05:30,771.75,773.3499755859375,762.0,770.3499755859375,50393,0.0,0.0,2023-07-06
3297,2023-07-06 15:15:00+05:30,770.4000244140625,771.0,763.2000122070312,767.9000244140625,14803,0.0,0.0,2023-07-06
3298,2023-07-07 09:15:00+05:30,771.75,771.75,765.0,766.0499877929688,0,0.0,0.0,2023-07-07
3299,2023-07-07 10:15:00+05:30,765.4500122070312,769.9000244140625,765.4500122070312,768.9000244140625,17569,0.0,0.0,2023-07-07
3300,2023-07-07 11:15:00+05:30,769.2000122070312,771.3499755859375,767.2999877929688,770.6500244140625,46279,0.0,0.0,2023-07-07
3301,2023-07-07 12:15:00+05:30,770.6500244140625,776.0,769.9000244140625,775.5999755859375,2157,0.0,0.0,2023-07-07
3302,2023-07-07 13:15:00+05:30,775.5999755859375,781.25,774.0,781.0,29268,0.0,0.0,2023-07-07
3303,2023-07-07 14:15:00+05:30,780.5499877929688,788.0,780.5,784.0,89694,0.0,0.0,2023-07-07
3304,2023-07-07 15:15:00+05:30,782.7999877929688,783.7999877929688,776.5,781.8499755859375,16182,0.0,0.0,2023-07-07
3305,2023-07-10 09:15:00+05:30,781.7999877929688,784.4500122070312,773.6500244140625,782.3499755859375,0,0.0,0.0,2023-07-10
3306,2023-07-10 10:15:00+05:30,781.2999877929688,782.9500122070312,777.0,777.9500122070312,24500,0.0,0.0,2023-07-10
3307,2023-07-10 11:15:00+05:30,776.6500244140625,778.9000244140625,774.0999755859375,778.0,24428,0.0,0.0,2023-07-10
3308,2023-07-10 12:15:00+05:30,777.6500244140625,777.6500244140625,775.3499755859375,776.4500122070312,427,0.0,0.0,2023-07-10
3309,2023-07-10 13:15:00+05:30,776.4500122070312,776.4500122070312,770.75,774.0,32052,0.0,0.0,2023-07-10
3310,2023-07-10 14:15:00+05:30,774.0,775.0,771.75,773.9000244140625,32028,0.0,0.0,2023-07-10
3311,2023-07-10 15:15:00+05:30,773.9000244140625,774.75,765.0,769.75,2527,0.0,0.0,2023-07-10
3312,2023-07-11 09:15:00+05:30,770.3499755859375,773.2000122070312,768.0,768.2000122070312,2592,0.0,0.0,2023-07-11
3313,2023-07-11 10:15:00+05:30,768.0,768.0,763.6500244140625,763.75,1011,0.0,0.0,2023-07-11
3314,2023-07-11 11:15:00+05:30,764.5,765.25,753.3499755859375,757.0,95560,0.0,0.0,2023-07-11
3315,2023-07-11 12:15:00+05:30,759.0,760.9000244140625,756.8499755859375,760.0,32637,0.0,0.0,2023-07-11
3316,2023-07-11 13:15:00+05:30,759.0499877929688,760.0,757.0499877929688,757.9500122070312,417,0.0,0.0,2023-07-11
3317,2023-07-11 14:15:00+05:30,758.0,759.75,755.2999877929688,756.6500244140625,7238,0.0,0.0,2023-07-11
3318,2023-07-11 15:15:00+05:30,756.5999755859375,763.0,756.5,757.6500244140625,30999,0.0,0.0,2023-07-11
3319,2023-07-12 09:15:00+05:30,758.6500244140625,772.8499755859375,758.6500244140625,772.0999755859375,0,0.0,0.0,2023-07-12
3320,2023-07-12 10:15:00+05:30,772.25,784.5499877929688,772.25,780.4000244140625,42905,0.0,0.0,2023-07-12
3321,2023-07-12 11:15:00+05:30,780.3499755859375,783.0,769.5499877929688,781.0,92529,0.0,0.0,2023-07-12
3322,2023-07-12 12:15:00+05:30,783.9000244140625,786.5499877929688,780.2000122070312,782.0999755859375,7033,0.0,0.0,2023-07-12
3323,2023-07-12 13:15:00+05:30,782.0499877929688,792.8499755859375,780.3499755859375,788.9500122070312,78210,0.0,0.0,2023-07-12
3324,2023-07-12 14:15:00+05:30,787.0499877929688,805.5,781.2999877929688,783.2000122070312,63772,0.0,0.0,2023-07-12
3325,2023-07-12 15:15:00+05:30,783.7000122070312,785.4500122070312,775.3499755859375,776.0,11498,0.0,0.0,2023-07-12
3326,2023-07-13 09:15:00+05:30,782.9000244140625,784.5,775.2000122070312,782.5999755859375,2639,0.0,0.0,2023-07-13
3327,2023-07-13 10:15:00+05:30,783.9000244140625,792.6500244140625,780.2000122070312,780.2000122070312,39434,0.0,0.0,2023-07-13
3328,2023-07-13 11:15:00+05:30,780.7000122070312,788.7999877929688,780.7000122070312,788.5,75163,0.0,0.0,2023-07-13
3329,2023-07-13 12:15:00+05:30,787.5,792.5499877929688,787.0499877929688,789.9500122070312,2221,0.0,0.0,2023-07-13
3330,2023-07-13 13:15:00+05:30,789.9500122070312,790.0,783.5999755859375,786.4000244140625,2012,0.0,0.0,2023-07-13
3331,2023-07-13 14:15:00+05:30,786.4000244140625,798.9000244140625,785.7999877929688,796.7999877929688,70735,0.0,0.0,2023-07-13
3332,2023-07-13 15:15:00+05:30,795.2999877929688,799.0,785.5999755859375,792.5499877929688,3077,0.0,0.0,2023-07-13
3333,2023-07-14 09:15:00+05:30,796.5499877929688,799.2000122070312,792.6500244140625,798.4500122070312,0,0.0,0.0,2023-07-14
3334,2023-07-14 10:15:00+05:30,798.9500122070312,810.2999877929688,798.25,808.7999877929688,45087,0.0,0.0,2023-07-14
3335,2023-07-14 11:15:00+05:30,809.0,811.0,806.8499755859375,810.0999755859375,5016,0.0,0.0,2023-07-14
3336,2023-07-14 12:15:00+05:30,810.0999755859375,810.0999755859375,796.0,798.7000122070312,16799,0.0,0.0,2023-07-14
3337,2023-07-14 13:15:00+05:30,797.9000244140625,798.9000244140625,787.0,788.0,12101,0.0,0.0,2023-07-14
3338,2023-07-14 14:15:00+05:30,788.0,794.0,778.4000244140625,779.7000122070312,113843,0.0,0.0,2023-07-14
3339,2023-07-14 15:15:00+05:30,777.7000122070312,781.0,777.7000122070312,780.2000122070312,0,0.0,0.0,2023-07-14
3340,2023-07-17 09:15:00+05:30,784.0,798.0,783.9000244140625,797.9000244140625,0,0.0,0.0,2023-07-17
3341,2023-07-17 10:15:00+05:30,797.9500122070312,803.7000122070312,794.7999877929688,799.4000244140625,36756,0.0,0.0,2023-07-17
3342,2023-07-17 11:15:00+05:30,798.0999755859375,800.5999755859375,798.0999755859375,800.4500122070312,33498,0.0,0.0,2023-07-17
3343,2023-07-17 12:15:00+05:30,800.4000244140625,800.4500122070312,795.25,797.9000244140625,1970,0.0,0.0,2023-07-17
3344,2023-07-17 13:15:00+05:30,797.8499755859375,800.25,793.75,797.9000244140625,45277,0.0,0.0,2023-07-17
3345,2023-07-17 14:15:00+05:30,797.9000244140625,800.0999755859375,793.2999877929688,794.75,75610,0.0,0.0,2023-07-17
3346,2023-07-17 15:15:00+05:30,794.75,797.2000122070312,792.2999877929688,797.2000122070312,0,0.0,0.0,2023-07-17
3347,2023-07-18 09:15:00+05:30,799.9000244140625,800.0999755859375,786.0,796.4500122070312,4889,0.0,0.0,2023-07-18
3348,2023-07-18 10:15:00+05:30,797.3499755859375,797.3499755859375,792.2999877929688,795.1500244140625,962,0.0,0.0,2023-07-18
3349,2023-07-18 11:15:00+05:30,794.2000122070312,795.1500244140625,791.2999877929688,791.2999877929688,437,0.0,0.0,2023-07-18
3350,2023-07-18 12:15:00+05:30,790.4500122070312,820.5999755859375,789.7999877929688,820.2000122070312,23327,0.0,0.0,2023-07-18
3351,2023-07-18 13:15:00+05:30,820.2000122070312,833.0499877929688,792.25,803.0,53987,0.0,0.0,2023-07-18
3352,2023-07-18 14:15:00+05:30,803.0,805.0,792.1500244140625,795.0499877929688,86576,0.0,0.0,2023-07-18
3353,2023-07-18 15:15:00+05:30,793.9000244140625,794.9000244140625,787.0,792.9000244140625,5117,0.0,0.0,2023-07-18
3354,2023-07-19 09:15:00+05:30,787.5499877929688,803.9500122070312,787.5499877929688,803.1500244140625,0,0.0,0.0,2023-07-19
3355,2023-07-19 10:15:00+05:30,803.1500244140625,805.4000244140625,798.0499877929688,802.2999877929688,68225,0.0,0.0,2023-07-19
3356,2023-07-19 11:15:00+05:30,802.2999877929688,802.2999877929688,798.6500244140625,799.5999755859375,456,0.0,0.0,2023-07-19
3357,2023-07-19 12:15:00+05:30,799.2000122070312,802.1500244140625,798.4500122070312,799.1500244140625,35844,0.0,0.0,2023-07-19
3358,2023-07-19 13:15:00+05:30,799.0999755859375,799.7999877929688,794.25,794.4500122070312,443,0.0,0.0,2023-07-19
3359,2023-07-19 14:15:00+05:30,794.5999755859375,818.0,787.0999755859375,790.1500244140625,133472,0.0,0.0,2023-07-19
3360,2023-07-19 15:15:00+05:30,790.25,804.5,787.6500244140625,804.5,0,0.0,0.0,2023-07-19
3361,2023-07-20 09:15:00+05:30,800.0999755859375,800.0999755859375,790.5499877929688,795.25,3368,0.0,0.0,2023-07-20
3362,2023-07-20 10:15:00+05:30,795.9500122070312,802.4000244140625,794.9000244140625,800.0499877929688,54260,0.0,0.0,2023-07-20
3363,2023-07-20 11:15:00+05:30,799.9000244140625,803.0999755859375,798.75,800.0999755859375,27447,0.0,0.0,2023-07-20
3364,2023-07-20 12:15:00+05:30,800.7999877929688,801.25,799.0,799.9000244140625,774,0.0,0.0,2023-07-20
3365,2023-07-20 13:15:00+05:30,800.3499755859375,801.6500244140625,797.2999877929688,797.5,29798,0.0,0.0,2023-07-20
3366,2023-07-20 14:15:00+05:30,797.5,805.7000122070312,795.2000122070312,799.5,92787,0.0,0.0,2023-07-20
3367,2023-07-20 15:15:00+05:30,798.75,800.1500244140625,797.0,800.1500244140625,2167,0.0,0.0,2023-07-20
3368,2023-07-21 09:15:00+05:30,803.0999755859375,803.0999755859375,793.5999755859375,799.0,0,0.0,0.0,2023-07-21
3369,2023-07-21 10:15:00+05:30,798.9500122070312,810.0,797.0,806.9500122070312,64561,0.0,0.0,2023-07-21
3370,2023-07-21 11:15:00+05:30,806.0,809.0,802.0,807.1500244140625,38531,0.0,0.0,2023-07-21
3371,2023-07-21 12:15:00+05:30,808.2000122070312,809.0,804.25,809.0,16418,0.0,0.0,2023-07-21
3372,2023-07-21 13:15:00+05:30,809.0,810.0,799.0999755859375,801.8499755859375,10631,0.0,0.0,2023-07-21
3373,2023-07-21 14:15:00+05:30,802.7000122070312,808.9500122070312,790.4500122070312,798.0499877929688,87173,0.0,0.0,2023-07-21
3374,2023-07-21 15:15:00+05:30,798.4500122070312,800.5499877929688,797.0499877929688,800.3499755859375,9312,0.0,0.0,2023-07-21
3375,2023-07-24 09:15:00+05:30,804.9000244140625,813.4000244140625,799.0499877929688,807.2999877929688,0,0.0,0.0,2023-07-24
3376,2023-07-24 10:15:00+05:30,806.2999877929688,807.0,803.3499755859375,805.25,1031,0.0,0.0,2023-07-24
3377,2023-07-24 11:15:00+05:30,805.9500122070312,808.4500122070312,800.2000122070312,804.7000122070312,0,0.0,0.0,2023-07-24
3378,2023-07-24 12:15:00+05:30,804.7000122070312,805.0,800.4500122070312,802.5499877929688,72796,0.0,0.0,2023-07-24
3379,2023-07-24 13:15:00+05:30,801.2000122070312,810.0,796.6500244140625,800.7999877929688,18670,0.0,0.0,2023-07-24
3380,2023-07-24 14:15:00+05:30,801.0,801.0,797.0499877929688,799.0499877929688,2582,0.0,0.0,2023-07-24
3381,2023-07-24 15:15:00+05:30,798.7999877929688,810.0,796.0999755859375,800.6500244140625,27906,0.0,0.0,2023-07-24
3382,2023-07-25 09:15:00+05:30,804.7000122070312,804.7000122070312,797.4000244140625,804.7000122070312,0,0.0,0.0,2023-07-25
3383,2023-07-25 10:15:00+05:30,804.7000122070312,806.4500122070312,803.4500122070312,805.3499755859375,1961,0.0,0.0,2023-07-25
3384,2023-07-25 11:15:00+05:30,804.2000122070312,810.0,804.2000122070312,808.9000244140625,60975,0.0,0.0,2023-07-25
3385,2023-07-25 12:15:00+05:30,808.9500122070312,811.0,801.4500122070312,803.4000244140625,12978,0.0,0.0,2023-07-25
3386,2023-07-25 13:15:00+05:30,803.0499877929688,803.75,800.0999755859375,802.8499755859375,52333,0.0,0.0,2023-07-25
3387,2023-07-25 14:15:00+05:30,803.9000244140625,808.9000244140625,797.0,806.4500122070312,30091,0.0,0.0,2023-07-25
3388,2023-07-25 15:15:00+05:30,806.0,810.9500122070312,803.0499877929688,810.8499755859375,2320,0.0,0.0,2023-07-25
3389,2023-07-26 09:15:00+05:30,804.4000244140625,807.9500122070312,803.0,804.0,0,0.0,0.0,2023-07-26
3390,2023-07-26 10:15:00+05:30,803.7999877929688,810.0,801.2999877929688,803.7000122070312,6453,0.0,0.0,2023-07-26
3391,2023-07-26 11:15:00+05:30,805.3499755859375,811.0,804.8499755859375,806.7000122070312,36455,0.0,0.0,2023-07-26
3392,2023-07-26 12:15:00+05:30,807.1500244140625,811.0,802.3499755859375,806.6500244140625,32713,0.0,0.0,2023-07-26
3393,2023-07-26 13:15:00+05:30,806.4000244140625,808.2000122070312,805.2000122070312,808.2000122070312,825,0.0,0.0,2023-07-26
3394,2023-07-26 14:15:00+05:30,808.4500122070312,812.9000244140625,806.6500244140625,811.5999755859375,67306,0.0,0.0,2023-07-26
3395,2023-07-26 15:15:00+05:30,809.7999877929688,813.0,806.1500244140625,810.75,3367,0.0,0.0,2023-07-26
3396,2023-07-27 09:15:00+05:30,811.75,813.6500244140625,804.4000244140625,804.4000244140625,0,0.0,0.0,2023-07-27
3397,2023-07-27 10:15:00+05:30,805.0,811.4500122070312,804.5999755859375,806.7999877929688,41514,0.0,0.0,2023-07-27
3398,2023-07-27 11:15:00+05:30,806.8499755859375,810.0,802.8499755859375,804.2000122070312,15531,0.0,0.0,2023-07-27
3399,2023-07-27 12:15:00+05:30,802.75,805.75,801.0999755859375,802.25,33481,0.0,0.0,2023-07-27
3400,2023-07-27 13:15:00+05:30,802.25,802.5,796.9500122070312,799.4500122070312,6170,0.0,0.0,2023-07-27
3401,2023-07-27 14:15:00+05:30,798.5499877929688,800.75,792.1500244140625,792.1500244140625,52603,0.0,0.0,2023-07-27
3402,2023-07-27 15:15:00+05:30,792.0,795.5,790.0,794.4000244140625,17919,0.0,0.0,2023-07-27
3403,2023-07-28 09:15:00+05:30,798.4000244140625,798.4000244140625,790.25,793.5499877929688,0,0.0,0.0,2023-07-28
3404,2023-07-28 10:15:00+05:30,791.5,792.0999755859375,774.9500122070312,776.0,11193,0.0,0.0,2023-07-28
3405,2023-07-28 11:15:00+05:30,776.0,776.0,772.25,774.4500122070312,42958,0.0,0.0,2023-07-28
3406,2023-07-28 12:15:00+05:30,773.4500122070312,775.2000122070312,773.4500122070312,775.2000122070312,4144,0.0,0.0,2023-07-28
3407,2023-07-28 13:15:00+05:30,774.0499877929688,775.4000244140625,771.0499877929688,772.2000122070312,2885,0.0,0.0,2023-07-28
3408,2023-07-28 14:15:00+05:30,772.2000122070312,774.5,770.1500244140625,771.3499755859375,8016,0.0,0.0,2023-07-28
3409,2023-07-28 15:15:00+05:30,770.9500122070312,771.4000244140625,764.0999755859375,770.5999755859375,5705,0.0,0.0,2023-07-28
3410,2023-07-31 09:15:00+05:30,766.25,772.0499877929688,760.75,765.0,0,0.0,0.0,2023-07-31
3411,2023-07-31 10:15:00+05:30,765.0,776.4500122070312,765.0,772.5499877929688,4390,0.0,0.0,2023-07-31
3412,2023-07-31 11:15:00+05:30,772.7999877929688,777.5499877929688,772.7999877929688,775.6500244140625,51955,0.0,0.0,2023-07-31
3413,2023-07-31 12:15:00+05:30,775.0499877929688,776.25,774.1500244140625,774.4000244140625,271,0.0,0.0,2023-07-31
3414,2023-07-31 13:15:00+05:30,775.0499877929688,776.4500122070312,773.5499877929688,775.5,1536,0.0,0.0,2023-07-31
3415,2023-07-31 14:15:00+05:30,776.0,779.9500122070312,773.2999877929688,778.5999755859375,2275,0.0,0.0,2023-07-31
3416,2023-07-31 15:15:00+05:30,778.5999755859375,782.0,771.9500122070312,777.6500244140625,2540,0.0,0.0,2023-07-31
3417,2023-08-01 09:15:00+05:30,784.0999755859375,795.0,784.0999755859375,790.2000122070312,0,0.0,0.0,2023-08-01
3418,2023-08-01 10:15:00+05:30,790.0499877929688,794.25,784.4000244140625,794.0999755859375,64310,0.0,0.0,2023-08-01
3419,2023-08-01 11:15:00+05:30,794.0999755859375,795.5999755859375,790.2999877929688,790.2999877929688,1636,0.0,0.0,2023-08-01
3420,2023-08-01 12:15:00+05:30,790.2999877929688,795.4500122070312,790.25,795.0,1041,0.0,0.0,2023-08-01
3421,2023-08-01 13:15:00+05:30,795.0,815.75,795.0,806.75,28772,0.0,0.0,2023-08-01
3422,2023-08-01 14:15:00+05:30,805.5499877929688,808.0,792.4500122070312,795.75,29806,0.0,0.0,2023-08-01
3423,2023-08-01 15:15:00+05:30,795.75,796.25,793.5499877929688,795.4000244140625,7169,0.0,0.0,2023-08-01
3424,2023-08-02 09:15:00+05:30,799.0,799.0,792.5499877929688,795.5499877929688,0,0.0,0.0,2023-08-02
3425,2023-08-02 10:15:00+05:30,794.1500244140625,798.9500122070312,794.0999755859375,796.9000244140625,2251,0.0,0.0,2023-08-02
3426,2023-08-02 11:15:00+05:30,796.5999755859375,797.25,792.5,792.5499877929688,41964,0.0,0.0,2023-08-02
3427,2023-08-02 12:15:00+05:30,792.5499877929688,799.0,792.5499877929688,797.9500122070312,884,0.0,0.0,2023-08-02
3428,2023-08-02 13:15:00+05:30,798.0,800.9000244140625,787.4000244140625,797.9500122070312,47869,0.0,0.0,2023-08-02
3429,2023-08-02 14:15:00+05:30,796.0999755859375,800.9500122070312,785.0999755859375,791.3499755859375,12476,0.0,0.0,2023-08-02
3430,2023-08-02 15:15:00+05:30,791.5999755859375,796.1500244140625,788.2999877929688,790.8499755859375,1715,0.0,0.0,2023-08-02
3431,2023-08-03 09:15:00+05:30,794.8499755859375,794.8499755859375,783.0,786.9500122070312,0,0.0,0.0,2023-08-03
3432,2023-08-03 10:15:00+05:30,786.9000244140625,788.9500122070312,786.75,788.0,549,0.0,0.0,2023-08-03
3433,2023-08-03 11:15:00+05:30,788.4000244140625,788.4000244140625,776.0,777.0,67335,0.0,0.0,2023-08-03
3434,2023-08-03 12:15:00+05:30,779.0,783.9500122070312,776.9500122070312,781.0499877929688,8171,0.0,0.0,2023-08-03
3435,2023-08-03 13:15:00+05:30,781.2000122070312,783.0,779.5499877929688,780.0499877929688,25259,0.0,0.0,2023-08-03
3436,2023-08-03 14:15:00+05:30,780.0,784.7000122070312,775.25,780.6500244140625,3077,0.0,0.0,2023-08-03
3437,2023-08-03 15:15:00+05:30,780.2000122070312,780.2000122070312,768.5,772.0999755859375,0,0.0,0.0,2023-08-03
3438,2023-08-04 09:15:00+05:30,775.9500122070312,779.9500122070312,774.25,779.9000244140625,2188,0.0,0.0,2023-08-04
3439,2023-08-04 10:15:00+05:30,779.9000244140625,788.1500244140625,778.2000122070312,784.7999877929688,3399,0.0,0.0,2023-08-04
3440,2023-08-04 11:15:00+05:30,784.7999877929688,795.5999755859375,784.7999877929688,792.25,3249,0.0,0.0,2023-08-04
3441,2023-08-04 12:15:00+05:30,792.1500244140625,795.5999755859375,785.7999877929688,795.5999755859375,58298,0.0,0.0,2023-08-04
3442,2023-08-04 13:15:00+05:30,795.9500122070312,795.9500122070312,791.9500122070312,794.5499877929688,599,0.0,0.0,2023-08-04
3443,2023-08-04 14:15:00+05:30,794.5499877929688,794.5499877929688,775.3499755859375,783.7000122070312,34612,0.0,0.0,2023-08-04
3444,2023-08-04 15:15:00+05:30,784.2999877929688,788.8499755859375,780.0,783.5499877929688,3756,0.0,0.0,2023-08-04
