,Timestamp,Open,High,Low,Close,Volume,Dividends,Stock Splits,Date
0,2023-05-24 09:30:00-04:00,6.670000076293945,6.710000038146973,6.605000019073486,6.659999847412109,5115,0.0,0.0,2023-05-24
1,2023-05-24 09:35:00-04:00,6.650000095367432,6.65500020980835,6.650000095367432,6.650000095367432,1946,0.0,0.0,2023-05-24
2,2023-05-24 09:40:00-04:00,6.650000095367432,6.650000095367432,6.619999885559082,6.630000114440918,1829,0.0,0.0,2023-05-24
3,2023-05-24 09:45:00-04:00,6.630000114440918,6.630000114440918,6.619999885559082,6.619999885559082,1694,0.0,0.0,2023-05-24
4,2023-05-24 09:50:00-04:00,6.619999885559082,6.619999885559082,6.59499979019165,6.610000133514404,1472,0.0,0.0,2023-05-24
5,2023-05-24 09:55:00-04:00,6.610000133514404,6.644999980926514,6.610000133514404,6.630000114440918,5263,0.0,0.0,2023-05-24
6,2023-05-24 10:00:00-04:00,6.630000114440918,6.639999866485596,6.630000114440918,6.635000228881836,768,0.0,0.0,2023-05-24
7,2023-05-24 10:05:00-04:00,6.630000114440918,6.635000228881836,6.619999885559082,6.635000228881836,1530,0.0,0.0,2023-05-24
8,2023-05-24 10:10:00-04:00,6.639999866485596,6.65500020980835,6.639999866485596,6.650000095367432,1224,0.0,0.0,2023-05-24
9,2023-05-24 10:15:00-04:00,6.65500020980835,6.659999847412109,6.65500020980835,6.659999847412109,477,0.0,0.0,2023-05-24
10,2023-05-24 10:20:00-04:00,6.659999847412109,6.659999847412109,6.650000095367432,6.650000095367432,1431,0.0,0.0,2023-05-24
11,2023-05-24 10:25:00-04:00,6.635000228881836,6.65500020980835,6.635000228881836,6.65500020980835,2161,0.0,0.0,2023-05-24
12,2023-05-24 10:30:00-04:00,6.659999847412109,6.675000190734863,6.659999847412109,6.659999847412109,1932,0.0,0.0,2023-05-24
13,2023-05-24 10:35:00-04:00,6.65500020980835,6.65500020980835,6.65500020980835,6.65500020980835,100,0.0,0.0,2023-05-24
14,2023-05-24 10:40:00-04:00,6.65500020980835,6.659999847412109,6.650000095367432,6.659999847412109,1669,0.0,0.0,2023-05-24
15,2023-05-24 10:45:00-04:00,6.639999866485596,6.650000095367432,6.639999866485596,6.644999980926514,2104,0.0,0.0,2023-05-24
16,2023-05-24 10:50:00-04:00,6.630000114440918,6.635000228881836,6.630000114440918,6.635000228881836,1740,0.0,0.0,2023-05-24
17,2023-05-24 10:55:00-04:00,6.639999866485596,6.639999866485596,6.619999885559082,6.619999885559082,863,0.0,0.0,2023-05-24
18,2023-05-24 11:00:00-04:00,6.625,6.625,6.625,6.625,949,0.0,0.0,2023-05-24
19,2023-05-24 11:05:00-04:00,6.625,6.625,6.619999885559082,6.619999885559082,3223,0.0,0.0,2023-05-24
20,2023-05-24 11:10:00-04:00,6.625,6.625,6.619999885559082,6.625,687,0.0,0.0,2023-05-24
21,2023-05-24 11:15:00-04:00,6.625,6.625,6.610000133514404,6.614999771118164,3571,0.0,0.0,2023-05-24
22,2023-05-24 11:20:00-04:00,6.619999885559082,6.630000114440918,6.619999885559082,6.625,4219,0.0,0.0,2023-05-24
23,2023-05-24 11:25:00-04:00,6.630000114440918,6.630000114440918,6.599999904632568,6.599999904632568,3294,0.0,0.0,2023-05-24
24,2023-05-24 11:30:00-04:00,6.605000019073486,6.605000019073486,6.599999904632568,6.599999904632568,1568,0.0,0.0,2023-05-24
25,2023-05-24 11:35:00-04:00,6.605000019073486,6.605000019073486,6.605000019073486,6.605000019073486,308,0.0,0.0,2023-05-24
26,2023-05-24 11:40:00-04:00,6.599999904632568,6.605000019073486,6.585000038146973,6.585000038146973,3451,0.0,0.0,2023-05-24
27,2023-05-24 11:45:00-04:00,6.574999809265137,6.574999809265137,6.570000171661377,6.574999809265137,714,0.0,0.0,2023-05-24
28,2023-05-24 11:50:00-04:00,6.574999809265137,6.578499794006348,6.570000171661377,6.570000171661377,776,0.0,0.0,2023-05-24
29,2023-05-24 11:55:00-04:00,6.574999809265137,6.574999809265137,6.574999809265137,6.574999809265137,609,0.0,0.0,2023-05-24
30,2023-05-24 12:00:00-04:00,6.574999809265137,6.585000038146973,6.574999809265137,6.585000038146973,3980,0.0,0.0,2023-05-24
31,2023-05-24 12:05:00-04:00,6.579999923706055,6.579999923706055,6.554999828338623,6.559999942779541,1773,0.0,0.0,2023-05-24
32,2023-05-24 12:10:00-04:00,6.550000190734863,6.570000171661377,6.545000076293945,6.570000171661377,10171,0.0,0.0,2023-05-24
33,2023-05-24 12:15:00-04:00,6.570000171661377,6.570000171661377,6.565000057220459,6.565000057220459,352,0.0,0.0,2023-05-24
34,2023-05-24 12:20:00-04:00,6.565000057220459,6.565000057220459,6.559999942779541,6.559999942779541,535,0.0,0.0,2023-05-24
35,2023-05-24 12:25:00-04:00,6.559999942779541,6.579999923706055,6.559999942779541,6.579999923706055,3801,0.0,0.0,2023-05-24
36,2023-05-24 12:30:00-04:00,6.579999923706055,6.610000133514404,6.579999923706055,6.605000019073486,4377,0.0,0.0,2023-05-24
37,2023-05-24 12:35:00-04:00,6.610000133514404,6.630000114440918,6.605000019073486,6.630000114440918,3531,0.0,0.0,2023-05-24
38,2023-05-24 12:40:00-04:00,6.630000114440918,6.630000114440918,6.619999885559082,6.619999885559082,789,0.0,0.0,2023-05-24
39,2023-05-24 12:45:00-04:00,6.614999771118164,6.614999771118164,6.610000133514404,6.610000133514404,1261,0.0,0.0,2023-05-24
40,2023-05-24 12:50:00-04:00,6.605000019073486,6.605000019073486,6.590000152587891,6.59499979019165,8597,0.0,0.0,2023-05-24
41,2023-05-24 12:55:00-04:00,6.59499979019165,6.59499979019165,6.590000152587891,6.59499979019165,328,0.0,0.0,2023-05-24
42,2023-05-24 13:00:00-04:00,6.590000152587891,6.590000152587891,6.579999923706055,6.579999923706055,733,0.0,0.0,2023-05-24
43,2023-05-24 13:05:00-04:00,6.585000038146973,6.585000038146973,6.579999923706055,6.579999923706055,4063,0.0,0.0,2023-05-24
44,2023-05-24 13:10:00-04:00,6.585000038146973,6.585000038146973,6.579999923706055,6.579999923706055,572,0.0,0.0,2023-05-24
45,2023-05-24 13:15:00-04:00,6.579999923706055,6.599999904632568,6.579999923706055,6.599999904632568,2829,0.0,0.0,2023-05-24
46,2023-05-24 13:20:00-04:00,6.610000133514404,6.619999885559082,6.605000019073486,6.619999885559082,8820,0.0,0.0,2023-05-24
47,2023-05-24 13:25:00-04:00,6.625,6.625,6.619999885559082,6.619999885559082,997,0.0,0.0,2023-05-24
48,2023-05-24 13:30:00-04:00,6.610000133514404,6.610000133514404,6.585000038146973,6.585000038146973,2329,0.0,0.0,2023-05-24
49,2023-05-24 13:35:00-04:00,6.590000152587891,6.59499979019165,6.585000038146973,6.585000038146973,2321,0.0,0.0,2023-05-24
50,2023-05-24 13:40:00-04:00,6.585000038146973,6.630000114440918,6.585000038146973,6.619999885559082,10055,0.0,0.0,2023-05-24
51,2023-05-24 13:45:00-04:00,6.619999885559082,6.619999885559082,6.605000019073486,6.605000019073486,1250,0.0,0.0,2023-05-24
52,2023-05-24 13:50:00-04:00,6.605000019073486,6.605000019073486,6.590000152587891,6.59499979019165,1278,0.0,0.0,2023-05-24
53,2023-05-24 13:55:00-04:00,6.590000152587891,6.590000152587891,6.579999923706055,6.585000038146973,2143,0.0,0.0,2023-05-24
54,2023-05-24 14:00:00-04:00,6.579999923706055,6.59499979019165,6.579999923706055,6.585000038146973,2566,0.0,0.0,2023-05-24
55,2023-05-24 14:05:00-04:00,6.585000038146973,6.585000038146973,6.579999923706055,6.585000038146973,755,0.0,0.0,2023-05-24
56,2023-05-24 14:10:00-04:00,6.579999923706055,6.585000038146973,6.579999923706055,6.585000038146973,913,0.0,0.0,2023-05-24
57,2023-05-24 14:15:00-04:00,6.579999923706055,6.579999923706055,6.565000057220459,6.570000171661377,3810,0.0,0.0,2023-05-24
58,2023-05-24 14:20:00-04:00,6.574999809265137,6.579999923706055,6.570000171661377,6.579999923706055,1213,0.0,0.0,2023-05-24
59,2023-05-24 14:25:00-04:00,6.579999923706055,6.579999923706055,6.574999809265137,6.579999923706055,4328,0.0,0.0,2023-05-24
60,2023-05-24 14:30:00-04:00,6.574999809265137,6.59499979019165,6.574999809265137,6.59499979019165,2957,0.0,0.0,2023-05-24
61,2023-05-24 14:35:00-04:00,6.59499979019165,6.599999904632568,6.59499979019165,6.599999904632568,999,0.0,0.0,2023-05-24
62,2023-05-24 14:40:00-04:00,6.59499979019165,6.59499979019165,6.590000152587891,6.59499979019165,1587,0.0,0.0,2023-05-24
63,2023-05-24 14:45:00-04:00,6.59499979019165,6.59499979019165,6.590000152587891,6.590000152587891,1535,0.0,0.0,2023-05-24
64,2023-05-24 14:50:00-04:00,6.590000152587891,6.590000152587891,6.570000171661377,6.570000171661377,2445,0.0,0.0,2023-05-24
65,2023-05-24 14:55:00-04:00,6.570000171661377,6.574999809265137,6.559999942779541,6.574999809265137,4819,0.0,0.0,2023-05-24
66,2023-05-24 15:00:00-04:00,6.579999923706055,6.585000038146973,6.574999809265137,6.574999809265137,3139,0.0,0.0,2023-05-24
67,2023-05-24 15:05:00-04:00,6.579999923706055,6.585000038146973,6.579999923706055,6.579999923706055,1802,0.0,0.0,2023-05-24
68,2023-05-24 15:10:00-04:00,6.579999923706055,6.59499979019165,6.579999923706055,6.59499979019165,2576,0.0,0.0,2023-05-24
69,2023-05-24 15:15:00-04:00,6.59499979019165,6.610000133514404,6.59499979019165,6.610000133514404,4677,0.0,0.0,2023-05-24
70,2023-05-24 15:20:00-04:00,6.610000133514404,6.619999885559082,6.605000019073486,6.605000019073486,13283,0.0,0.0,2023-05-24
71,2023-05-24 15:25:00-04:00,6.610000133514404,6.610000133514404,6.599999904632568,6.599999904632568,1859,0.0,0.0,2023-05-24
72,2023-05-24 15:30:00-04:00,6.605000019073486,6.619999885559082,6.605000019073486,6.614999771118164,5996,0.0,0.0,2023-05-24
73,2023-05-24 15:35:00-04:00,6.614999771118164,6.614999771118164,6.599999904632568,6.610000133514404,4649,0.0,0.0,2023-05-24
74,2023-05-24 15:40:00-04:00,6.614999771118164,6.614999771118164,6.599999904632568,6.599999904632568,3428,0.0,0.0,2023-05-24
75,2023-05-24 15:45:00-04:00,6.599999904632568,6.614999771118164,6.599999904632568,6.610000133514404,9709,0.0,0.0,2023-05-24
76,2023-05-24 15:50:00-04:00,6.614999771118164,6.614999771118164,6.599999904632568,6.599999904632568,12900,0.0,0.0,2023-05-24
77,2023-05-24 15:55:00-04:00,6.599999904632568,6.619999885559082,6.590000152587891,6.590000152587891,44821,0.0,0.0,2023-05-24
78,2023-05-25 09:30:00-04:00,6.550000190734863,6.550000190734863,6.550000190734863,6.550000190734863,1526,0.0,0.0,2023-05-25
79,2023-05-25 09:35:00-04:00,6.559999942779541,6.559999942779541,6.539999961853027,6.539999961853027,1613,0.0,0.0,2023-05-25
80,2023-05-25 09:40:00-04:00,6.539999961853027,6.550000190734863,6.494999885559082,6.494999885559082,5850,0.0,0.0,2023-05-25
81,2023-05-25 09:45:00-04:00,6.5,6.610000133514404,6.5,6.590000152587891,4834,0.0,0.0,2023-05-25
82,2023-05-25 09:50:00-04:00,6.590000152587891,6.610000133514404,6.590000152587891,6.59499979019165,1469,0.0,0.0,2023-05-25
83,2023-05-25 09:55:00-04:00,6.599999904632568,6.599999904632568,6.599999904632568,6.599999904632568,756,0.0,0.0,2023-05-25
84,2023-05-25 10:00:00-04:00,6.610000133514404,6.630000114440918,6.59499979019165,6.599999904632568,3995,0.0,0.0,2023-05-25
85,2023-05-25 10:05:00-04:00,6.599999904632568,6.599999904632568,6.579999923706055,6.579999923706055,2085,0.0,0.0,2023-05-25
86,2023-05-25 10:10:00-04:00,6.570000171661377,6.599999904632568,6.570000171661377,6.599999904632568,2213,0.0,0.0,2023-05-25
87,2023-05-25 10:15:00-04:00,6.605000019073486,6.614999771118164,6.599999904632568,6.599999904632568,1923,0.0,0.0,2023-05-25
88,2023-05-25 10:20:00-04:00,6.590000152587891,6.599999904632568,6.590000152587891,6.599999904632568,5872,0.0,0.0,2023-05-25
89,2023-05-25 10:25:00-04:00,6.610000133514404,6.619999885559082,6.610000133514404,6.619999885559082,792,0.0,0.0,2023-05-25
90,2023-05-25 10:30:00-04:00,6.610000133514404,6.610000133514404,6.590000152587891,6.599999904632568,4764,0.0,0.0,2023-05-25
91,2023-05-25 10:35:00-04:00,6.599999904632568,6.599999904632568,6.590000152587891,6.590000152587891,6303,0.0,0.0,2023-05-25
92,2023-05-25 10:40:00-04:00,6.59499979019165,6.599999904632568,6.590000152587891,6.599999904632568,2764,0.0,0.0,2023-05-25
93,2023-05-25 10:45:00-04:00,6.59499979019165,6.599999904632568,6.59499979019165,6.599999904632568,973,0.0,0.0,2023-05-25
94,2023-05-25 10:50:00-04:00,6.599999904632568,6.599999904632568,6.59499979019165,6.59499979019165,534,0.0,0.0,2023-05-25
95,2023-05-25 11:00:00-04:00,6.599999904632568,6.605000019073486,6.599999904632568,6.605000019073486,2239,0.0,0.0,2023-05-25
96,2023-05-25 11:05:00-04:00,6.605000019073486,6.605000019073486,6.590000152587891,6.599999904632568,4492,0.0,0.0,2023-05-25
97,2023-05-25 11:10:00-04:00,6.599999904632568,6.599999904632568,6.574999809265137,6.579999923706055,4844,0.0,0.0,2023-05-25
98,2023-05-25 11:15:00-04:00,6.570000171661377,6.579999923706055,6.545000076293945,6.550000190734863,3386,0.0,0.0,2023-05-25
99,2023-05-25 11:20:00-04:00,6.550000190734863,6.590000152587891,6.550000190734863,6.574999809265137,18237,0.0,0.0,2023-05-25
100,2023-05-25 11:25:00-04:00,6.579999923706055,6.587500095367432,6.559999942779541,6.559999942779541,4189,0.0,0.0,2023-05-25
101,2023-05-25 11:30:00-04:00,6.545000076293945,6.550000190734863,6.53000020980835,6.53000020980835,3284,0.0,0.0,2023-05-25
102,2023-05-25 11:35:00-04:00,6.53000020980835,6.534999847412109,6.53000020980835,6.534999847412109,1058,0.0,0.0,2023-05-25
103,2023-05-25 11:40:00-04:00,6.534999847412109,6.534999847412109,6.510000228881836,6.514999866485596,4297,0.0,0.0,2023-05-25
104,2023-05-25 11:45:00-04:00,6.519999980926514,6.534999847412109,6.519999980926514,6.53000020980835,2267,0.0,0.0,2023-05-25
105,2023-05-25 11:50:00-04:00,6.534999847412109,6.539999961853027,6.53000020980835,6.53000020980835,617,0.0,0.0,2023-05-25
106,2023-05-25 11:55:00-04:00,6.53000020980835,6.545000076293945,6.53000020980835,6.545000076293945,2704,0.0,0.0,2023-05-25
107,2023-05-25 12:00:00-04:00,6.545000076293945,6.550000190734863,6.539999961853027,6.545000076293945,866,0.0,0.0,2023-05-25
108,2023-05-25 12:05:00-04:00,6.545000076293945,6.550000190734863,6.545000076293945,6.545000076293945,1996,0.0,0.0,2023-05-25
109,2023-05-25 12:10:00-04:00,6.545000076293945,6.550000190734863,6.545000076293945,6.550000190734863,1001,0.0,0.0,2023-05-25
110,2023-05-25 12:15:00-04:00,6.559999942779541,6.565000057220459,6.559999942779541,6.565000057220459,871,0.0,0.0,2023-05-25
111,2023-05-25 12:20:00-04:00,6.565000057220459,6.590000152587891,6.565000057220459,6.585000038146973,4480,0.0,0.0,2023-05-25
112,2023-05-25 12:25:00-04:00,6.590000152587891,6.590000152587891,6.589000225067139,6.589000225067139,2994,0.0,0.0,2023-05-25
113,2023-05-25 12:30:00-04:00,6.590000152587891,6.605000019073486,6.590000152587891,6.599999904632568,3832,0.0,0.0,2023-05-25
114,2023-05-25 12:35:00-04:00,6.609000205993652,6.619999885559082,6.609000205993652,6.619999885559082,690,0.0,0.0,2023-05-25
115,2023-05-25 12:40:00-04:00,6.61899995803833,6.61899995803833,6.590000152587891,6.599999904632568,11063,0.0,0.0,2023-05-25
116,2023-05-25 12:45:00-04:00,6.590000152587891,6.590000152587891,6.565000057220459,6.565000057220459,2590,0.0,0.0,2023-05-25
117,2023-05-25 12:50:00-04:00,6.559999942779541,6.559999942779541,6.554999828338623,6.559999942779541,2272,0.0,0.0,2023-05-25
118,2023-05-25 12:55:00-04:00,6.570000171661377,6.574999809265137,6.565000057220459,6.570000171661377,2435,0.0,0.0,2023-05-25
119,2023-05-25 13:00:00-04:00,6.559999942779541,6.559999942779541,6.554999828338623,6.554999828338623,893,0.0,0.0,2023-05-25
120,2023-05-25 13:05:00-04:00,6.550000190734863,6.554999828338623,6.550000190734863,6.554999828338623,356,0.0,0.0,2023-05-25
121,2023-05-25 13:10:00-04:00,6.554999828338623,6.559999942779541,6.554999828338623,6.559999942779541,637,0.0,0.0,2023-05-25
122,2023-05-25 13:15:00-04:00,6.559999942779541,6.565000057220459,6.559999942779541,6.565000057220459,1830,0.0,0.0,2023-05-25
123,2023-05-25 13:20:00-04:00,6.570000171661377,6.574999809265137,6.565000057220459,6.565000057220459,4286,0.0,0.0,2023-05-25
124,2023-05-25 13:25:00-04:00,6.565000057220459,6.570000171661377,6.565000057220459,6.565000057220459,1087,0.0,0.0,2023-05-25
125,2023-05-25 13:30:00-04:00,6.559999942779541,6.559999942779541,6.550000190734863,6.550000190734863,1176,0.0,0.0,2023-05-25
126,2023-05-25 13:35:00-04:00,6.554999828338623,6.559999942779541,6.554999828338623,6.559999942779541,986,0.0,0.0,2023-05-25
127,2023-05-25 13:40:00-04:00,6.554999828338623,6.565000057220459,6.554999828338623,6.565000057220459,1910,0.0,0.0,2023-05-25
128,2023-05-25 13:45:00-04:00,6.565000057220459,6.570000171661377,6.550000190734863,6.554999828338623,5496,0.0,0.0,2023-05-25
129,2023-05-25 13:50:00-04:00,6.554999828338623,6.554999828338623,6.545000076293945,6.550000190734863,3269,0.0,0.0,2023-05-25
130,2023-05-25 13:55:00-04:00,6.554999828338623,6.554999828338623,6.554999828338623,6.554999828338623,316,0.0,0.0,2023-05-25
131,2023-05-25 14:00:00-04:00,6.559999942779541,6.574999809265137,6.554999828338623,6.554999828338623,4323,0.0,0.0,2023-05-25
132,2023-05-25 14:05:00-04:00,6.554999828338623,6.554999828338623,6.554999828338623,6.554999828338623,110,0.0,0.0,2023-05-25
133,2023-05-25 14:10:00-04:00,6.554999828338623,6.559999942779541,6.554999828338623,6.554999828338623,1668,0.0,0.0,2023-05-25
134,2023-05-25 14:15:00-04:00,6.554999828338623,6.565000057220459,6.554999828338623,6.565000057220459,1416,0.0,0.0,2023-05-25
135,2023-05-25 14:20:00-04:00,6.559999942779541,6.559999942779541,6.545000076293945,6.550000190734863,1727,0.0,0.0,2023-05-25
136,2023-05-25 14:25:00-04:00,6.550000190734863,6.554999828338623,6.545000076293945,6.554999828338623,2216,0.0,0.0,2023-05-25
137,2023-05-25 14:30:00-04:00,6.550000190734863,6.550000190734863,6.534999847412109,6.534999847412109,1340,0.0,0.0,2023-05-25
138,2023-05-25 14:35:00-04:00,6.53000020980835,6.53000020980835,6.525000095367432,6.525000095367432,531,0.0,0.0,2023-05-25
139,2023-05-25 14:40:00-04:00,6.525000095367432,6.525000095367432,6.525000095367432,6.525000095367432,725,0.0,0.0,2023-05-25
140,2023-05-25 14:45:00-04:00,6.525000095367432,6.525000095367432,6.514999866485596,6.519999980926514,2876,0.0,0.0,2023-05-25
141,2023-05-25 14:50:00-04:00,6.514999866485596,6.514999866485596,6.514999866485596,6.514999866485596,419,0.0,0.0,2023-05-25
142,2023-05-25 14:55:00-04:00,6.514999866485596,6.514999866485596,6.5,6.514999866485596,6235,0.0,0.0,2023-05-25
143,2023-05-25 15:00:00-04:00,6.519999980926514,6.53000020980835,6.519999980926514,6.525000095367432,2938,0.0,0.0,2023-05-25
144,2023-05-25 15:05:00-04:00,6.525000095367432,6.5391998291015625,6.525000095367432,6.53000020980835,6635,0.0,0.0,2023-05-25
145,2023-05-25 15:10:00-04:00,6.539999961853027,6.539999961853027,6.534999847412109,6.534999847412109,1649,0.0,0.0,2023-05-25
146,2023-05-25 15:15:00-04:00,6.53000020980835,6.53000020980835,6.525000095367432,6.525000095367432,1728,0.0,0.0,2023-05-25
147,2023-05-25 15:20:00-04:00,6.525000095367432,6.534999847412109,6.525000095367432,6.534999847412109,2877,0.0,0.0,2023-05-25
148,2023-05-25 15:25:00-04:00,6.534999847412109,6.539999961853027,6.534999847412109,6.539999961853027,1756,0.0,0.0,2023-05-25
149,2023-05-25 15:30:00-04:00,6.534999847412109,6.545000076293945,6.534999847412109,6.534999847412109,4427,0.0,0.0,2023-05-25
150,2023-05-25 15:35:00-04:00,6.534999847412109,6.545000076293945,6.534999847412109,6.545000076293945,2771,0.0,0.0,2023-05-25
151,2023-05-25 15:40:00-04:00,6.550000190734863,6.559999942779541,6.550000190734863,6.554999828338623,4462,0.0,0.0,2023-05-25
152,2023-05-25 15:45:00-04:00,6.550000190734863,6.559999942779541,6.539999961853027,6.550000190734863,11632,0.0,0.0,2023-05-25
153,2023-05-25 15:50:00-04:00,6.550000190734863,6.559999942779541,6.545000076293945,6.554999828338623,8822,0.0,0.0,2023-05-25
154,2023-05-25 15:55:00-04:00,6.554999828338623,6.559999942779541,6.539999961853027,6.539999961853027,32481,0.0,0.0,2023-05-25
155,2023-05-26 09:30:00-04:00,6.570000171661377,6.570000171661377,6.570000171661377,6.570000171661377,1340,0.0,0.0,2023-05-26
156,2023-05-26 09:35:00-04:00,6.599999904632568,6.610000133514404,6.590000152587891,6.599999904632568,3593,0.0,0.0,2023-05-26
157,2023-05-26 09:40:00-04:00,6.619999885559082,6.639999866485596,6.619999885559082,6.630000114440918,1957,0.0,0.0,2023-05-26
158,2023-05-26 09:45:00-04:00,6.619999885559082,6.619999885559082,6.599999904632568,6.599999904632568,1236,0.0,0.0,2023-05-26
159,2023-05-26 09:50:00-04:00,6.570000171661377,6.570000171661377,6.550000190734863,6.565000057220459,3652,0.0,0.0,2023-05-26
160,2023-05-26 09:55:00-04:00,6.574999809265137,6.574999809265137,6.570000171661377,6.570000171661377,719,0.0,0.0,2023-05-26
161,2023-05-26 10:00:00-04:00,6.579999923706055,6.579999923706055,6.570000171661377,6.579999923706055,2508,0.0,0.0,2023-05-26
162,2023-05-26 10:05:00-04:00,6.590000152587891,6.619999885559082,6.590000152587891,6.619999885559082,3220,0.0,0.0,2023-05-26
163,2023-05-26 10:10:00-04:00,6.619999885559082,6.619999885559082,6.59499979019165,6.59499979019165,3010,0.0,0.0,2023-05-26
164,2023-05-26 10:15:00-04:00,6.599999904632568,6.630000114440918,6.599999904632568,6.630000114440918,1095,0.0,0.0,2023-05-26
165,2023-05-26 10:20:00-04:00,6.639999866485596,6.650000095367432,6.639999866485596,6.650000095367432,2599,0.0,0.0,2023-05-26
166,2023-05-26 10:25:00-04:00,6.659999847412109,6.675000190734863,6.659999847412109,6.675000190734863,1399,0.0,0.0,2023-05-26
167,2023-05-26 10:30:00-04:00,6.670000076293945,6.684999942779541,6.670000076293945,6.684999942779541,1066,0.0,0.0,2023-05-26
168,2023-05-26 10:35:00-04:00,6.679999828338623,6.684999942779541,6.670000076293945,6.673399925231934,5985,0.0,0.0,2023-05-26
169,2023-05-26 10:40:00-04:00,6.688000202178955,6.690000057220459,6.684999942779541,6.690000057220459,1353,0.0,0.0,2023-05-26
170,2023-05-26 10:45:00-04:00,6.679999828338623,6.679999828338623,6.675000190734863,6.675000190734863,908,0.0,0.0,2023-05-26
171,2023-05-26 10:50:00-04:00,6.670000076293945,6.690000057220459,6.659999847412109,6.690000057220459,2559,0.0,0.0,2023-05-26
172,2023-05-26 10:55:00-04:00,6.690000057220459,6.695000171661377,6.679999828338623,6.679999828338623,1887,0.0,0.0,2023-05-26
173,2023-05-26 11:00:00-04:00,6.679999828338623,6.690000057220459,6.679999828338623,6.679999828338623,1196,0.0,0.0,2023-05-26
174,2023-05-26 11:05:00-04:00,6.684999942779541,6.690000057220459,6.684999942779541,6.690000057220459,321,0.0,0.0,2023-05-26
175,2023-05-26 11:10:00-04:00,6.684999942779541,6.695000171661377,6.679999828338623,6.679999828338623,2576,0.0,0.0,2023-05-26
176,2023-05-26 11:15:00-04:00,6.679999828338623,6.679999828338623,6.664999961853027,6.664999961853027,548,0.0,0.0,2023-05-26
177,2023-05-26 11:20:00-04:00,6.670000076293945,6.670000076293945,6.670000076293945,6.670000076293945,352,0.0,0.0,2023-05-26
178,2023-05-26 11:25:00-04:00,6.675000190734863,6.675000190734863,6.670000076293945,6.670000076293945,612,0.0,0.0,2023-05-26
179,2023-05-26 11:30:00-04:00,6.679999828338623,6.684999942779541,6.670000076293945,6.670000076293945,2499,0.0,0.0,2023-05-26
180,2023-05-26 11:40:00-04:00,6.670000076293945,6.690000057220459,6.670000076293945,6.690000057220459,1493,0.0,0.0,2023-05-26
181,2023-05-26 11:45:00-04:00,6.695000171661377,6.699999809265137,6.695000171661377,6.699999809265137,1633,0.0,0.0,2023-05-26
182,2023-05-26 11:50:00-04:00,6.695000171661377,6.695000171661377,6.695000171661377,6.695000171661377,431,0.0,0.0,2023-05-26
183,2023-05-26 11:55:00-04:00,6.699999809265137,6.699999809265137,6.695000171661377,6.695000171661377,370,0.0,0.0,2023-05-26
184,2023-05-26 12:00:00-04:00,6.699999809265137,6.710000038146973,6.650000095367432,6.670000076293945,7433,0.0,0.0,2023-05-26
185,2023-05-26 12:05:00-04:00,6.679999828338623,6.690000057220459,6.679999828338623,6.690000057220459,570,0.0,0.0,2023-05-26
186,2023-05-26 12:15:00-04:00,6.695000171661377,6.695000171661377,6.695000171661377,6.695000171661377,200,0.0,0.0,2023-05-26
187,2023-05-26 12:20:00-04:00,6.695000171661377,6.699999809265137,6.695000171661377,6.695000171661377,950,0.0,0.0,2023-05-26
188,2023-05-26 12:25:00-04:00,6.710000038146973,6.735000133514404,6.710000038146973,6.735000133514404,2921,0.0,0.0,2023-05-26
189,2023-05-26 12:30:00-04:00,6.739999771118164,6.75,6.735000133514404,6.735000133514404,2364,0.0,0.0,2023-05-26
190,2023-05-26 12:35:00-04:00,6.739999771118164,6.739999771118164,6.724999904632568,6.724999904632568,975,0.0,0.0,2023-05-26
191,2023-05-26 12:40:00-04:00,6.723899841308594,6.723899841308594,6.71999979019165,6.71999979019165,686,0.0,0.0,2023-05-26
192,2023-05-26 12:45:00-04:00,6.724999904632568,6.730000019073486,6.724999904632568,6.730000019073486,719,0.0,0.0,2023-05-26
193,2023-05-26 12:50:00-04:00,6.730000019073486,6.75,6.730000019073486,6.744999885559082,1879,0.0,0.0,2023-05-26
194,2023-05-26 12:55:00-04:00,6.744999885559082,6.744999885559082,6.744999885559082,6.744999885559082,631,0.0,0.0,2023-05-26
195,2023-05-26 13:00:00-04:00,6.75,6.764999866485596,6.75,6.764999866485596,1781,0.0,0.0,2023-05-26
196,2023-05-26 13:05:00-04:00,6.769999980926514,6.769999980926514,6.764999866485596,6.764999866485596,327,0.0,0.0,2023-05-26
197,2023-05-26 13:10:00-04:00,6.769999980926514,6.775000095367432,6.769999980926514,6.769999980926514,1469,0.0,0.0,2023-05-26
198,2023-05-26 13:15:00-04:00,6.764999866485596,6.764999866485596,6.735000133514404,6.739999771118164,4476,0.0,0.0,2023-05-26
199,2023-05-26 13:20:00-04:00,6.75,6.75,6.744999885559082,6.75,776,0.0,0.0,2023-05-26
200,2023-05-26 13:25:00-04:00,6.744999885559082,6.75,6.740799903869629,6.75,2143,0.0,0.0,2023-05-26
201,2023-05-26 13:30:00-04:00,6.75,6.755000114440918,6.75,6.75,1311,0.0,0.0,2023-05-26
202,2023-05-26 13:35:00-04:00,6.75,6.755000114440918,6.730000019073486,6.730000019073486,7704,0.0,0.0,2023-05-26
203,2023-05-26 13:40:00-04:00,6.71999979019165,6.71999979019165,6.690000057220459,6.695000171661377,2357,0.0,0.0,2023-05-26
204,2023-05-26 13:45:00-04:00,6.690000057220459,6.690000057220459,6.684999942779541,6.690000057220459,1948,0.0,0.0,2023-05-26
205,2023-05-26 13:50:00-04:00,6.699999809265137,6.704999923706055,6.699999809265137,6.704999923706055,1856,0.0,0.0,2023-05-26
206,2023-05-26 13:55:00-04:00,6.704999923706055,6.71999979019165,6.704999923706055,6.71999979019165,2019,0.0,0.0,2023-05-26
207,2023-05-26 14:00:00-04:00,6.715000152587891,6.715000152587891,6.710000038146973,6.710000038146973,1705,0.0,0.0,2023-05-26
208,2023-05-26 14:05:00-04:00,6.699999809265137,6.699999809265137,6.690000057220459,6.699999809265137,922,0.0,0.0,2023-05-26
209,2023-05-26 14:10:00-04:00,6.695000171661377,6.699999809265137,6.695000171661377,6.699999809265137,2341,0.0,0.0,2023-05-26
210,2023-05-26 14:15:00-04:00,6.704999923706055,6.704999923706055,6.699999809265137,6.704999923706055,1139,0.0,0.0,2023-05-26
211,2023-05-26 14:20:00-04:00,6.699999809265137,6.699999809265137,6.675000190734863,6.679999828338623,4854,0.0,0.0,2023-05-26
212,2023-05-26 14:25:00-04:00,6.684999942779541,6.684999942779541,6.684999942779541,6.684999942779541,387,0.0,0.0,2023-05-26
213,2023-05-26 14:30:00-04:00,6.684999942779541,6.684999942779541,6.679999828338623,6.679999828338623,600,0.0,0.0,2023-05-26
214,2023-05-26 14:35:00-04:00,6.679999828338623,6.690000057220459,6.679999828338623,6.690000057220459,2778,0.0,0.0,2023-05-26
215,2023-05-26 14:40:00-04:00,6.679999828338623,6.679999828338623,6.679999828338623,6.679999828338623,400,0.0,0.0,2023-05-26
216,2023-05-26 14:45:00-04:00,6.679999828338623,6.684999942779541,6.679999828338623,6.684999942779541,706,0.0,0.0,2023-05-26
217,2023-05-26 14:50:00-04:00,6.684999942779541,6.684999942779541,6.679999828338623,6.679999828338623,980,0.0,0.0,2023-05-26
218,2023-05-26 14:55:00-04:00,6.679999828338623,6.695000171661377,6.675000190734863,6.695000171661377,3661,0.0,0.0,2023-05-26
219,2023-05-26 15:00:00-04:00,6.695000171661377,6.704999923706055,6.690000057220459,6.704999923706055,4746,0.0,0.0,2023-05-26
220,2023-05-26 15:05:00-04:00,6.704999923706055,6.704999923706055,6.699999809265137,6.704999923706055,2886,0.0,0.0,2023-05-26
221,2023-05-26 15:10:00-04:00,6.704999923706055,6.704999923706055,6.690000057220459,6.690000057220459,2921,0.0,0.0,2023-05-26
222,2023-05-26 15:15:00-04:00,6.690000057220459,6.699900150299072,6.690000057220459,6.695000171661377,1536,0.0,0.0,2023-05-26
223,2023-05-26 15:20:00-04:00,6.695000171661377,6.715000152587891,6.695000171661377,6.715000152587891,4437,0.0,0.0,2023-05-26
224,2023-05-26 15:25:00-04:00,6.715000152587891,6.715000152587891,6.710000038146973,6.710000038146973,1256,0.0,0.0,2023-05-26
225,2023-05-26 15:30:00-04:00,6.710000038146973,6.715000152587891,6.699999809265137,6.715000152587891,4307,0.0,0.0,2023-05-26
226,2023-05-26 15:35:00-04:00,6.715000152587891,6.71999979019165,6.699999809265137,6.699999809265137,10638,0.0,0.0,2023-05-26
227,2023-05-26 15:40:00-04:00,6.704999923706055,6.710000038146973,6.699999809265137,6.710000038146973,2287,0.0,0.0,2023-05-26
228,2023-05-26 15:45:00-04:00,6.699999809265137,6.715000152587891,6.699999809265137,6.710000038146973,5290,0.0,0.0,2023-05-26
229,2023-05-26 15:50:00-04:00,6.710000038146973,6.724999904632568,6.699999809265137,6.724999904632568,11916,0.0,0.0,2023-05-26
230,2023-05-26 15:55:00-04:00,6.724999904632568,6.730000019073486,6.710000038146973,6.715000152587891,26029,0.0,0.0,2023-05-26
231,2023-05-30 09:30:00-04:00,6.739999771118164,6.744999885559082,6.739999771118164,6.744999885559082,42861,0.0,0.0,2023-05-30
232,2023-05-30 09:35:00-04:00,6.789999961853027,6.789999961853027,6.760000228881836,6.760000228881836,3283,0.0,0.0,2023-05-30
233,2023-05-30 09:40:00-04:00,6.75,6.769999980926514,6.735000133514404,6.739999771118164,4769,0.0,0.0,2023-05-30
234,2023-05-30 09:45:00-04:00,6.730000019073486,6.760000228881836,6.71999979019165,6.75,2742,0.0,0.0,2023-05-30
235,2023-05-30 09:50:00-04:00,6.760000228881836,6.769999980926514,6.724999904632568,6.724999904632568,6262,0.0,0.0,2023-05-30
236,2023-05-30 09:55:00-04:00,6.724999904632568,6.724999904632568,6.710000038146973,6.71999979019165,1664,0.0,0.0,2023-05-30
237,2023-05-30 10:00:00-04:00,6.730000019073486,6.730000019073486,6.71999979019165,6.71999979019165,1437,0.0,0.0,2023-05-30
238,2023-05-30 10:05:00-04:00,6.695000171661377,6.724999904632568,6.695000171661377,6.724999904632568,2721,0.0,0.0,2023-05-30
239,2023-05-30 10:10:00-04:00,6.735000133514404,6.739999771118164,6.710000038146973,6.735000133514404,2806,0.0,0.0,2023-05-30
240,2023-05-30 10:15:00-04:00,6.739999771118164,6.760000228881836,6.739999771118164,6.755000114440918,2384,0.0,0.0,2023-05-30
241,2023-05-30 10:20:00-04:00,6.755000114440918,6.760000228881836,6.71999979019165,6.730000019073486,2678,0.0,0.0,2023-05-30
242,2023-05-30 10:25:00-04:00,6.71999979019165,6.71999979019165,6.699999809265137,6.699999809265137,2311,0.0,0.0,2023-05-30
243,2023-05-30 10:30:00-04:00,6.715000152587891,6.715000152587891,6.699999809265137,6.699999809265137,262,0.0,0.0,2023-05-30
244,2023-05-30 10:35:00-04:00,6.699999809265137,6.704999923706055,6.695000171661377,6.699999809265137,1470,0.0,0.0,2023-05-30
245,2023-05-30 10:40:00-04:00,6.715000152587891,6.71999979019165,6.715000152587891,6.71999979019165,479,0.0,0.0,2023-05-30
246,2023-05-30 10:45:00-04:00,6.710000038146973,6.710000038146973,6.695000171661377,6.695000171661377,1175,0.0,0.0,2023-05-30
247,2023-05-30 10:50:00-04:00,6.699999809265137,6.699999809265137,6.684999942779541,6.684999942779541,780,0.0,0.0,2023-05-30
248,2023-05-30 10:55:00-04:00,6.690000057220459,6.695000171661377,6.690000057220459,6.695000171661377,1130,0.0,0.0,2023-05-30
249,2023-05-30 11:00:00-04:00,6.690000057220459,6.690000057220459,6.690000057220459,6.690000057220459,687,0.0,0.0,2023-05-30
250,2023-05-30 11:05:00-04:00,6.695000171661377,6.695000171661377,6.684999942779541,6.684999942779541,1220,0.0,0.0,2023-05-30
251,2023-05-30 11:10:00-04:00,6.679999828338623,6.695000171661377,6.679999828338623,6.690000057220459,3651,0.0,0.0,2023-05-30
252,2023-05-30 11:20:00-04:00,6.670000076293945,6.670000076293945,6.670000076293945,6.670000076293945,374,0.0,0.0,2023-05-30
253,2023-05-30 11:25:00-04:00,6.659999847412109,6.664999961853027,6.659999847412109,6.664999961853027,1289,0.0,0.0,2023-05-30
254,2023-05-30 11:35:00-04:00,6.670000076293945,6.670000076293945,6.670000076293945,6.670000076293945,930,0.0,0.0,2023-05-30
255,2023-05-30 11:40:00-04:00,6.659999847412109,6.659999847412109,6.659999847412109,6.659999847412109,118,0.0,0.0,2023-05-30
256,2023-05-30 11:45:00-04:00,6.670000076293945,6.670000076293945,6.664999961853027,6.664999961853027,1105,0.0,0.0,2023-05-30
257,2023-05-30 11:50:00-04:00,6.6656999588012695,6.6656999588012695,6.6656999588012695,6.6656999588012695,555,0.0,0.0,2023-05-30
258,2023-05-30 11:55:00-04:00,6.670000076293945,6.679999828338623,6.670000076293945,6.675000190734863,1808,0.0,0.0,2023-05-30
259,2023-05-30 12:00:00-04:00,6.675000190734863,6.675000190734863,6.675000190734863,6.675000190734863,217,0.0,0.0,2023-05-30
260,2023-05-30 12:05:00-04:00,6.670000076293945,6.670000076293945,6.65500020980835,6.65500020980835,978,0.0,0.0,2023-05-30
261,2023-05-30 12:10:00-04:00,6.65500020980835,6.65500020980835,6.650000095367432,6.650000095367432,1122,0.0,0.0,2023-05-30
262,2023-05-30 12:15:00-04:00,6.65500020980835,6.670000076293945,6.644999980926514,6.670000076293945,2646,0.0,0.0,2023-05-30
263,2023-05-30 12:20:00-04:00,6.670000076293945,6.684999942779541,6.670000076293945,6.684999942779541,1512,0.0,0.0,2023-05-30
264,2023-05-30 12:25:00-04:00,6.675000190734863,6.675000190734863,6.675000190734863,6.675000190734863,198,0.0,0.0,2023-05-30
265,2023-05-30 12:30:00-04:00,6.675000190734863,6.679100036621094,6.675000190734863,6.679100036621094,1145,0.0,0.0,2023-05-30
266,2023-05-30 12:35:00-04:00,6.675000190734863,6.675000190734863,6.664999961853027,6.664999961853027,1038,0.0,0.0,2023-05-30
267,2023-05-30 12:40:00-04:00,6.659999847412109,6.664999961853027,6.659299850463867,6.664999961853027,2709,0.0,0.0,2023-05-30
268,2023-05-30 12:45:00-04:00,6.659999847412109,6.659999847412109,6.65500020980835,6.65500020980835,1166,0.0,0.0,2023-05-30
269,2023-05-30 12:50:00-04:00,6.65500020980835,6.65500020980835,6.650000095367432,6.650000095367432,519,0.0,0.0,2023-05-30
270,2023-05-30 12:55:00-04:00,6.65500020980835,6.65500020980835,6.65500020980835,6.65500020980835,198,0.0,0.0,2023-05-30
271,2023-05-30 13:00:00-04:00,6.659999847412109,6.664999961853027,6.659999847412109,6.664999961853027,1876,0.0,0.0,2023-05-30
272,2023-05-30 13:05:00-04:00,6.659999847412109,6.664999961853027,6.65500020980835,6.65500020980835,1619,0.0,0.0,2023-05-30
273,2023-05-30 13:10:00-04:00,6.65500020980835,6.65500020980835,6.65500020980835,6.65500020980835,280,0.0,0.0,2023-05-30
274,2023-05-30 13:15:00-04:00,6.644999980926514,6.664999961853027,6.644999980926514,6.664999961853027,3253,0.0,0.0,2023-05-30
275,2023-05-30 13:20:00-04:00,6.670000076293945,6.675000190734863,6.670000076293945,6.675000190734863,725,0.0,0.0,2023-05-30
276,2023-05-30 13:25:00-04:00,6.675000190734863,6.675000190734863,6.644999980926514,6.644999980926514,2120,0.0,0.0,2023-05-30
277,2023-05-30 13:30:00-04:00,6.644999980926514,6.644999980926514,6.635000228881836,6.635000228881836,3278,0.0,0.0,2023-05-30
278,2023-05-30 13:35:00-04:00,6.630000114440918,6.635000228881836,6.625,6.635000228881836,953,0.0,0.0,2023-05-30
279,2023-05-30 13:40:00-04:00,6.625,6.625,6.625,6.625,202,0.0,0.0,2023-05-30
280,2023-05-30 13:45:00-04:00,6.625,6.625,6.625,6.625,201,0.0,0.0,2023-05-30
281,2023-05-30 13:50:00-04:00,6.625,6.625,6.625,6.625,545,0.0,0.0,2023-05-30
282,2023-05-30 13:55:00-04:00,6.614999771118164,6.614999771118164,6.605000019073486,6.605000019073486,1491,0.0,0.0,2023-05-30
283,2023-05-30 14:00:00-04:00,6.605000019073486,6.605000019073486,6.605000019073486,6.605000019073486,250,0.0,0.0,2023-05-30
284,2023-05-30 14:05:00-04:00,6.599999904632568,6.605000019073486,6.590000152587891,6.59499979019165,1447,0.0,0.0,2023-05-30
285,2023-05-30 14:10:00-04:00,6.59499979019165,6.605000019073486,6.59499979019165,6.599999904632568,3841,0.0,0.0,2023-05-30
286,2023-05-30 14:15:00-04:00,6.605000019073486,6.605000019073486,6.605000019073486,6.605000019073486,457,0.0,0.0,2023-05-30
287,2023-05-30 14:20:00-04:00,6.605000019073486,6.619999885559082,6.605000019073486,6.605000019073486,6184,0.0,0.0,2023-05-30
288,2023-05-30 14:25:00-04:00,6.605000019073486,6.605000019073486,6.605000019073486,6.605000019073486,1444,0.0,0.0,2023-05-30
289,2023-05-30 14:30:00-04:00,6.605000019073486,6.610000133514404,6.605000019073486,6.605000019073486,2128,0.0,0.0,2023-05-30
290,2023-05-30 14:35:00-04:00,6.610000133514404,6.610000133514404,6.599999904632568,6.605000019073486,1111,0.0,0.0,2023-05-30
291,2023-05-30 14:40:00-04:00,6.605000019073486,6.605000019073486,6.599999904632568,6.599999904632568,558,0.0,0.0,2023-05-30
292,2023-05-30 14:45:00-04:00,6.605000019073486,6.605000019073486,6.605000019073486,6.605000019073486,231,0.0,0.0,2023-05-30
293,2023-05-30 14:50:00-04:00,6.599999904632568,6.599999904632568,6.579999923706055,6.59499979019165,6383,0.0,0.0,2023-05-30
294,2023-05-30 14:55:00-04:00,6.590000152587891,6.59499979019165,6.590000152587891,6.590000152587891,908,0.0,0.0,2023-05-30
295,2023-05-30 15:00:00-04:00,6.579999923706055,6.590000152587891,6.579999923706055,6.579999923706055,2162,0.0,0.0,2023-05-30
296,2023-05-30 15:05:00-04:00,6.579999923706055,6.585000038146973,6.570000171661377,6.585000038146973,5791,0.0,0.0,2023-05-30
297,2023-05-30 15:10:00-04:00,6.585000038146973,6.59499979019165,6.585000038146973,6.590000152587891,2823,0.0,0.0,2023-05-30
298,2023-05-30 15:15:00-04:00,6.590000152587891,6.59499979019165,6.585000038146973,6.585000038146973,2389,0.0,0.0,2023-05-30
299,2023-05-30 15:20:00-04:00,6.585000038146973,6.585000038146973,6.585000038146973,6.585000038146973,410,0.0,0.0,2023-05-30
300,2023-05-30 15:25:00-04:00,6.585000038146973,6.585000038146973,6.579999923706055,6.579999923706055,1265,0.0,0.0,2023-05-30
301,2023-05-30 15:30:00-04:00,6.585000038146973,6.590000152587891,6.579999923706055,6.590000152587891,3998,0.0,0.0,2023-05-30
302,2023-05-30 15:35:00-04:00,6.59499979019165,6.59499979019165,6.59499979019165,6.59499979019165,1292,0.0,0.0,2023-05-30
303,2023-05-30 15:40:00-04:00,6.590000152587891,6.590000152587891,6.559999942779541,6.559999942779541,9596,0.0,0.0,2023-05-30
304,2023-05-30 15:45:00-04:00,6.565000057220459,6.574999809265137,6.554999828338623,6.570000171661377,8354,0.0,0.0,2023-05-30
305,2023-05-30 15:50:00-04:00,6.565000057220459,6.565000057220459,6.550000190734863,6.550000190734863,4073,0.0,0.0,2023-05-30
306,2023-05-30 15:55:00-04:00,6.550000190734863,6.559999942779541,6.534999847412109,6.550000190734863,27074,0.0,0.0,2023-05-30
307,2023-05-31 09:30:00-04:00,6.53000020980835,6.614999771118164,6.53000020980835,6.599999904632568,2575,0.0,0.0,2023-05-31
308,2023-05-31 09:35:00-04:00,6.579999923706055,6.659999847412109,6.579999923706055,6.659999847412109,5916,0.0,0.0,2023-05-31
309,2023-05-31 09:40:00-04:00,6.644999980926514,6.644999980926514,6.630000114440918,6.639999866485596,2307,0.0,0.0,2023-05-31
310,2023-05-31 09:45:00-04:00,6.644000053405762,6.664999961853027,6.610000133514404,6.614999771118164,4796,0.0,0.0,2023-05-31
311,2023-05-31 09:50:00-04:00,6.610000133514404,6.630000114440918,6.565000057220459,6.610000133514404,16609,0.0,0.0,2023-05-31
312,2023-05-31 09:55:00-04:00,6.619999885559082,6.650000095367432,6.619999885559082,6.639999866485596,2535,0.0,0.0,2023-05-31
313,2023-05-31 10:00:00-04:00,6.635000228881836,6.650000095367432,6.610000133514404,6.639999866485596,8798,0.0,0.0,2023-05-31
314,2023-05-31 10:05:00-04:00,6.650000095367432,6.659999847412109,6.625,6.625,7408,0.0,0.0,2023-05-31
315,2023-05-31 10:10:00-04:00,6.610000133514404,6.610000133514404,6.59499979019165,6.59499979019165,2841,0.0,0.0,2023-05-31
316,2023-05-31 10:15:00-04:00,6.590000152587891,6.599999904632568,6.590000152587891,6.59499979019165,2386,0.0,0.0,2023-05-31
317,2023-05-31 10:20:00-04:00,6.590000152587891,6.59499979019165,6.590000152587891,6.590000152587891,1747,0.0,0.0,2023-05-31
318,2023-05-31 10:25:00-04:00,6.590000152587891,6.590000152587891,6.559999942779541,6.565000057220459,3012,0.0,0.0,2023-05-31
319,2023-05-31 10:30:00-04:00,6.559999942779541,6.565000057220459,6.545000076293945,6.545000076293945,1351,0.0,0.0,2023-05-31
320,2023-05-31 10:35:00-04:00,6.545000076293945,6.545000076293945,6.525000095367432,6.525000095367432,2395,0.0,0.0,2023-05-31
321,2023-05-31 10:40:00-04:00,6.525000095367432,6.53000020980835,6.525000095367432,6.525000095367432,1659,0.0,0.0,2023-05-31
322,2023-05-31 10:45:00-04:00,6.539999961853027,6.554999828338623,6.525000095367432,6.525000095367432,2537,0.0,0.0,2023-05-31
323,2023-05-31 10:50:00-04:00,6.525000095367432,6.525000095367432,6.525000095367432,6.525000095367432,360,0.0,0.0,2023-05-31
324,2023-05-31 10:55:00-04:00,6.53000020980835,6.554999828338623,6.53000020980835,6.539999961853027,2860,0.0,0.0,2023-05-31
325,2023-05-31 11:00:00-04:00,6.550000190734863,6.554999828338623,6.550000190734863,6.550000190734863,809,0.0,0.0,2023-05-31
326,2023-05-31 11:05:00-04:00,6.554999828338623,6.554999828338623,6.539999961853027,6.539999961853027,1077,0.0,0.0,2023-05-31
327,2023-05-31 11:10:00-04:00,6.534999847412109,6.539999961853027,6.53000020980835,6.539999961853027,1173,0.0,0.0,2023-05-31
328,2023-05-31 11:15:00-04:00,6.545000076293945,6.545000076293945,6.53000020980835,6.53000020980835,2047,0.0,0.0,2023-05-31
329,2023-05-31 11:20:00-04:00,6.539999961853027,6.550000190734863,6.539999961853027,6.550000190734863,1033,0.0,0.0,2023-05-31
330,2023-05-31 11:25:00-04:00,6.550000190734863,6.559999942779541,6.519999980926514,6.519999980926514,3216,0.0,0.0,2023-05-31
331,2023-05-31 11:35:00-04:00,6.53000020980835,6.539999961853027,6.5279998779296875,6.53000020980835,2208,0.0,0.0,2023-05-31
332,2023-05-31 11:40:00-04:00,6.514999866485596,6.514999866485596,6.510000228881836,6.514999866485596,1364,0.0,0.0,2023-05-31
333,2023-05-31 11:45:00-04:00,6.510000228881836,6.510000228881836,6.510000228881836,6.510000228881836,621,0.0,0.0,2023-05-31
334,2023-05-31 11:50:00-04:00,6.505000114440918,6.510000228881836,6.5,6.510000228881836,2006,0.0,0.0,2023-05-31
335,2023-05-31 11:55:00-04:00,6.510000228881836,6.510000228881836,6.510000228881836,6.510000228881836,490,0.0,0.0,2023-05-31
336,2023-05-31 12:00:00-04:00,6.510000228881836,6.525000095367432,6.510000228881836,6.519999980926514,4097,0.0,0.0,2023-05-31
337,2023-05-31 12:05:00-04:00,6.510000228881836,6.510000228881836,6.494999885559082,6.494999885559082,1412,0.0,0.0,2023-05-31
338,2023-05-31 12:15:00-04:00,6.494999885559082,6.494999885559082,6.489999771118164,6.489999771118164,1084,0.0,0.0,2023-05-31
339,2023-05-31 12:20:00-04:00,6.485000133514404,6.5,6.485000133514404,6.5,2211,0.0,0.0,2023-05-31
340,2023-05-31 12:25:00-04:00,6.510000228881836,6.514999866485596,6.510000228881836,6.510000228881836,959,0.0,0.0,2023-05-31
341,2023-05-31 12:30:00-04:00,6.5,6.5,6.494999885559082,6.494999885559082,1397,0.0,0.0,2023-05-31
342,2023-05-31 12:35:00-04:00,6.5,6.505000114440918,6.5,6.5,1726,0.0,0.0,2023-05-31
343,2023-05-31 12:40:00-04:00,6.510000228881836,6.510000228881836,6.510000228881836,6.510000228881836,122,0.0,0.0,2023-05-31
344,2023-05-31 12:45:00-04:00,6.510000228881836,6.519999980926514,6.510000228881836,6.519999980926514,2054,0.0,0.0,2023-05-31
345,2023-05-31 12:50:00-04:00,6.510000228881836,6.510000228881836,6.494999885559082,6.494999885559082,1331,0.0,0.0,2023-05-31
346,2023-05-31 12:55:00-04:00,6.5,6.5,6.494999885559082,6.494999885559082,361,0.0,0.0,2023-05-31
347,2023-05-31 13:00:00-04:00,6.5,6.510000228881836,6.5,6.505000114440918,1615,0.0,0.0,2023-05-31
348,2023-05-31 13:05:00-04:00,6.510000228881836,6.519999980926514,6.510000228881836,6.519999980926514,705,0.0,0.0,2023-05-31
349,2023-05-31 13:10:00-04:00,6.519999980926514,6.53000020980835,6.519999980926514,6.525000095367432,2916,0.0,0.0,2023-05-31
350,2023-05-31 13:15:00-04:00,6.534999847412109,6.534999847412109,6.53000020980835,6.53000020980835,1654,0.0,0.0,2023-05-31
351,2023-05-31 13:20:00-04:00,6.539999961853027,6.539999961853027,6.539999961853027,6.539999961853027,558,0.0,0.0,2023-05-31
352,2023-05-31 13:25:00-04:00,6.550000190734863,6.554999828338623,6.545000076293945,6.554999828338623,2276,0.0,0.0,2023-05-31
353,2023-05-31 13:30:00-04:00,6.559999942779541,6.559999942779541,6.554999828338623,6.559999942779541,1161,0.0,0.0,2023-05-31
354,2023-05-31 13:35:00-04:00,6.554999828338623,6.559999942779541,6.519999980926514,6.519999980926514,4063,0.0,0.0,2023-05-31
355,2023-05-31 13:40:00-04:00,6.53000020980835,6.545000076293945,6.53000020980835,6.545000076293945,1071,0.0,0.0,2023-05-31
356,2023-05-31 13:45:00-04:00,6.545000076293945,6.545000076293945,6.534999847412109,6.534999847412109,2443,0.0,0.0,2023-05-31
357,2023-05-31 13:50:00-04:00,6.534999847412109,6.539999961853027,6.534999847412109,6.539999961853027,326,0.0,0.0,2023-05-31
358,2023-05-31 13:55:00-04:00,6.539999961853027,6.545000076293945,6.534999847412109,6.534999847412109,2532,0.0,0.0,2023-05-31
359,2023-05-31 14:00:00-04:00,6.534999847412109,6.534999847412109,6.534999847412109,6.534999847412109,1189,0.0,0.0,2023-05-31
360,2023-05-31 14:05:00-04:00,6.534999847412109,6.534999847412109,6.534999847412109,6.534999847412109,444,0.0,0.0,2023-05-31
361,2023-05-31 14:10:00-04:00,6.539999961853027,6.545000076293945,6.539999961853027,6.545000076293945,2165,0.0,0.0,2023-05-31
362,2023-05-31 14:15:00-04:00,6.545000076293945,6.545000076293945,6.525000095367432,6.534999847412109,4059,0.0,0.0,2023-05-31
363,2023-05-31 14:20:00-04:00,6.539999961853027,6.539999961853027,6.534999847412109,6.534999847412109,899,0.0,0.0,2023-05-31
364,2023-05-31 14:25:00-04:00,6.534999847412109,6.539899826049805,6.534999847412109,6.534999847412109,727,0.0,0.0,2023-05-31
365,2023-05-31 14:30:00-04:00,6.534999847412109,6.539999961853027,6.534999847412109,6.534999847412109,1764,0.0,0.0,2023-05-31
366,2023-05-31 14:35:00-04:00,6.539999961853027,6.554999828338623,6.534999847412109,6.534999847412109,7084,0.0,0.0,2023-05-31
367,2023-05-31 14:40:00-04:00,6.539999961853027,6.554999828338623,6.539999961853027,6.554999828338623,1774,0.0,0.0,2023-05-31
368,2023-05-31 14:45:00-04:00,6.554999828338623,6.554999828338623,6.545000076293945,6.545000076293945,1591,0.0,0.0,2023-05-31
369,2023-05-31 14:50:00-04:00,6.539999961853027,6.539999961853027,6.525000095367432,6.525000095367432,1556,0.0,0.0,2023-05-31
370,2023-05-31 14:55:00-04:00,6.525000095367432,6.53000020980835,6.525000095367432,6.53000020980835,968,0.0,0.0,2023-05-31
371,2023-05-31 15:00:00-04:00,6.53000020980835,6.53000020980835,6.525000095367432,6.53000020980835,1302,0.0,0.0,2023-05-31
372,2023-05-31 15:05:00-04:00,6.525000095367432,6.53000020980835,6.525000095367432,6.53000020980835,598,0.0,0.0,2023-05-31
373,2023-05-31 15:10:00-04:00,6.53000020980835,6.534999847412109,6.525000095367432,6.534999847412109,2061,0.0,0.0,2023-05-31
374,2023-05-31 15:15:00-04:00,6.539999961853027,6.539999961853027,6.525000095367432,6.525000095367432,3066,0.0,0.0,2023-05-31
375,2023-05-31 15:20:00-04:00,6.525000095367432,6.539999961853027,6.519999980926514,6.539999961853027,2583,0.0,0.0,2023-05-31
376,2023-05-31 15:25:00-04:00,6.539999961853027,6.550000190734863,6.534999847412109,6.534999847412109,4186,0.0,0.0,2023-05-31
377,2023-05-31 15:30:00-04:00,6.534999847412109,6.545000076293945,6.534999847412109,6.545000076293945,4205,0.0,0.0,2023-05-31
378,2023-05-31 15:35:00-04:00,6.550000190734863,6.550000190734863,6.545000076293945,6.545000076293945,2537,0.0,0.0,2023-05-31
379,2023-05-31 15:40:00-04:00,6.550000190734863,6.554999828338623,6.545000076293945,6.554999828338623,3796,0.0,0.0,2023-05-31
380,2023-05-31 15:45:00-04:00,6.559999942779541,6.574999809265137,6.554999828338623,6.574999809265137,6992,0.0,0.0,2023-05-31
381,2023-05-31 15:50:00-04:00,6.579999923706055,6.579999923706055,6.559999942779541,6.574999809265137,13193,0.0,0.0,2023-05-31
382,2023-05-31 15:55:00-04:00,6.574999809265137,6.610000133514404,6.574999809265137,6.599999904632568,60431,0.0,0.0,2023-05-31
383,2023-06-01 09:30:00-04:00,6.599999904632568,6.599999904632568,6.53000020980835,6.539999961853027,2102,0.0,0.0,2023-06-01
384,2023-06-01 09:35:00-04:00,6.559999942779541,6.570000171661377,6.53000020980835,6.539999961853027,2831,0.0,0.0,2023-06-01
385,2023-06-01 09:40:00-04:00,6.519999980926514,6.519999980926514,6.480000019073486,6.5,3073,0.0,0.0,2023-06-01
386,2023-06-01 09:45:00-04:00,6.53000020980835,6.554999828338623,6.53000020980835,6.550000190734863,1276,0.0,0.0,2023-06-01
387,2023-06-01 09:50:00-04:00,6.554999828338623,6.579999923706055,6.554999828338623,6.570000171661377,5181,0.0,0.0,2023-06-01
388,2023-06-01 09:55:00-04:00,6.565000057220459,6.570000171661377,6.565000057220459,6.570000171661377,372,0.0,0.0,2023-06-01
389,2023-06-01 10:00:00-04:00,6.579999923706055,6.619999885559082,6.579999923706055,6.619999885559082,4464,0.0,0.0,2023-06-01
390,2023-06-01 10:05:00-04:00,6.625,6.684999942779541,6.625,6.639999866485596,9889,0.0,0.0,2023-06-01
391,2023-06-01 10:10:00-04:00,6.630000114440918,6.650000095367432,6.619999885559082,6.650000095367432,2718,0.0,0.0,2023-06-01
392,2023-06-01 10:15:00-04:00,6.65500020980835,6.659999847412109,6.650000095367432,6.65500020980835,3106,0.0,0.0,2023-06-01
393,2023-06-01 10:20:00-04:00,6.650000095367432,6.675000190734863,6.650000095367432,6.675000190734863,3237,0.0,0.0,2023-06-01
394,2023-06-01 10:25:00-04:00,6.675000190734863,6.695000171661377,6.670000076293945,6.695000171661377,3003,0.0,0.0,2023-06-01
395,2023-06-01 10:30:00-04:00,6.695000171661377,6.710000038146973,6.695000171661377,6.710000038146973,2806,0.0,0.0,2023-06-01
396,2023-06-01 10:35:00-04:00,6.71999979019165,6.730000019073486,6.71999979019165,6.724999904632568,5154,0.0,0.0,2023-06-01
397,2023-06-01 10:40:00-04:00,6.730000019073486,6.755000114440918,6.730000019073486,6.755000114440918,1296,0.0,0.0,2023-06-01
398,2023-06-01 10:45:00-04:00,6.755000114440918,6.755000114440918,6.730000019073486,6.730000019073486,3887,0.0,0.0,2023-06-01
399,2023-06-01 10:50:00-04:00,6.71999979019165,6.730000019073486,6.71999979019165,6.724999904632568,1854,0.0,0.0,2023-06-01
400,2023-06-01 10:55:00-04:00,6.724999904632568,6.75,6.71999979019165,6.739999771118164,4282,0.0,0.0,2023-06-01
401,2023-06-01 11:00:00-04:00,6.735000133514404,6.735000133514404,6.735000133514404,6.735000133514404,268,0.0,0.0,2023-06-01
402,2023-06-01 11:05:00-04:00,6.739999771118164,6.744999885559082,6.735000133514404,6.739999771118164,1576,0.0,0.0,2023-06-01
403,2023-06-01 11:10:00-04:00,6.739999771118164,6.739999771118164,6.724999904632568,6.739999771118164,3648,0.0,0.0,2023-06-01
404,2023-06-01 11:15:00-04:00,6.75,6.760000228881836,6.75,6.75,2258,0.0,0.0,2023-06-01
405,2023-06-01 11:20:00-04:00,6.744999885559082,6.75,6.739999771118164,6.744999885559082,957,0.0,0.0,2023-06-01
406,2023-06-01 11:25:00-04:00,6.744999885559082,6.764999866485596,6.744999885559082,6.764999866485596,1788,0.0,0.0,2023-06-01
407,2023-06-01 11:30:00-04:00,6.764999866485596,6.78000020980835,6.760000228881836,6.78000020980835,1299,0.0,0.0,2023-06-01
408,2023-06-01 11:35:00-04:00,6.78000020980835,6.795000076293945,6.78000020980835,6.795000076293945,3304,0.0,0.0,2023-06-01
409,2023-06-01 11:40:00-04:00,6.795000076293945,6.800000190734863,6.795000076293945,6.795000076293945,902,0.0,0.0,2023-06-01
410,2023-06-01 11:45:00-04:00,6.795000076293945,6.809999942779541,6.795000076293945,6.804999828338623,2292,0.0,0.0,2023-06-01
411,2023-06-01 11:50:00-04:00,6.804999828338623,6.804999828338623,6.795000076293945,6.795000076293945,2575,0.0,0.0,2023-06-01
412,2023-06-01 11:55:00-04:00,6.78000020980835,6.789999961853027,6.78000020980835,6.789999961853027,1156,0.0,0.0,2023-06-01
413,2023-06-01 12:00:00-04:00,6.789999961853027,6.789999961853027,6.78000020980835,6.78000020980835,1841,0.0,0.0,2023-06-01
414,2023-06-01 12:05:00-04:00,6.775000095367432,6.789999961853027,6.775000095367432,6.789999961853027,1544,0.0,0.0,2023-06-01
415,2023-06-01 12:10:00-04:00,6.795000076293945,6.804999828338623,6.792799949645996,6.800000190734863,1950,0.0,0.0,2023-06-01
416,2023-06-01 12:15:00-04:00,6.804999828338623,6.809999942779541,6.800000190734863,6.809999942779541,1031,0.0,0.0,2023-06-01
417,2023-06-01 12:20:00-04:00,6.809999942779541,6.815000057220459,6.809999942779541,6.815000057220459,1246,0.0,0.0,2023-06-01
418,2023-06-01 12:25:00-04:00,6.820000171661377,6.820000171661377,6.820000171661377,6.820000171661377,286,0.0,0.0,2023-06-01
419,2023-06-01 12:30:00-04:00,6.820000171661377,6.820000171661377,6.8125,6.815000057220459,1315,0.0,0.0,2023-06-01
420,2023-06-01 12:35:00-04:00,6.824999809265137,6.824999809265137,6.820000171661377,6.824999809265137,1495,0.0,0.0,2023-06-01
421,2023-06-01 12:40:00-04:00,6.824999809265137,6.840000152587891,6.822500228881836,6.840000152587891,3705,0.0,0.0,2023-06-01
422,2023-06-01 12:45:00-04:00,6.84499979019165,6.860000133514404,6.84250020980835,6.860000133514404,4523,0.0,0.0,2023-06-01
423,2023-06-01 12:50:00-04:00,6.864999771118164,6.880000114440918,6.860000133514404,6.869999885559082,8555,0.0,0.0,2023-06-01
424,2023-06-01 12:55:00-04:00,6.864999771118164,6.864999771118164,6.821100234985352,6.824999809265137,5064,0.0,0.0,2023-06-01
425,2023-06-01 13:00:00-04:00,6.829999923706055,6.835000038146973,6.829999923706055,6.829999923706055,1557,0.0,0.0,2023-06-01
426,2023-06-01 13:05:00-04:00,6.840000152587891,6.84499979019165,6.840000152587891,6.84499979019165,1629,0.0,0.0,2023-06-01
427,2023-06-01 13:10:00-04:00,6.840000152587891,6.849999904632568,6.840000152587891,6.849999904632568,884,0.0,0.0,2023-06-01
428,2023-06-01 13:15:00-04:00,6.860000133514404,6.860000133514404,6.849999904632568,6.849999904632568,882,0.0,0.0,2023-06-01
429,2023-06-01 13:20:00-04:00,6.849999904632568,6.864999771118164,6.849999904632568,6.860000133514404,2577,0.0,0.0,2023-06-01
430,2023-06-01 13:25:00-04:00,6.864999771118164,6.864999771118164,6.860000133514404,6.864999771118164,1170,0.0,0.0,2023-06-01
431,2023-06-01 13:30:00-04:00,6.864999771118164,6.864999771118164,6.864999771118164,6.864999771118164,839,0.0,0.0,2023-06-01
432,2023-06-01 13:35:00-04:00,6.864999771118164,6.864999771118164,6.862500190734863,6.862500190734863,1337,0.0,0.0,2023-06-01
433,2023-06-01 13:40:00-04:00,6.864999771118164,6.875,6.864999771118164,6.869999885559082,1824,0.0,0.0,2023-06-01
434,2023-06-01 13:45:00-04:00,6.880000114440918,6.880000114440918,6.872499942779541,6.875,1210,0.0,0.0,2023-06-01
435,2023-06-01 13:50:00-04:00,6.875,6.875,6.869999885559082,6.869999885559082,3769,0.0,0.0,2023-06-01
436,2023-06-01 13:55:00-04:00,6.869999885559082,6.880000114440918,6.864999771118164,6.880000114440918,2575,0.0,0.0,2023-06-01
437,2023-06-01 14:00:00-04:00,6.875,6.880000114440918,6.855000019073486,6.855000019073486,2193,0.0,0.0,2023-06-01
438,2023-06-01 14:05:00-04:00,6.855000019073486,6.864999771118164,6.852499961853027,6.864999771118164,2293,0.0,0.0,2023-06-01
439,2023-06-01 14:10:00-04:00,6.864999771118164,6.880000114440918,6.864999771118164,6.880000114440918,2093,0.0,0.0,2023-06-01
440,2023-06-01 14:15:00-04:00,6.869999885559082,6.875,6.860000133514404,6.860000133514404,2531,0.0,0.0,2023-06-01
441,2023-06-01 14:20:00-04:00,6.849999904632568,6.860000133514404,6.849999904632568,6.860000133514404,1359,0.0,0.0,2023-06-01
442,2023-06-01 14:25:00-04:00,6.8597002029418945,6.8597002029418945,6.849999904632568,6.855000019073486,2007,0.0,0.0,2023-06-01
443,2023-06-01 14:30:00-04:00,6.855000019073486,6.855000019073486,6.849999904632568,6.855000019073486,1323,0.0,0.0,2023-06-01
444,2023-06-01 14:35:00-04:00,6.855000019073486,6.855000019073486,6.840000152587891,6.84499979019165,2593,0.0,0.0,2023-06-01
445,2023-06-01 14:40:00-04:00,6.84499979019165,6.855000019073486,6.84499979019165,6.855000019073486,2208,0.0,0.0,2023-06-01
446,2023-06-01 14:45:00-04:00,6.855000019073486,6.855000019073486,6.849999904632568,6.849999904632568,1474,0.0,0.0,2023-06-01
447,2023-06-01 14:50:00-04:00,6.84499979019165,6.855000019073486,6.84250020980835,6.855000019073486,2857,0.0,0.0,2023-06-01
448,2023-06-01 14:55:00-04:00,6.855000019073486,6.855000019073486,6.849999904632568,6.855000019073486,1408,0.0,0.0,2023-06-01
449,2023-06-01 15:00:00-04:00,6.855000019073486,6.855000019073486,6.855000019073486,6.855000019073486,306,0.0,0.0,2023-06-01
450,2023-06-01 15:05:00-04:00,6.860000133514404,6.864999771118164,6.860000133514404,6.860000133514404,3248,0.0,0.0,2023-06-01
451,2023-06-01 15:10:00-04:00,6.860000133514404,6.864999771118164,6.860000133514404,6.864999771118164,1437,0.0,0.0,2023-06-01
452,2023-06-01 15:15:00-04:00,6.864999771118164,6.864999771118164,6.860000133514404,6.864999771118164,1865,0.0,0.0,2023-06-01
453,2023-06-01 15:20:00-04:00,6.862500190734863,6.864999771118164,6.862500190734863,6.864999771118164,2273,0.0,0.0,2023-06-01
454,2023-06-01 15:25:00-04:00,6.864999771118164,6.869999885559082,6.860000133514404,6.860000133514404,4859,0.0,0.0,2023-06-01
455,2023-06-01 15:30:00-04:00,6.855000019073486,6.860000133514404,6.824999809265137,6.84499979019165,10175,0.0,0.0,2023-06-01
456,2023-06-01 15:35:00-04:00,6.840000152587891,6.849999904632568,6.829999923706055,6.840000152587891,3045,0.0,0.0,2023-06-01
457,2023-06-01 15:40:00-04:00,6.84499979019165,6.849999904632568,6.840000152587891,6.84499979019165,3259,0.0,0.0,2023-06-01
458,2023-06-01 15:45:00-04:00,6.84499979019165,6.860000133514404,6.84499979019165,6.855000019073486,7027,0.0,0.0,2023-06-01
459,2023-06-01 15:50:00-04:00,6.849999904632568,6.855000019073486,6.820000171661377,6.820000171661377,10957,0.0,0.0,2023-06-01
460,2023-06-01 15:55:00-04:00,6.824999809265137,6.840000152587891,6.820000171661377,6.820000171661377,37394,0.0,0.0,2023-06-01
461,2023-06-02 09:30:00-04:00,6.900000095367432,6.96999979019165,6.824999809265137,6.860000133514404,12460,0.0,0.0,2023-06-02
462,2023-06-02 09:35:00-04:00,6.860000133514404,6.860000133514404,6.860000133514404,6.860000133514404,2540,0.0,0.0,2023-06-02
463,2023-06-02 09:40:00-04:00,6.860000133514404,6.869999885559082,6.849999904632568,6.869999885559082,7826,0.0,0.0,2023-06-02
464,2023-06-02 09:45:00-04:00,6.880000114440918,6.889999866485596,6.869999885559082,6.889999866485596,3397,0.0,0.0,2023-06-02
465,2023-06-02 09:50:00-04:00,6.885000228881836,6.885000228881836,6.849999904632568,6.849999904632568,2846,0.0,0.0,2023-06-02
466,2023-06-02 09:55:00-04:00,6.849999904632568,6.875,6.840000152587891,6.849999904632568,2694,0.0,0.0,2023-06-02
467,2023-06-02 10:00:00-04:00,6.840000152587891,6.869999885559082,6.840000152587891,6.860000133514404,7431,0.0,0.0,2023-06-02
468,2023-06-02 10:05:00-04:00,6.860000133514404,6.880000114440918,6.860000133514404,6.869999885559082,1873,0.0,0.0,2023-06-02
469,2023-06-02 10:10:00-04:00,6.880000114440918,6.90500020980835,6.869999885559082,6.90500020980835,4987,0.0,0.0,2023-06-02
470,2023-06-02 10:15:00-04:00,6.909999847412109,6.914999961853027,6.889999866485596,6.894999980926514,2710,0.0,0.0,2023-06-02
471,2023-06-02 10:20:00-04:00,6.900000095367432,6.925000190734863,6.900000095367432,6.920000076293945,2181,0.0,0.0,2023-06-02
472,2023-06-02 10:25:00-04:00,6.929999828338623,6.974999904632568,6.929999828338623,6.96999979019165,2454,0.0,0.0,2023-06-02
473,2023-06-02 10:30:00-04:00,6.965000152587891,6.965000152587891,6.925000190734863,6.940000057220459,4832,0.0,0.0,2023-06-02
474,2023-06-02 10:35:00-04:00,6.945000171661377,6.958000183105469,6.880199909210205,6.949999809265137,16564,0.0,0.0,2023-06-02
475,2023-06-02 10:40:00-04:00,6.949999809265137,6.960000038146973,6.940000057220459,6.949999809265137,6018,0.0,0.0,2023-06-02
476,2023-06-02 10:45:00-04:00,6.949999809265137,6.989999771118164,6.949999809265137,6.989999771118164,2124,0.0,0.0,2023-06-02
477,2023-06-02 10:50:00-04:00,6.989999771118164,7.0,6.980000019073486,6.980000019073486,2829,0.0,0.0,2023-06-02
478,2023-06-02 10:55:00-04:00,6.980000019073486,6.985000133514404,6.960000038146973,6.960000038146973,6869,0.0,0.0,2023-06-02
479,2023-06-02 11:00:00-04:00,6.960000038146973,6.96999979019165,6.933300018310547,6.949999809265137,18478,0.0,0.0,2023-06-02
480,2023-06-02 11:05:00-04:00,6.960000038146973,7.005000114440918,6.960000038146973,7.005000114440918,4235,0.0,0.0,2023-06-02
481,2023-06-02 11:10:00-04:00,7.0,7.014999866485596,7.0,7.010000228881836,1843,0.0,0.0,2023-06-02
482,2023-06-02 11:15:00-04:00,7.010000228881836,7.010000228881836,6.989999771118164,6.994999885559082,3049,0.0,0.0,2023-06-02
483,2023-06-02 11:20:00-04:00,7.0,7.005000114440918,6.989999771118164,7.005000114440918,3237,0.0,0.0,2023-06-02
484,2023-06-02 11:25:00-04:00,7.005000114440918,7.014999866485596,7.005000114440918,7.014999866485596,1672,0.0,0.0,2023-06-02
485,2023-06-02 11:30:00-04:00,7.014999866485596,7.03000020980835,7.014999866485596,7.025000095367432,1661,0.0,0.0,2023-06-02
486,2023-06-02 11:35:00-04:00,7.025000095367432,7.045000076293945,7.025000095367432,7.034999847412109,3003,0.0,0.0,2023-06-02
487,2023-06-02 11:40:00-04:00,7.037799835205078,7.039999961853027,7.010000228881836,7.010000228881836,3872,0.0,0.0,2023-06-02
488,2023-06-02 11:45:00-04:00,7.010000228881836,7.025000095367432,7.0,7.025000095367432,6525,0.0,0.0,2023-06-02
489,2023-06-02 11:50:00-04:00,7.025000095367432,7.065000057220459,7.025000095367432,7.065000057220459,16529,0.0,0.0,2023-06-02
490,2023-06-02 11:55:00-04:00,7.079999923706055,7.090000152587891,6.972599983215332,7.045000076293945,28494,0.0,0.0,2023-06-02
491,2023-06-02 12:00:00-04:00,7.045000076293945,7.045000076293945,7.034999847412109,7.034999847412109,1711,0.0,0.0,2023-06-02
492,2023-06-02 12:05:00-04:00,7.034999847412109,7.049900054931641,7.034999847412109,7.045000076293945,1309,0.0,0.0,2023-06-02
493,2023-06-02 12:10:00-04:00,7.050000190734863,7.050000190734863,7.045000076293945,7.045000076293945,1315,0.0,0.0,2023-06-02
494,2023-06-02 12:15:00-04:00,7.050000190734863,7.059999942779541,7.039999961853027,7.059999942779541,10042,0.0,0.0,2023-06-02
495,2023-06-02 12:20:00-04:00,7.065000057220459,7.099999904632568,7.065000057220459,7.079999923706055,7150,0.0,0.0,2023-06-02
496,2023-06-02 12:25:00-04:00,7.070000171661377,7.070000171661377,7.050000190734863,7.065000057220459,5337,0.0,0.0,2023-06-02
497,2023-06-02 12:30:00-04:00,7.074999809265137,7.074999809265137,7.059999942779541,7.070000171661377,2625,0.0,0.0,2023-06-02
498,2023-06-02 12:35:00-04:00,7.079999923706055,7.085000038146973,7.065000057220459,7.079999923706055,2409,0.0,0.0,2023-06-02
499,2023-06-02 12:40:00-04:00,7.074999809265137,7.079999923706055,7.059999942779541,7.070000171661377,2783,0.0,0.0,2023-06-02
500,2023-06-02 12:45:00-04:00,7.070000171661377,7.085000038146973,7.023799896240234,7.065000057220459,28959,0.0,0.0,2023-06-02
501,2023-06-02 12:50:00-04:00,7.065000057220459,7.070000171661377,7.050000190734863,7.050000190734863,1868,0.0,0.0,2023-06-02
502,2023-06-02 12:55:00-04:00,7.059999942779541,7.070000171661377,7.059999942779541,7.059999942779541,867,0.0,0.0,2023-06-02
503,2023-06-02 13:00:00-04:00,7.065000057220459,7.070000171661377,7.059999942779541,7.065000057220459,5175,0.0,0.0,2023-06-02
504,2023-06-02 13:05:00-04:00,7.067999839782715,7.09499979019165,7.065000057220459,7.065000057220459,13529,0.0,0.0,2023-06-02
505,2023-06-02 13:10:00-04:00,7.065000057220459,7.074999809265137,7.065000057220459,7.074999809265137,1105,0.0,0.0,2023-06-02
506,2023-06-02 13:15:00-04:00,7.079999923706055,7.110000133514404,7.074999809265137,7.105000019073486,4313,0.0,0.0,2023-06-02
507,2023-06-02 13:20:00-04:00,7.105000019073486,7.110000133514404,7.105000019073486,7.110000133514404,2331,0.0,0.0,2023-06-02
508,2023-06-02 13:25:00-04:00,7.110000133514404,7.110000133514404,7.105000019073486,7.110000133514404,2350,0.0,0.0,2023-06-02
509,2023-06-02 13:30:00-04:00,7.119999885559082,7.125,7.114999771118164,7.114999771118164,1454,0.0,0.0,2023-06-02
510,2023-06-02 13:35:00-04:00,7.119999885559082,7.130000114440918,7.114999771118164,7.130000114440918,1328,0.0,0.0,2023-06-02
511,2023-06-02 13:40:00-04:00,7.130000114440918,7.139999866485596,7.125,7.130000114440918,2966,0.0,0.0,2023-06-02
512,2023-06-02 13:45:00-04:00,7.130000114440918,7.144999980926514,7.060699939727783,7.139999866485596,18752,0.0,0.0,2023-06-02
513,2023-06-02 13:50:00-04:00,7.139999866485596,7.150000095367432,7.139999866485596,7.144999980926514,1598,0.0,0.0,2023-06-02
514,2023-06-02 13:55:00-04:00,7.150000095367432,7.150000095367432,7.144999980926514,7.1479997634887695,2463,0.0,0.0,2023-06-02
515,2023-06-02 14:00:00-04:00,7.150000095367432,7.150000095367432,7.139999866485596,7.150000095367432,4668,0.0,0.0,2023-06-02
516,2023-06-02 14:05:00-04:00,7.139999866485596,7.139999866485596,7.125,7.139999866485596,2468,0.0,0.0,2023-06-02
517,2023-06-02 14:10:00-04:00,7.135000228881836,7.150000095367432,7.135000228881836,7.135000228881836,2777,0.0,0.0,2023-06-02
518,2023-06-02 14:15:00-04:00,7.139999866485596,7.159999847412109,7.139999866485596,7.159999847412109,1615,0.0,0.0,2023-06-02
519,2023-06-02 14:20:00-04:00,7.159999847412109,7.159999847412109,7.15500020980835,7.159999847412109,3119,0.0,0.0,2023-06-02
520,2023-06-02 14:25:00-04:00,7.159999847412109,7.159999847412109,7.15500020980835,7.15500020980835,1267,0.0,0.0,2023-06-02
521,2023-06-02 14:30:00-04:00,7.159999847412109,7.179999828338623,7.159999847412109,7.179999828338623,2247,0.0,0.0,2023-06-02
522,2023-06-02 14:35:00-04:00,7.190000057220459,7.210000038146973,7.190000057220459,7.204999923706055,1969,0.0,0.0,2023-06-02
523,2023-06-02 14:40:00-04:00,7.204999923706055,7.204999923706055,7.1529998779296875,7.179999828338623,26007,0.0,0.0,2023-06-02
524,2023-06-02 14:45:00-04:00,7.179999828338623,7.184999942779541,7.175000190734863,7.184999942779541,1482,0.0,0.0,2023-06-02
525,2023-06-02 14:50:00-04:00,7.184800148010254,7.184999942779541,7.170000076293945,7.170000076293945,2481,0.0,0.0,2023-06-02
526,2023-06-02 14:55:00-04:00,7.175000190734863,7.175000190734863,7.170000076293945,7.175000190734863,1057,0.0,0.0,2023-06-02
527,2023-06-02 15:00:00-04:00,7.175000190734863,7.179999828338623,7.175000190734863,7.175000190734863,1590,0.0,0.0,2023-06-02
528,2023-06-02 15:05:00-04:00,7.175000190734863,7.195000171661377,7.170000076293945,7.195000171661377,10988,0.0,0.0,2023-06-02
529,2023-06-02 15:10:00-04:00,7.195000171661377,7.199999809265137,7.191299915313721,7.195000171661377,9527,0.0,0.0,2023-06-02
530,2023-06-02 15:15:00-04:00,7.195000171661377,7.199999809265137,7.190000057220459,7.190000057220459,1552,0.0,0.0,2023-06-02
531,2023-06-02 15:20:00-04:00,7.190000057220459,7.190000057220459,7.179999828338623,7.179999828338623,5343,0.0,0.0,2023-06-02
532,2023-06-02 15:25:00-04:00,7.179999828338623,7.204999923706055,7.179999828338623,7.204999923706055,7349,0.0,0.0,2023-06-02
533,2023-06-02 15:30:00-04:00,7.204999923706055,7.210000038146973,7.199999809265137,7.204999923706055,2136,0.0,0.0,2023-06-02
534,2023-06-02 15:35:00-04:00,7.199999809265137,7.210000038146973,7.199999809265137,7.204999923706055,3495,0.0,0.0,2023-06-02
535,2023-06-02 15:40:00-04:00,7.204999923706055,7.215000152587891,7.199999809265137,7.199999809265137,9839,0.0,0.0,2023-06-02
536,2023-06-02 15:45:00-04:00,7.199999809265137,7.199999809265137,7.179999828338623,7.184999942779541,5968,0.0,0.0,2023-06-02
537,2023-06-02 15:50:00-04:00,7.184999942779541,7.204999923706055,7.184999942779541,7.195000171661377,15609,0.0,0.0,2023-06-02
538,2023-06-02 15:55:00-04:00,7.199999809265137,7.210000038146973,7.179999828338623,7.184999942779541,37035,0.0,0.0,2023-06-02
539,2023-06-05 09:30:00-04:00,7.170000076293945,7.170000076293945,7.130000114440918,7.159999847412109,5489,0.0,0.0,2023-06-05
540,2023-06-05 09:35:00-04:00,7.179999828338623,7.179999828338623,7.139999866485596,7.139999866485596,3462,0.0,0.0,2023-06-05
541,2023-06-05 09:40:00-04:00,7.119999885559082,7.130000114440918,7.099999904632568,7.130000114440918,2415,0.0,0.0,2023-06-05
542,2023-06-05 09:45:00-04:00,7.130000114440918,7.150000095367432,7.119999885559082,7.150000095367432,2771,0.0,0.0,2023-06-05
543,2023-06-05 09:50:00-04:00,7.139999866485596,7.139999866485596,7.139999866485596,7.139999866485596,618,0.0,0.0,2023-06-05
544,2023-06-05 09:55:00-04:00,7.150000095367432,7.150000095367432,7.119999885559082,7.139999866485596,3633,0.0,0.0,2023-06-05
545,2023-06-05 10:00:00-04:00,7.139999866485596,7.150000095367432,7.114999771118164,7.119999885559082,3623,0.0,0.0,2023-06-05
546,2023-06-05 10:05:00-04:00,7.110000133514404,7.110000133514404,7.068999767303467,7.070000171661377,3209,0.0,0.0,2023-06-05
547,2023-06-05 10:10:00-04:00,7.059999942779541,7.065000057220459,7.045000076293945,7.054999828338623,3265,0.0,0.0,2023-06-05
548,2023-06-05 10:15:00-04:00,7.059999942779541,7.074999809265137,7.059999942779541,7.070000171661377,3851,0.0,0.0,2023-06-05
549,2023-06-05 10:20:00-04:00,7.074999809265137,7.079999923706055,7.070000171661377,7.074999809265137,3883,0.0,0.0,2023-06-05
550,2023-06-05 10:25:00-04:00,7.070000171661377,7.070000171661377,7.059999942779541,7.059999942779541,2769,0.0,0.0,2023-06-05
551,2023-06-05 10:30:00-04:00,7.059999942779541,7.070000171661377,7.039999961853027,7.045000076293945,11743,0.0,0.0,2023-06-05
552,2023-06-05 10:35:00-04:00,7.034999847412109,7.050000190734863,7.034999847412109,7.050000190734863,1835,0.0,0.0,2023-06-05
553,2023-06-05 10:40:00-04:00,7.045000076293945,7.054999828338623,7.045000076293945,7.054999828338623,1259,0.0,0.0,2023-06-05
554,2023-06-05 10:45:00-04:00,7.054999828338623,7.074999809265137,7.054999828338623,7.074999809265137,2129,0.0,0.0,2023-06-05
555,2023-06-05 10:50:00-04:00,7.085000038146973,7.085000038146973,7.074999809265137,7.074999809265137,2453,0.0,0.0,2023-06-05
556,2023-06-05 10:55:00-04:00,7.074999809265137,7.074999809265137,7.059999942779541,7.065000057220459,1816,0.0,0.0,2023-06-05
557,2023-06-05 11:00:00-04:00,7.065000057220459,7.090000152587891,7.065000057220459,7.074999809265137,3823,0.0,0.0,2023-06-05
558,2023-06-05 11:05:00-04:00,7.074999809265137,7.074999809265137,7.074999809265137,7.074999809265137,1073,0.0,0.0,2023-06-05
559,2023-06-05 11:10:00-04:00,7.074999809265137,7.074999809265137,7.070000171661377,7.074999809265137,1430,0.0,0.0,2023-06-05
560,2023-06-05 11:15:00-04:00,7.074999809265137,7.074999809265137,7.074999809265137,7.074999809265137,726,0.0,0.0,2023-06-05
561,2023-06-05 11:20:00-04:00,7.074999809265137,7.074999809265137,7.070000171661377,7.074999809265137,1441,0.0,0.0,2023-06-05
562,2023-06-05 11:25:00-04:00,7.074999809265137,7.074999809265137,7.074999809265137,7.074999809265137,1538,0.0,0.0,2023-06-05
563,2023-06-05 11:30:00-04:00,7.074999809265137,7.074999809265137,7.074999809265137,7.074999809265137,784,0.0,0.0,2023-06-05
564,2023-06-05 11:35:00-04:00,7.074999809265137,7.074999809265137,7.070000171661377,7.074999809265137,1098,0.0,0.0,2023-06-05
565,2023-06-05 11:40:00-04:00,7.074999809265137,7.074999809265137,7.074999809265137,7.074999809265137,1543,0.0,0.0,2023-06-05
566,2023-06-05 11:45:00-04:00,7.074999809265137,7.074999809265137,7.074999809265137,7.074999809265137,1014,0.0,0.0,2023-06-05
567,2023-06-05 11:50:00-04:00,7.074999809265137,7.074999809265137,7.065000057220459,7.065000057220459,2718,0.0,0.0,2023-06-05
568,2023-06-05 11:55:00-04:00,7.065000057220459,7.065000057220459,7.059999942779541,7.065000057220459,830,0.0,0.0,2023-06-05
569,2023-06-05 12:00:00-04:00,7.065000057220459,7.074999809265137,7.065000057220459,7.074999809265137,2314,0.0,0.0,2023-06-05
570,2023-06-05 12:05:00-04:00,7.074999809265137,7.079999923706055,7.074999809265137,7.079999923706055,2888,0.0,0.0,2023-06-05
571,2023-06-05 12:10:00-04:00,7.074999809265137,7.085000038146973,7.074999809265137,7.085000038146973,2583,0.0,0.0,2023-06-05
572,2023-06-05 12:15:00-04:00,7.085000038146973,7.085000038146973,7.085000038146973,7.085000038146973,725,0.0,0.0,2023-06-05
573,2023-06-05 12:20:00-04:00,7.085000038146973,7.085000038146973,7.085000038146973,7.085000038146973,927,0.0,0.0,2023-06-05
574,2023-06-05 12:25:00-04:00,7.085000038146973,7.099999904632568,7.079999923706055,7.09499979019165,3722,0.0,0.0,2023-06-05
575,2023-06-05 12:30:00-04:00,7.09499979019165,7.09499979019165,7.085000038146973,7.085000038146973,6584,0.0,0.0,2023-06-05
576,2023-06-05 12:35:00-04:00,7.085000038146973,7.085000038146973,7.085000038146973,7.085000038146973,986,0.0,0.0,2023-06-05
577,2023-06-05 12:40:00-04:00,7.085000038146973,7.088900089263916,7.085000038146973,7.085000038146973,1643,0.0,0.0,2023-06-05
578,2023-06-05 12:45:00-04:00,7.085000038146973,7.09499979019165,7.085000038146973,7.09499979019165,2698,0.0,0.0,2023-06-05
579,2023-06-05 12:50:00-04:00,7.09499979019165,7.105000019073486,7.09499979019165,7.099999904632568,4433,0.0,0.0,2023-06-05
580,2023-06-05 12:55:00-04:00,7.09499979019165,7.09499979019165,7.09499979019165,7.09499979019165,862,0.0,0.0,2023-06-05
581,2023-06-05 13:00:00-04:00,7.09499979019165,7.09499979019165,7.085000038146973,7.085000038146973,1620,0.0,0.0,2023-06-05
582,2023-06-05 13:05:00-04:00,7.085000038146973,7.085000038146973,7.079999923706055,7.085000038146973,824,0.0,0.0,2023-06-05
583,2023-06-05 13:10:00-04:00,7.085000038146973,7.085000038146973,7.074999809265137,7.074999809265137,1572,0.0,0.0,2023-06-05
584,2023-06-05 13:15:00-04:00,7.074999809265137,7.074999809265137,7.070000171661377,7.074999809265137,1373,0.0,0.0,2023-06-05
585,2023-06-05 13:20:00-04:00,7.074999809265137,7.074999809265137,7.074999809265137,7.074999809265137,834,0.0,0.0,2023-06-05
586,2023-06-05 13:25:00-04:00,7.074999809265137,7.074999809265137,7.070000171661377,7.070000171661377,2484,0.0,0.0,2023-06-05
587,2023-06-05 13:30:00-04:00,7.065000057220459,7.065000057220459,7.059999942779541,7.065000057220459,744,0.0,0.0,2023-06-05
588,2023-06-05 13:35:00-04:00,7.065000057220459,7.065000057220459,7.045000076293945,7.045000076293945,2272,0.0,0.0,2023-06-05
589,2023-06-05 13:40:00-04:00,7.045000076293945,7.045000076293945,7.042500019073486,7.042500019073486,810,0.0,0.0,2023-06-05
590,2023-06-05 13:45:00-04:00,7.050000190734863,7.054999828338623,7.045000076293945,7.054999828338623,3838,0.0,0.0,2023-06-05
591,2023-06-05 13:50:00-04:00,7.054999828338623,7.054999828338623,7.050000190734863,7.050000190734863,1214,0.0,0.0,2023-06-05
592,2023-06-05 13:55:00-04:00,7.054999828338623,7.054999828338623,7.050000190734863,7.050000190734863,1565,0.0,0.0,2023-06-05
593,2023-06-05 14:00:00-04:00,7.054999828338623,7.054999828338623,7.050000190734863,7.054999828338623,869,0.0,0.0,2023-06-05
594,2023-06-05 14:05:00-04:00,7.054999828338623,7.054999828338623,7.039999961853027,7.045000076293945,2149,0.0,0.0,2023-06-05
595,2023-06-05 14:10:00-04:00,7.045000076293945,7.045000076293945,7.045000076293945,7.045000076293945,521,0.0,0.0,2023-06-05
596,2023-06-05 14:15:00-04:00,7.045000076293945,7.045000076293945,7.045000076293945,7.045000076293945,1353,0.0,0.0,2023-06-05
597,2023-06-05 14:20:00-04:00,7.045000076293945,7.045000076293945,7.045000076293945,7.045000076293945,1396,0.0,0.0,2023-06-05
598,2023-06-05 14:25:00-04:00,7.045000076293945,7.045000076293945,7.034999847412109,7.034999847412109,2046,0.0,0.0,2023-06-05
599,2023-06-05 14:30:00-04:00,7.034999847412109,7.034999847412109,7.005000114440918,7.005000114440918,3540,0.0,0.0,2023-06-05
600,2023-06-05 14:35:00-04:00,7.005000114440918,7.014999866485596,7.005000114440918,7.014999866485596,3000,0.0,0.0,2023-06-05
601,2023-06-05 14:40:00-04:00,7.014999866485596,7.017499923706055,7.010000228881836,7.014999866485596,2077,0.0,0.0,2023-06-05
602,2023-06-05 14:45:00-04:00,7.014999866485596,7.014999866485596,7.014999866485596,7.014999866485596,985,0.0,0.0,2023-06-05
603,2023-06-05 14:50:00-04:00,7.010000228881836,7.010000228881836,7.0,7.005000114440918,5151,0.0,0.0,2023-06-05
604,2023-06-05 14:55:00-04:00,7.005000114440918,7.007500171661377,7.005000114440918,7.005000114440918,1346,0.0,0.0,2023-06-05
605,2023-06-05 15:00:00-04:00,7.005000114440918,7.005000114440918,7.0,7.005000114440918,1598,0.0,0.0,2023-06-05
606,2023-06-05 15:05:00-04:00,7.005000114440918,7.005000114440918,7.005000114440918,7.005000114440918,1256,0.0,0.0,2023-06-05
607,2023-06-05 15:10:00-04:00,7.005000114440918,7.005000114440918,7.005000114440918,7.005000114440918,1495,0.0,0.0,2023-06-05
608,2023-06-05 15:15:00-04:00,7.005000114440918,7.005000114440918,7.0,7.005000114440918,1520,0.0,0.0,2023-06-05
609,2023-06-05 15:20:00-04:00,7.005000114440918,7.005000114440918,7.0,7.0,1503,0.0,0.0,2023-06-05
610,2023-06-05 15:25:00-04:00,7.005000114440918,7.005000114440918,6.989999771118164,6.994999885559082,2555,0.0,0.0,2023-06-05
611,2023-06-05 15:30:00-04:00,6.994999885559082,6.994999885559082,6.985000133514404,6.985000133514404,2591,0.0,0.0,2023-06-05
612,2023-06-05 15:35:00-04:00,6.985000133514404,7.005000114440918,6.980000019073486,7.005000114440918,7099,0.0,0.0,2023-06-05
613,2023-06-05 15:40:00-04:00,7.005000114440918,7.03000020980835,7.005000114440918,7.025000095367432,9783,0.0,0.0,2023-06-05
614,2023-06-05 15:45:00-04:00,7.025000095367432,7.03000020980835,7.019999980926514,7.028600215911865,5024,0.0,0.0,2023-06-05
615,2023-06-05 15:50:00-04:00,7.03000020980835,7.050000190734863,7.019999980926514,7.045000076293945,11820,0.0,0.0,2023-06-05
616,2023-06-05 15:55:00-04:00,7.045000076293945,7.050000190734863,7.019999980926514,7.025000095367432,26556,0.0,0.0,2023-06-05
617,2023-06-06 09:30:00-04:00,7.03000020980835,7.050000190734863,7.019999980926514,7.039999961853027,2031,0.0,0.0,2023-06-06
618,2023-06-06 09:35:00-04:00,7.090000152587891,7.119999885559082,7.090000152587891,7.119999885559082,1112,0.0,0.0,2023-06-06
619,2023-06-06 09:40:00-04:00,7.119999885559082,7.119999885559082,7.110000133514404,7.110000133514404,1329,0.0,0.0,2023-06-06
620,2023-06-06 09:45:00-04:00,7.105000019073486,7.130000114440918,7.105000019073486,7.119999885559082,3537,0.0,0.0,2023-06-06
621,2023-06-06 09:50:00-04:00,7.110000133514404,7.110000133514404,7.090000152587891,7.110000133514404,2722,0.0,0.0,2023-06-06
622,2023-06-06 09:55:00-04:00,7.114999771118164,7.114999771118164,7.114999771118164,7.114999771118164,393,0.0,0.0,2023-06-06
623,2023-06-06 10:00:00-04:00,7.114999771118164,7.139999866485596,7.114999771118164,7.130000114440918,6488,0.0,0.0,2023-06-06
624,2023-06-06 10:05:00-04:00,7.125,7.167500019073486,7.125,7.164999961853027,6341,0.0,0.0,2023-06-06
625,2023-06-06 10:10:00-04:00,7.170000076293945,7.204999923706055,7.164999961853027,7.199999809265137,5636,0.0,0.0,2023-06-06
626,2023-06-06 10:15:00-04:00,7.199999809265137,7.199999809265137,7.190000057220459,7.195000171661377,2737,0.0,0.0,2023-06-06
627,2023-06-06 10:20:00-04:00,7.210000038146973,7.215000152587891,7.204999923706055,7.215000152587891,2482,0.0,0.0,2023-06-06
628,2023-06-06 10:25:00-04:00,7.215000152587891,7.224999904632568,7.215000152587891,7.215000152587891,5846,0.0,0.0,2023-06-06
629,2023-06-06 10:30:00-04:00,7.21999979019165,7.224999904632568,7.215000152587891,7.21999979019165,3207,0.0,0.0,2023-06-06
630,2023-06-06 10:35:00-04:00,7.210000038146973,7.21999979019165,7.179999828338623,7.179999828338623,10747,0.0,0.0,2023-06-06
631,2023-06-06 10:40:00-04:00,7.190000057220459,7.190000057220459,7.179999828338623,7.179999828338623,2513,0.0,0.0,2023-06-06
632,2023-06-06 10:45:00-04:00,7.175000190734863,7.190000057220459,7.170000076293945,7.184999942779541,5940,0.0,0.0,2023-06-06
633,2023-06-06 10:50:00-04:00,7.190000057220459,7.190000057220459,7.179999828338623,7.184999942779541,8186,0.0,0.0,2023-06-06
634,2023-06-06 10:55:00-04:00,7.184999942779541,7.195000171661377,7.175000190734863,7.195000171661377,3846,0.0,0.0,2023-06-06
635,2023-06-06 11:00:00-04:00,7.199999809265137,7.210000038146973,7.199999809265137,7.204999923706055,2686,0.0,0.0,2023-06-06
636,2023-06-06 11:05:00-04:00,7.204999923706055,7.21999979019165,7.199999809265137,7.199999809265137,2768,0.0,0.0,2023-06-06
637,2023-06-06 11:10:00-04:00,7.210000038146973,7.210100173950195,7.210000038146973,7.210100173950195,4417,0.0,0.0,2023-06-06
638,2023-06-06 11:15:00-04:00,7.211999893188477,7.230000019073486,7.211999893188477,7.224999904632568,3521,0.0,0.0,2023-06-06
639,2023-06-06 11:20:00-04:00,7.235000133514404,7.235000133514404,7.184999942779541,7.184999942779541,6671,0.0,0.0,2023-06-06
640,2023-06-06 11:25:00-04:00,7.179999828338623,7.210000038146973,7.17080020904541,7.210000038146973,4489,0.0,0.0,2023-06-06
641,2023-06-06 11:30:00-04:00,7.204999923706055,7.210000038146973,7.195000171661377,7.210000038146973,3587,0.0,0.0,2023-06-06
642,2023-06-06 11:35:00-04:00,7.204999923706055,7.210000038146973,7.199999809265137,7.204999923706055,5709,0.0,0.0,2023-06-06
643,2023-06-06 11:40:00-04:00,7.210000038146973,7.215000152587891,7.199999809265137,7.215000152587891,2078,0.0,0.0,2023-06-06
644,2023-06-06 11:45:00-04:00,7.21999979019165,7.230000019073486,7.210000038146973,7.210000038146973,4373,0.0,0.0,2023-06-06
645,2023-06-06 11:50:00-04:00,7.215000152587891,7.215000152587891,7.199999809265137,7.204999923706055,7177,0.0,0.0,2023-06-06
646,2023-06-06 11:55:00-04:00,7.204999923706055,7.210000038146973,7.204999923706055,7.204999923706055,1453,0.0,0.0,2023-06-06
647,2023-06-06 12:00:00-04:00,7.204999923706055,7.210000038146973,7.184999942779541,7.184999942779541,10694,0.0,0.0,2023-06-06
648,2023-06-06 12:05:00-04:00,7.184999942779541,7.184999942779541,7.170000076293945,7.175000190734863,1682,0.0,0.0,2023-06-06
649,2023-06-06 12:10:00-04:00,7.175000190734863,7.175000190734863,7.170000076293945,7.175000190734863,835,0.0,0.0,2023-06-06
650,2023-06-06 12:15:00-04:00,7.175000190734863,7.179999828338623,7.164999961853027,7.179999828338623,4362,0.0,0.0,2023-06-06
651,2023-06-06 12:20:00-04:00,7.179999828338623,7.190000057220459,7.179999828338623,7.184999942779541,3138,0.0,0.0,2023-06-06
652,2023-06-06 12:25:00-04:00,7.179999828338623,7.179999828338623,7.175000190734863,7.175000190734863,1274,0.0,0.0,2023-06-06
653,2023-06-06 12:30:00-04:00,7.175000190734863,7.175000190734863,7.175000190734863,7.175000190734863,1613,0.0,0.0,2023-06-06
654,2023-06-06 12:35:00-04:00,7.175000190734863,7.175000190734863,7.170000076293945,7.170000076293945,934,0.0,0.0,2023-06-06
655,2023-06-06 12:40:00-04:00,7.170000076293945,7.175000190734863,7.170000076293945,7.175000190734863,1631,0.0,0.0,2023-06-06
656,2023-06-06 12:45:00-04:00,7.175000190734863,7.190000057220459,7.175000190734863,7.175000190734863,5537,0.0,0.0,2023-06-06
657,2023-06-06 12:50:00-04:00,7.175000190734863,7.175000190734863,7.170000076293945,7.170000076293945,1725,0.0,0.0,2023-06-06
658,2023-06-06 12:55:00-04:00,7.164999961853027,7.164999961853027,7.164999961853027,7.164999961853027,860,0.0,0.0,2023-06-06
659,2023-06-06 13:00:00-04:00,7.164999961853027,7.170000076293945,7.164999961853027,7.170000076293945,484,0.0,0.0,2023-06-06
660,2023-06-06 13:05:00-04:00,7.159999847412109,7.179999828338623,7.159999847412109,7.170000076293945,8614,0.0,0.0,2023-06-06
661,2023-06-06 13:10:00-04:00,7.164999961853027,7.170000076293945,7.159999847412109,7.164999961853027,1154,0.0,0.0,2023-06-06
662,2023-06-06 13:15:00-04:00,7.164999961853027,7.164999961853027,7.159999847412109,7.159999847412109,1447,0.0,0.0,2023-06-06
663,2023-06-06 13:20:00-04:00,7.150000095367432,7.15500020980835,7.139999866485596,7.144999980926514,2810,0.0,0.0,2023-06-06
664,2023-06-06 13:25:00-04:00,7.144999980926514,7.159999847412109,7.135000228881836,7.15500020980835,5741,0.0,0.0,2023-06-06
665,2023-06-06 13:30:00-04:00,7.15500020980835,7.170000076293945,7.15500020980835,7.170000076293945,1473,0.0,0.0,2023-06-06
666,2023-06-06 13:35:00-04:00,7.164999961853027,7.199999809265137,7.164999961853027,7.199999809265137,2378,0.0,0.0,2023-06-06
667,2023-06-06 13:40:00-04:00,7.190000057220459,7.210000038146973,7.190000057220459,7.210000038146973,2146,0.0,0.0,2023-06-06
668,2023-06-06 13:45:00-04:00,7.215000152587891,7.224999904632568,7.210000038146973,7.210000038146973,3134,0.0,0.0,2023-06-06
669,2023-06-06 13:50:00-04:00,7.199999809265137,7.210000038146973,7.199999809265137,7.210000038146973,323,0.0,0.0,2023-06-06
670,2023-06-06 13:55:00-04:00,7.199999809265137,7.224999904632568,7.199999809265137,7.224999904632568,3433,0.0,0.0,2023-06-06
671,2023-06-06 14:00:00-04:00,7.224999904632568,7.230000019073486,7.215000152587891,7.215000152587891,4001,0.0,0.0,2023-06-06
672,2023-06-06 14:05:00-04:00,7.21999979019165,7.239999771118164,7.210000038146973,7.239999771118164,2757,0.0,0.0,2023-06-06
673,2023-06-06 14:10:00-04:00,7.235000133514404,7.25,7.235000133514404,7.25,1256,0.0,0.0,2023-06-06
674,2023-06-06 14:15:00-04:00,7.244999885559082,7.25,7.239999771118164,7.25,500,0.0,0.0,2023-06-06
675,2023-06-06 14:20:00-04:00,7.25,7.255000114440918,7.239999771118164,7.255000114440918,5783,0.0,0.0,2023-06-06
676,2023-06-06 14:25:00-04:00,7.255000114440918,7.255000114440918,7.21999979019165,7.244999885559082,13575,0.0,0.0,2023-06-06
677,2023-06-06 14:30:00-04:00,7.239999771118164,7.239999771118164,7.21999979019165,7.224999904632568,2897,0.0,0.0,2023-06-06
678,2023-06-06 14:35:00-04:00,7.230000019073486,7.230000019073486,7.215000152587891,7.224999904632568,3067,0.0,0.0,2023-06-06
679,2023-06-06 14:40:00-04:00,7.224999904632568,7.230000019073486,7.21999979019165,7.224999904632568,2370,0.0,0.0,2023-06-06
680,2023-06-06 14:45:00-04:00,7.230000019073486,7.230000019073486,7.224999904632568,7.224999904632568,1496,0.0,0.0,2023-06-06
681,2023-06-06 14:50:00-04:00,7.230000019073486,7.230000019073486,7.21999979019165,7.224999904632568,2217,0.0,0.0,2023-06-06
682,2023-06-06 14:55:00-04:00,7.224999904632568,7.239999771118164,7.224999904632568,7.239999771118164,7686,0.0,0.0,2023-06-06
683,2023-06-06 15:00:00-04:00,7.235000133514404,7.244999885559082,7.230000019073486,7.244999885559082,8192,0.0,0.0,2023-06-06
684,2023-06-06 15:05:00-04:00,7.244999885559082,7.244999885559082,7.235000133514404,7.244999885559082,2480,0.0,0.0,2023-06-06
685,2023-06-06 15:10:00-04:00,7.244999885559082,7.25,7.230000019073486,7.235000133514404,6906,0.0,0.0,2023-06-06
686,2023-06-06 15:15:00-04:00,7.235000133514404,7.239999771118164,7.235000133514404,7.235000133514404,1937,0.0,0.0,2023-06-06
687,2023-06-06 15:20:00-04:00,7.239999771118164,7.244999885559082,7.23799991607666,7.244999885559082,4711,0.0,0.0,2023-06-06
688,2023-06-06 15:25:00-04:00,7.25,7.25,7.235000133514404,7.235000133514404,5557,0.0,0.0,2023-06-06
689,2023-06-06 15:30:00-04:00,7.235000133514404,7.239999771118164,7.230000019073486,7.235000133514404,4464,0.0,0.0,2023-06-06
690,2023-06-06 15:35:00-04:00,7.235000133514404,7.239999771118164,7.21999979019165,7.21999979019165,5367,0.0,0.0,2023-06-06
691,2023-06-06 15:40:00-04:00,7.21999979019165,7.235000133514404,7.210000038146973,7.235000133514404,10918,0.0,0.0,2023-06-06
692,2023-06-06 15:45:00-04:00,7.235000133514404,7.239999771118164,7.21999979019165,7.21999979019165,14791,0.0,0.0,2023-06-06
693,2023-06-06 15:50:00-04:00,7.21999979019165,7.230000019073486,7.21999979019165,7.224999904632568,22811,0.0,0.0,2023-06-06
694,2023-06-06 15:55:00-04:00,7.230000019073486,7.230000019073486,7.210000038146973,7.210000038146973,40752,0.0,0.0,2023-06-06
695,2023-06-07 09:30:00-04:00,7.269999980926514,7.460000038146973,7.269999980926514,7.460000038146973,16039,0.0,0.0,2023-06-07
696,2023-06-07 09:35:00-04:00,7.460000038146973,7.519999980926514,7.449999809265137,7.489999771118164,16781,0.0,0.0,2023-06-07
697,2023-06-07 09:40:00-04:00,7.489999771118164,7.550000190734863,7.460000038146973,7.539999961853027,5301,0.0,0.0,2023-06-07
698,2023-06-07 09:45:00-04:00,7.545000076293945,7.545000076293945,7.510000228881836,7.5192999839782715,3751,0.0,0.0,2023-06-07
699,2023-06-07 09:50:00-04:00,7.510000228881836,7.570000171661377,7.510000228881836,7.559999942779541,6175,0.0,0.0,2023-06-07
700,2023-06-07 09:55:00-04:00,7.559999942779541,7.574999809265137,7.534999847412109,7.554999828338623,4097,0.0,0.0,2023-06-07
701,2023-06-07 10:00:00-04:00,7.559999942779541,7.565000057220459,7.519999980926514,7.53000020980835,4753,0.0,0.0,2023-06-07
702,2023-06-07 10:05:00-04:00,7.519999980926514,7.519999980926514,7.460000038146973,7.460000038146973,4220,0.0,0.0,2023-06-07
703,2023-06-07 10:10:00-04:00,7.494999885559082,7.5,7.46999979019165,7.46999979019165,3194,0.0,0.0,2023-06-07
704,2023-06-07 10:15:00-04:00,7.460000038146973,7.480000019073486,7.454999923706055,7.480000019073486,3697,0.0,0.0,2023-06-07
705,2023-06-07 10:20:00-04:00,7.485000133514404,7.53000020980835,7.485000133514404,7.489999771118164,8654,0.0,0.0,2023-06-07
706,2023-06-07 10:25:00-04:00,7.485000133514404,7.485000133514404,7.474999904632568,7.474999904632568,1552,0.0,0.0,2023-06-07
707,2023-06-07 10:30:00-04:00,7.480000019073486,7.494999885559082,7.46999979019165,7.474999904632568,5118,0.0,0.0,2023-06-07
708,2023-06-07 10:35:00-04:00,7.460000038146973,7.460000038146973,7.420000076293945,7.429999828338623,3409,0.0,0.0,2023-06-07
709,2023-06-07 10:40:00-04:00,7.449999809265137,7.480000019073486,7.440000057220459,7.440000057220459,5629,0.0,0.0,2023-06-07
710,2023-06-07 10:45:00-04:00,7.440000057220459,7.460000038146973,7.440000057220459,7.440000057220459,7749,0.0,0.0,2023-06-07
711,2023-06-07 10:50:00-04:00,7.429999828338623,7.430099964141846,7.420000076293945,7.420000076293945,16098,0.0,0.0,2023-06-07
712,2023-06-07 10:55:00-04:00,7.420000076293945,7.5,7.420000076293945,7.5,12627,0.0,0.0,2023-06-07
713,2023-06-07 11:00:00-04:00,7.494999885559082,7.494999885559082,7.449999809265137,7.449999809265137,5836,0.0,0.0,2023-06-07
714,2023-06-07 11:05:00-04:00,7.445000171661377,7.445000171661377,7.420000076293945,7.420000076293945,7293,0.0,0.0,2023-06-07
715,2023-06-07 11:10:00-04:00,7.429999828338623,7.440000057220459,7.420000076293945,7.431000232696533,10980,0.0,0.0,2023-06-07
716,2023-06-07 11:15:00-04:00,7.429999828338623,7.489999771118164,7.429999828338623,7.485000133514404,5012,0.0,0.0,2023-06-07
717,2023-06-07 11:20:00-04:00,7.480000019073486,7.480000019073486,7.46999979019165,7.474999904632568,1929,0.0,0.0,2023-06-07
718,2023-06-07 11:25:00-04:00,7.480000019073486,7.5,7.480000019073486,7.480000019073486,4072,0.0,0.0,2023-06-07
719,2023-06-07 11:30:00-04:00,7.480000019073486,7.489999771118164,7.474999904632568,7.485000133514404,4104,0.0,0.0,2023-06-07
720,2023-06-07 11:35:00-04:00,7.480000019073486,7.480000019073486,7.465000152587891,7.46999979019165,2217,0.0,0.0,2023-06-07
721,2023-06-07 11:40:00-04:00,7.460000038146973,7.465000152587891,7.440800189971924,7.440800189971924,4185,0.0,0.0,2023-06-07
722,2023-06-07 11:45:00-04:00,7.445000171661377,7.460000038146973,7.445000171661377,7.460000038146973,1884,0.0,0.0,2023-06-07
723,2023-06-07 11:50:00-04:00,7.454999923706055,7.454999923706055,7.445000171661377,7.449999809265137,2477,0.0,0.0,2023-06-07
724,2023-06-07 11:55:00-04:00,7.445000171661377,7.445000171661377,7.445000171661377,7.445000171661377,1990,0.0,0.0,2023-06-07
725,2023-06-07 12:00:00-04:00,7.440000057220459,7.454999923706055,7.440000057220459,7.454999923706055,1446,0.0,0.0,2023-06-07
726,2023-06-07 12:05:00-04:00,7.449999809265137,7.460000038146973,7.440000057220459,7.449999809265137,4088,0.0,0.0,2023-06-07
727,2023-06-07 12:10:00-04:00,7.445000171661377,7.445000171661377,7.440000057220459,7.445000171661377,1208,0.0,0.0,2023-06-07
728,2023-06-07 12:15:00-04:00,7.449999809265137,7.454999923706055,7.445000171661377,7.454999923706055,1621,0.0,0.0,2023-06-07
729,2023-06-07 12:20:00-04:00,7.454999923706055,7.460000038146973,7.445000171661377,7.445000171661377,1901,0.0,0.0,2023-06-07
730,2023-06-07 12:25:00-04:00,7.449999809265137,7.449999809265137,7.445000171661377,7.445000171661377,2552,0.0,0.0,2023-06-07
731,2023-06-07 12:30:00-04:00,7.449999809265137,7.489999771118164,7.449999809265137,7.485000133514404,2448,0.0,0.0,2023-06-07
732,2023-06-07 12:35:00-04:00,7.485000133514404,7.489999771118164,7.474999904632568,7.485000133514404,3120,0.0,0.0,2023-06-07
733,2023-06-07 12:40:00-04:00,7.485000133514404,7.525000095367432,7.485000133514404,7.525000095367432,2959,0.0,0.0,2023-06-07
734,2023-06-07 12:45:00-04:00,7.53000020980835,7.539999961853027,7.520100116729736,7.520100116729736,2972,0.0,0.0,2023-06-07
735,2023-06-07 12:50:00-04:00,7.519999980926514,7.519999980926514,7.489999771118164,7.494999885559082,5110,0.0,0.0,2023-06-07
736,2023-06-07 12:55:00-04:00,7.489999771118164,7.505000114440918,7.489999771118164,7.505000114440918,1896,0.0,0.0,2023-06-07
737,2023-06-07 13:00:00-04:00,7.514999866485596,7.514999866485596,7.514999866485596,7.514999866485596,1306,0.0,0.0,2023-06-07
738,2023-06-07 13:05:00-04:00,7.510000228881836,7.539999961853027,7.505000114440918,7.534999847412109,10146,0.0,0.0,2023-06-07
739,2023-06-07 13:10:00-04:00,7.539999961853027,7.539999961853027,7.519999980926514,7.519999980926514,2702,0.0,0.0,2023-06-07
740,2023-06-07 13:15:00-04:00,7.539999961853027,7.565000057220459,7.539999961853027,7.545000076293945,4917,0.0,0.0,2023-06-07
741,2023-06-07 13:20:00-04:00,7.545000076293945,7.550000190734863,7.534999847412109,7.550000190734863,2461,0.0,0.0,2023-06-07
742,2023-06-07 13:25:00-04:00,7.545000076293945,7.559999942779541,7.545000076293945,7.554999828338623,3380,0.0,0.0,2023-06-07
743,2023-06-07 13:30:00-04:00,7.554999828338623,7.559999942779541,7.550000190734863,7.554999828338623,2563,0.0,0.0,2023-06-07
744,2023-06-07 13:35:00-04:00,7.554999828338623,7.570000171661377,7.550000190734863,7.550000190734863,3236,0.0,0.0,2023-06-07
745,2023-06-07 13:40:00-04:00,7.545000076293945,7.559999942779541,7.545000076293945,7.554999828338623,2064,0.0,0.0,2023-06-07
746,2023-06-07 13:45:00-04:00,7.559999942779541,7.559999942779541,7.545000076293945,7.554999828338623,3114,0.0,0.0,2023-06-07
747,2023-06-07 13:50:00-04:00,7.550000190734863,7.567500114440918,7.550000190734863,7.567500114440918,1248,0.0,0.0,2023-06-07
748,2023-06-07 13:55:00-04:00,7.570000171661377,7.570000171661377,7.565000057220459,7.565000057220459,2008,0.0,0.0,2023-06-07
749,2023-06-07 14:00:00-04:00,7.570000171661377,7.570000171661377,7.565000057220459,7.565000057220459,2869,0.0,0.0,2023-06-07
750,2023-06-07 14:05:00-04:00,7.570000171661377,7.585000038146973,7.539999961853027,7.539999961853027,7653,0.0,0.0,2023-06-07
751,2023-06-07 14:10:00-04:00,7.545000076293945,7.545000076293945,7.525000095367432,7.534999847412109,2187,0.0,0.0,2023-06-07
752,2023-06-07 14:15:00-04:00,7.534999847412109,7.550000190734863,7.534999847412109,7.539999961853027,3942,0.0,0.0,2023-06-07
753,2023-06-07 14:20:00-04:00,7.539999961853027,7.545000076293945,7.539999961853027,7.545000076293945,1059,0.0,0.0,2023-06-07
754,2023-06-07 14:25:00-04:00,7.545000076293945,7.559999942779541,7.539999961853027,7.554999828338623,4722,0.0,0.0,2023-06-07
755,2023-06-07 14:30:00-04:00,7.554999828338623,7.554999828338623,7.545000076293945,7.545000076293945,2524,0.0,0.0,2023-06-07
756,2023-06-07 14:35:00-04:00,7.545000076293945,7.554999828338623,7.534999847412109,7.539999961853027,5761,0.0,0.0,2023-06-07
757,2023-06-07 14:40:00-04:00,7.539999961853027,7.539999961853027,7.534999847412109,7.534999847412109,1964,0.0,0.0,2023-06-07
758,2023-06-07 14:45:00-04:00,7.534999847412109,7.539999961853027,7.534999847412109,7.539999961853027,986,0.0,0.0,2023-06-07
759,2023-06-07 14:50:00-04:00,7.539999961853027,7.559999942779541,7.534999847412109,7.554999828338623,4152,0.0,0.0,2023-06-07
760,2023-06-07 14:55:00-04:00,7.554999828338623,7.559999942779541,7.545000076293945,7.554999828338623,4688,0.0,0.0,2023-06-07
761,2023-06-07 15:00:00-04:00,7.554999828338623,7.570000171661377,7.550000190734863,7.559999942779541,6284,0.0,0.0,2023-06-07
762,2023-06-07 15:05:00-04:00,7.565000057220459,7.567500114440918,7.559999942779541,7.567500114440918,1888,0.0,0.0,2023-06-07
763,2023-06-07 15:10:00-04:00,7.559999942779541,7.570000171661377,7.559999942779541,7.570000171661377,2737,0.0,0.0,2023-06-07
764,2023-06-07 15:15:00-04:00,7.565000057220459,7.565000057220459,7.554999828338623,7.565000057220459,5149,0.0,0.0,2023-06-07
765,2023-06-07 15:20:00-04:00,7.565000057220459,7.579999923706055,7.565000057220459,7.574999809265137,3450,0.0,0.0,2023-06-07
766,2023-06-07 15:25:00-04:00,7.574999809265137,7.579999923706055,7.574999809265137,7.574999809265137,2474,0.0,0.0,2023-06-07
767,2023-06-07 15:30:00-04:00,7.574999809265137,7.574999809265137,7.574999809265137,7.574999809265137,3102,0.0,0.0,2023-06-07
768,2023-06-07 15:35:00-04:00,7.574999809265137,7.579999923706055,7.570000171661377,7.574999809265137,8270,0.0,0.0,2023-06-07
769,2023-06-07 15:40:00-04:00,7.570000171661377,7.579999923706055,7.570000171661377,7.574999809265137,5469,0.0,0.0,2023-06-07
770,2023-06-07 15:45:00-04:00,7.574999809265137,7.599999904632568,7.574999809265137,7.59499979019165,8071,0.0,0.0,2023-06-07
771,2023-06-07 15:50:00-04:00,7.59499979019165,7.599999904632568,7.590000152587891,7.59499979019165,8594,0.0,0.0,2023-06-07
772,2023-06-07 15:55:00-04:00,7.610000133514404,7.610000133514404,7.590000152587891,7.590000152587891,35940,0.0,0.0,2023-06-07
773,2023-06-08 09:30:00-04:00,7.559999942779541,7.559999942779541,7.445000171661377,7.480000019073486,8305,0.0,0.0,2023-06-08
774,2023-06-08 09:35:00-04:00,7.489999771118164,7.489999771118164,7.449999809265137,7.449999809265137,3752,0.0,0.0,2023-06-08
775,2023-06-08 09:40:00-04:00,7.460000038146973,7.46999979019165,7.449999809265137,7.460000038146973,1635,0.0,0.0,2023-06-08
776,2023-06-08 09:45:00-04:00,7.445000171661377,7.445000171661377,7.389999866485596,7.389999866485596,3147,0.0,0.0,2023-06-08
777,2023-06-08 09:50:00-04:00,7.380000114440918,7.380000114440918,7.349999904632568,7.369999885559082,2023,0.0,0.0,2023-06-08
778,2023-06-08 09:55:00-04:00,7.40500020980835,7.40500020980835,7.389999866485596,7.389999866485596,1599,0.0,0.0,2023-06-08
779,2023-06-08 10:00:00-04:00,7.40500020980835,7.409999847412109,7.389999866485596,7.389999866485596,2447,0.0,0.0,2023-06-08
780,2023-06-08 10:05:00-04:00,7.380000114440918,7.400000095367432,7.375,7.389999866485596,3259,0.0,0.0,2023-06-08
781,2023-06-08 10:10:00-04:00,7.400000095367432,7.40500020980835,7.389999866485596,7.389999866485596,3206,0.0,0.0,2023-06-08
782,2023-06-08 10:15:00-04:00,7.394999980926514,7.400000095367432,7.389999866485596,7.400000095367432,1259,0.0,0.0,2023-06-08
783,2023-06-08 10:20:00-04:00,7.389999866485596,7.389999866485596,7.389999866485596,7.389999866485596,415,0.0,0.0,2023-06-08
784,2023-06-08 10:25:00-04:00,7.40500020980835,7.40500020980835,7.394999980926514,7.400000095367432,2700,0.0,0.0,2023-06-08
785,2023-06-08 10:30:00-04:00,7.409999847412109,7.409999847412109,7.369999885559082,7.375,2051,0.0,0.0,2023-06-08
786,2023-06-08 10:35:00-04:00,7.380000114440918,7.389999866485596,7.380000114440918,7.385000228881836,1450,0.0,0.0,2023-06-08
787,2023-06-08 10:40:00-04:00,7.389999866485596,7.400000095367432,7.389999866485596,7.400000095367432,1705,0.0,0.0,2023-06-08
788,2023-06-08 10:45:00-04:00,7.400000095367432,7.409999847412109,7.389999866485596,7.400000095367432,2116,0.0,0.0,2023-06-08
789,2023-06-08 10:50:00-04:00,7.425000190734863,7.425000190734863,7.425000190734863,7.425000190734863,621,0.0,0.0,2023-06-08
790,2023-06-08 10:55:00-04:00,7.425000190734863,7.425000190734863,7.400000095367432,7.400000095367432,2095,0.0,0.0,2023-06-08
791,2023-06-08 11:00:00-04:00,7.400000095367432,7.400000095367432,7.389999866485596,7.389999866485596,1665,0.0,0.0,2023-06-08
792,2023-06-08 11:05:00-04:00,7.389999866485596,7.389999866485596,7.375,7.375,1595,0.0,0.0,2023-06-08
793,2023-06-08 11:10:00-04:00,7.369999885559082,7.385000228881836,7.369999885559082,7.369999885559082,3103,0.0,0.0,2023-06-08
794,2023-06-08 11:15:00-04:00,7.375,7.385000228881836,7.375,7.380000114440918,1782,0.0,0.0,2023-06-08
795,2023-06-08 11:20:00-04:00,7.400000095367432,7.429999828338623,7.400000095367432,7.420000076293945,3560,0.0,0.0,2023-06-08
796,2023-06-08 11:25:00-04:00,7.429999828338623,7.440000057220459,7.429999828338623,7.440000057220459,407,0.0,0.0,2023-06-08
797,2023-06-08 11:30:00-04:00,7.445000171661377,7.449999809265137,7.420000076293945,7.420000076293945,2131,0.0,0.0,2023-06-08
798,2023-06-08 11:35:00-04:00,7.409999847412109,7.414999961853027,7.409999847412109,7.414999961853027,749,0.0,0.0,2023-06-08
799,2023-06-08 11:40:00-04:00,7.420000076293945,7.445000171661377,7.420000076293945,7.445000171661377,2416,0.0,0.0,2023-06-08
800,2023-06-08 11:45:00-04:00,7.445000171661377,7.445000171661377,7.420000076293945,7.425000190734863,1390,0.0,0.0,2023-06-08
801,2023-06-08 11:50:00-04:00,7.420000076293945,7.420000076293945,7.414999961853027,7.414999961853027,375,0.0,0.0,2023-06-08
802,2023-06-08 11:55:00-04:00,7.414999961853027,7.420000076293945,7.414999961853027,7.414999961853027,1360,0.0,0.0,2023-06-08
803,2023-06-08 12:00:00-04:00,7.409999847412109,7.414999961853027,7.409999847412109,7.414999961853027,765,0.0,0.0,2023-06-08
804,2023-06-08 12:05:00-04:00,7.414999961853027,7.414999961853027,7.409999847412109,7.409999847412109,1427,0.0,0.0,2023-06-08
805,2023-06-08 12:10:00-04:00,7.409999847412109,7.409999847412109,7.400000095367432,7.400000095367432,775,0.0,0.0,2023-06-08
806,2023-06-08 12:20:00-04:00,7.409999847412109,7.409999847412109,7.40500020980835,7.40500020980835,623,0.0,0.0,2023-06-08
807,2023-06-08 12:25:00-04:00,7.409999847412109,7.445000171661377,7.409999847412109,7.445000171661377,1968,0.0,0.0,2023-06-08
808,2023-06-08 12:30:00-04:00,7.445000171661377,7.449999809265137,7.434999942779541,7.434999942779541,2298,0.0,0.0,2023-06-08
809,2023-06-08 12:40:00-04:00,7.429999828338623,7.434999942779541,7.425000190734863,7.434999942779541,2161,0.0,0.0,2023-06-08
810,2023-06-08 12:45:00-04:00,7.434999942779541,7.434999942779541,7.429999828338623,7.429999828338623,1606,0.0,0.0,2023-06-08
811,2023-06-08 12:50:00-04:00,7.420000076293945,7.420000076293945,7.420000076293945,7.420000076293945,1086,0.0,0.0,2023-06-08
812,2023-06-08 12:55:00-04:00,7.425000190734863,7.425000190734863,7.425000190734863,7.425000190734863,948,0.0,0.0,2023-06-08
813,2023-06-08 13:00:00-04:00,7.429999828338623,7.434999942779541,7.429999828338623,7.434999942779541,1150,0.0,0.0,2023-06-08
814,2023-06-08 13:05:00-04:00,7.434999942779541,7.434999942779541,7.425000190734863,7.425000190734863,400,0.0,0.0,2023-06-08
815,2023-06-08 13:10:00-04:00,7.425000190734863,7.425000190734863,7.425000190734863,7.425000190734863,316,0.0,0.0,2023-06-08
816,2023-06-08 13:15:00-04:00,7.425000190734863,7.425000190734863,7.414999961853027,7.414999961853027,4077,0.0,0.0,2023-06-08
817,2023-06-08 13:20:00-04:00,7.414999961853027,7.414999961853027,7.414999961853027,7.414999961853027,239,0.0,0.0,2023-06-08
818,2023-06-08 13:25:00-04:00,7.420000076293945,7.440000057220459,7.414999961853027,7.414999961853027,6296,0.0,0.0,2023-06-08
819,2023-06-08 13:30:00-04:00,7.414999961853027,7.414999961853027,7.409999847412109,7.409999847412109,792,0.0,0.0,2023-06-08
820,2023-06-08 13:35:00-04:00,7.409999847412109,7.409999847412109,7.409999847412109,7.409999847412109,518,0.0,0.0,2023-06-08
821,2023-06-08 13:40:00-04:00,7.409999847412109,7.414999961853027,7.409999847412109,7.414999961853027,602,0.0,0.0,2023-06-08
822,2023-06-08 13:45:00-04:00,7.40500020980835,7.40500020980835,7.40500020980835,7.40500020980835,321,0.0,0.0,2023-06-08
823,2023-06-08 13:50:00-04:00,7.409999847412109,7.414999961853027,7.400000095367432,7.400000095367432,2826,0.0,0.0,2023-06-08
824,2023-06-08 13:55:00-04:00,7.400000095367432,7.400000095367432,7.400000095367432,7.400000095367432,239,0.0,0.0,2023-06-08
825,2023-06-08 14:05:00-04:00,7.400000095367432,7.400000095367432,7.389999866485596,7.394999980926514,540,0.0,0.0,2023-06-08
826,2023-06-08 14:10:00-04:00,7.394999980926514,7.394999980926514,7.380000114440918,7.380000114440918,2397,0.0,0.0,2023-06-08
827,2023-06-08 14:25:00-04:00,7.385000228881836,7.389999866485596,7.385000228881836,7.389999866485596,1708,0.0,0.0,2023-06-08
828,2023-06-08 14:30:00-04:00,7.394999980926514,7.409999847412109,7.389999866485596,7.400000095367432,2826,0.0,0.0,2023-06-08
829,2023-06-08 14:35:00-04:00,7.40500020980835,7.409999847412109,7.400000095367432,7.40500020980835,639,0.0,0.0,2023-06-08
830,2023-06-08 14:40:00-04:00,7.409999847412109,7.420000076293945,7.400000095367432,7.400000095367432,3952,0.0,0.0,2023-06-08
831,2023-06-08 14:45:00-04:00,7.400000095367432,7.40500020980835,7.400000095367432,7.40500020980835,1338,0.0,0.0,2023-06-08
832,2023-06-08 14:50:00-04:00,7.40500020980835,7.409999847412109,7.40500020980835,7.409999847412109,334,0.0,0.0,2023-06-08
833,2023-06-08 14:55:00-04:00,7.400000095367432,7.40500020980835,7.400000095367432,7.40500020980835,414,0.0,0.0,2023-06-08
834,2023-06-08 15:00:00-04:00,7.40500020980835,7.414999961853027,7.400000095367432,7.400000095367432,4546,0.0,0.0,2023-06-08
835,2023-06-08 15:05:00-04:00,7.389999866485596,7.389999866485596,7.380000114440918,7.380000114440918,2623,0.0,0.0,2023-06-08
836,2023-06-08 15:10:00-04:00,7.375,7.375,7.375,7.375,113,0.0,0.0,2023-06-08
837,2023-06-08 15:15:00-04:00,7.375,7.375,7.360000133514404,7.360000133514404,3421,0.0,0.0,2023-06-08
838,2023-06-08 15:20:00-04:00,7.360000133514404,7.360000133514404,7.360000133514404,7.360000133514404,1929,0.0,0.0,2023-06-08
839,2023-06-08 15:25:00-04:00,7.360000133514404,7.360000133514404,7.349999904632568,7.360000133514404,780,0.0,0.0,2023-06-08
840,2023-06-08 15:30:00-04:00,7.355000019073486,7.355000019073486,7.34499979019165,7.34499979019165,1960,0.0,0.0,2023-06-08
841,2023-06-08 15:35:00-04:00,7.34499979019165,7.34499979019165,7.340000152587891,7.34499979019165,1732,0.0,0.0,2023-06-08
842,2023-06-08 15:40:00-04:00,7.34499979019165,7.369999885559082,7.34499979019165,7.364999771118164,5689,0.0,0.0,2023-06-08
843,2023-06-08 15:45:00-04:00,7.364999771118164,7.369999885559082,7.360000133514404,7.364999771118164,3889,0.0,0.0,2023-06-08
844,2023-06-08 15:50:00-04:00,7.369999885559082,7.369999885559082,7.349999904632568,7.349999904632568,5325,0.0,0.0,2023-06-08
845,2023-06-08 15:55:00-04:00,7.34499979019165,7.369999885559082,7.340000152587891,7.369999885559082,27855,0.0,0.0,2023-06-08
846,2023-06-09 09:30:00-04:00,7.329999923706055,7.329999923706055,7.289999961853027,7.309999942779541,2927,0.0,0.0,2023-06-09
847,2023-06-09 09:35:00-04:00,7.320000171661377,7.320000171661377,7.269999980926514,7.275000095367432,4073,0.0,0.0,2023-06-09
848,2023-06-09 09:40:00-04:00,7.280099868774414,7.329999923706055,7.280099868774414,7.320000171661377,1307,0.0,0.0,2023-06-09
849,2023-06-09 09:45:00-04:00,7.315000057220459,7.324999809265137,7.289999961853027,7.289999961853027,4594,0.0,0.0,2023-06-09
850,2023-06-09 09:50:00-04:00,7.289999961853027,7.300000190734863,7.28000020980835,7.289999961853027,1880,0.0,0.0,2023-06-09
851,2023-06-09 09:55:00-04:00,7.289999961853027,7.295000076293945,7.264999866485596,7.264999866485596,2606,0.0,0.0,2023-06-09
852,2023-06-09 10:00:00-04:00,7.264999866485596,7.289999961853027,7.264999866485596,7.28000020980835,2185,0.0,0.0,2023-06-09
853,2023-06-09 10:05:00-04:00,7.275000095367432,7.275000095367432,7.264999866485596,7.269999980926514,2775,0.0,0.0,2023-06-09
854,2023-06-09 10:10:00-04:00,7.300000190734863,7.300000190734863,7.269999980926514,7.269999980926514,2142,0.0,0.0,2023-06-09
855,2023-06-09 10:15:00-04:00,7.255000114440918,7.269999980926514,7.255000114440918,7.264999866485596,5062,0.0,0.0,2023-06-09
856,2023-06-09 10:20:00-04:00,7.25,7.269999980926514,7.25,7.264999866485596,1501,0.0,0.0,2023-06-09
857,2023-06-09 10:25:00-04:00,7.264999866485596,7.295000076293945,7.264999866485596,7.295000076293945,2196,0.0,0.0,2023-06-09
858,2023-06-09 10:30:00-04:00,7.295000076293945,7.295000076293945,7.260000228881836,7.260000228881836,2064,0.0,0.0,2023-06-09
859,2023-06-09 10:35:00-04:00,7.25,7.28000020980835,7.25,7.264999866485596,3368,0.0,0.0,2023-06-09
860,2023-06-09 10:40:00-04:00,7.264999866485596,7.264999866485596,7.260000228881836,7.264999866485596,2275,0.0,0.0,2023-06-09
861,2023-06-09 10:45:00-04:00,7.260000228881836,7.28000020980835,7.260000228881836,7.264999866485596,2454,0.0,0.0,2023-06-09
862,2023-06-09 10:50:00-04:00,7.260000228881836,7.260000228881836,7.260000228881836,7.260000228881836,1421,0.0,0.0,2023-06-09
863,2023-06-09 10:55:00-04:00,7.269999980926514,7.28000020980835,7.269999980926514,7.269999980926514,1605,0.0,0.0,2023-06-09
864,2023-06-09 11:00:00-04:00,7.269999980926514,7.275000095367432,7.269999980926514,7.275000095367432,1309,0.0,0.0,2023-06-09
865,2023-06-09 11:05:00-04:00,7.275000095367432,7.28000020980835,7.269999980926514,7.269999980926514,1337,0.0,0.0,2023-06-09
866,2023-06-09 11:10:00-04:00,7.269999980926514,7.269999980926514,7.239999771118164,7.25,4802,0.0,0.0,2023-06-09
867,2023-06-09 11:15:00-04:00,7.260000228881836,7.260000228881836,7.255000114440918,7.255000114440918,365,0.0,0.0,2023-06-09
868,2023-06-09 11:20:00-04:00,7.260000228881836,7.275000095367432,7.260000228881836,7.269999980926514,4166,0.0,0.0,2023-06-09
869,2023-06-09 11:25:00-04:00,7.264999866485596,7.264999866485596,7.244999885559082,7.25,1293,0.0,0.0,2023-06-09
870,2023-06-09 11:30:00-04:00,7.255000114440918,7.255000114440918,7.230000019073486,7.235000133514404,1689,0.0,0.0,2023-06-09
871,2023-06-09 11:35:00-04:00,7.239999771118164,7.260000228881836,7.239999771118164,7.244999885559082,2055,0.0,0.0,2023-06-09
872,2023-06-09 11:40:00-04:00,7.244999885559082,7.255000114440918,7.243500232696533,7.243500232696533,1741,0.0,0.0,2023-06-09
873,2023-06-09 11:45:00-04:00,7.239999771118164,7.25,7.239999771118164,7.25,696,0.0,0.0,2023-06-09
874,2023-06-09 11:50:00-04:00,7.244999885559082,7.255000114440918,7.244999885559082,7.255000114440918,1750,0.0,0.0,2023-06-09
875,2023-06-09 11:55:00-04:00,7.25,7.255000114440918,7.235000133514404,7.235000133514404,1525,0.0,0.0,2023-06-09
876,2023-06-09 12:00:00-04:00,7.230000019073486,7.239999771118164,7.21999979019165,7.239999771118164,2933,0.0,0.0,2023-06-09
877,2023-06-09 12:05:00-04:00,7.239999771118164,7.244999885559082,7.239999771118164,7.244999885559082,1414,0.0,0.0,2023-06-09
878,2023-06-09 12:10:00-04:00,7.235000133514404,7.239999771118164,7.235000133514404,7.239999771118164,1361,0.0,0.0,2023-06-09
879,2023-06-09 12:15:00-04:00,7.25,7.25,7.239999771118164,7.244999885559082,921,0.0,0.0,2023-06-09
880,2023-06-09 12:20:00-04:00,7.25,7.25,7.239999771118164,7.239999771118164,1401,0.0,0.0,2023-06-09
881,2023-06-09 12:25:00-04:00,7.235000133514404,7.235000133514404,7.230000019073486,7.230000019073486,1169,0.0,0.0,2023-06-09
882,2023-06-09 12:30:00-04:00,7.239999771118164,7.25,7.239999771118164,7.25,942,0.0,0.0,2023-06-09
883,2023-06-09 12:35:00-04:00,7.244999885559082,7.244999885559082,7.244999885559082,7.244999885559082,1416,0.0,0.0,2023-06-09
884,2023-06-09 12:40:00-04:00,7.244999885559082,7.25,7.244999885559082,7.25,1068,0.0,0.0,2023-06-09
885,2023-06-09 12:45:00-04:00,7.260000228881836,7.260000228881836,7.255000114440918,7.255000114440918,605,0.0,0.0,2023-06-09
886,2023-06-09 12:50:00-04:00,7.255000114440918,7.255000114440918,7.25,7.255000114440918,1482,0.0,0.0,2023-06-09
887,2023-06-09 12:55:00-04:00,7.255000114440918,7.269999980926514,7.25,7.269999980926514,1177,0.0,0.0,2023-06-09
888,2023-06-09 13:00:00-04:00,7.269999980926514,7.275000095367432,7.269999980926514,7.275000095367432,1055,0.0,0.0,2023-06-09
889,2023-06-09 13:05:00-04:00,7.28000020980835,7.28000020980835,7.28000020980835,7.28000020980835,704,0.0,0.0,2023-06-09
890,2023-06-09 13:10:00-04:00,7.275000095367432,7.28000020980835,7.270899772644043,7.270899772644043,2096,0.0,0.0,2023-06-09
891,2023-06-09 13:15:00-04:00,7.269999980926514,7.269999980926514,7.25,7.260000228881836,3536,0.0,0.0,2023-06-09
892,2023-06-09 13:20:00-04:00,7.260000228881836,7.260000228881836,7.255000114440918,7.255000114440918,1023,0.0,0.0,2023-06-09
893,2023-06-09 13:25:00-04:00,7.255000114440918,7.260000228881836,7.255000114440918,7.260000228881836,527,0.0,0.0,2023-06-09
894,2023-06-09 13:30:00-04:00,7.255000114440918,7.260000228881836,7.25,7.255000114440918,2224,0.0,0.0,2023-06-09
895,2023-06-09 13:35:00-04:00,7.255000114440918,7.275000095367432,7.255000114440918,7.269999980926514,4501,0.0,0.0,2023-06-09
896,2023-06-09 13:40:00-04:00,7.260000228881836,7.264999866485596,7.260000228881836,7.264999866485596,1061,0.0,0.0,2023-06-09
897,2023-06-09 13:45:00-04:00,7.264999866485596,7.264999866485596,7.255000114440918,7.255000114440918,1207,0.0,0.0,2023-06-09
898,2023-06-09 13:50:00-04:00,7.255000114440918,7.255000114440918,7.255000114440918,7.255000114440918,451,0.0,0.0,2023-06-09
899,2023-06-09 13:55:00-04:00,7.260000228881836,7.269999980926514,7.260000228881836,7.260000228881836,2460,0.0,0.0,2023-06-09
900,2023-06-09 14:00:00-04:00,7.269999980926514,7.269999980926514,7.260000228881836,7.264999866485596,1153,0.0,0.0,2023-06-09
901,2023-06-09 14:05:00-04:00,7.264999866485596,7.269999980926514,7.264999866485596,7.264999866485596,657,0.0,0.0,2023-06-09
902,2023-06-09 14:10:00-04:00,7.264999866485596,7.269999980926514,7.260000228881836,7.264999866485596,1165,0.0,0.0,2023-06-09
903,2023-06-09 14:15:00-04:00,7.269999980926514,7.269999980926514,7.264999866485596,7.269999980926514,1186,0.0,0.0,2023-06-09
904,2023-06-09 14:20:00-04:00,7.269999980926514,7.28000020980835,7.269999980926514,7.275000095367432,1976,0.0,0.0,2023-06-09
905,2023-06-09 14:25:00-04:00,7.275000095367432,7.275000095367432,7.260000228881836,7.260000228881836,4161,0.0,0.0,2023-06-09
906,2023-06-09 14:30:00-04:00,7.260000228881836,7.264999866485596,7.260000228881836,7.264999866485596,1467,0.0,0.0,2023-06-09
907,2023-06-09 14:35:00-04:00,7.269999980926514,7.275000095367432,7.260000228881836,7.260000228881836,4725,0.0,0.0,2023-06-09
908,2023-06-09 14:40:00-04:00,7.260000228881836,7.260000228881836,7.260000228881836,7.260000228881836,3056,0.0,0.0,2023-06-09
909,2023-06-09 14:45:00-04:00,7.264999866485596,7.264999866485596,7.260000228881836,7.260000228881836,1454,0.0,0.0,2023-06-09
910,2023-06-09 14:50:00-04:00,7.264999866485596,7.269899845123291,7.264999866485596,7.269899845123291,1264,0.0,0.0,2023-06-09
911,2023-06-09 14:55:00-04:00,7.269999980926514,7.269999980926514,7.260000228881836,7.264999866485596,919,0.0,0.0,2023-06-09
912,2023-06-09 15:00:00-04:00,7.264999866485596,7.275000095367432,7.264999866485596,7.275000095367432,2663,0.0,0.0,2023-06-09
913,2023-06-09 15:05:00-04:00,7.275000095367432,7.275000095367432,7.260900020599365,7.264999866485596,2009,0.0,0.0,2023-06-09
914,2023-06-09 15:10:00-04:00,7.264999866485596,7.264999866485596,7.260000228881836,7.264999866485596,3205,0.0,0.0,2023-06-09
915,2023-06-09 15:15:00-04:00,7.264999866485596,7.264999866485596,7.264999866485596,7.264999866485596,1850,0.0,0.0,2023-06-09
916,2023-06-09 15:20:00-04:00,7.264999866485596,7.264999866485596,7.260000228881836,7.260000228881836,799,0.0,0.0,2023-06-09
917,2023-06-09 15:25:00-04:00,7.264999866485596,7.264999866485596,7.260000228881836,7.264999866485596,3446,0.0,0.0,2023-06-09
918,2023-06-09 15:30:00-04:00,7.269999980926514,7.269999980926514,7.264999866485596,7.264999866485596,5568,0.0,0.0,2023-06-09
919,2023-06-09 15:35:00-04:00,7.264999866485596,7.264999866485596,7.260000228881836,7.264999866485596,2875,0.0,0.0,2023-06-09
920,2023-06-09 15:40:00-04:00,7.264999866485596,7.284999847412109,7.264999866485596,7.28000020980835,9254,0.0,0.0,2023-06-09
921,2023-06-09 15:45:00-04:00,7.284999847412109,7.289999961853027,7.28000020980835,7.289999961853027,3473,0.0,0.0,2023-06-09
922,2023-06-09 15:50:00-04:00,7.284999847412109,7.289999961853027,7.28000020980835,7.284999847412109,6531,0.0,0.0,2023-06-09
923,2023-06-09 15:55:00-04:00,7.289999961853027,7.289999961853027,7.269999980926514,7.269999980926514,27087,0.0,0.0,2023-06-09
924,2023-06-12 09:30:00-04:00,7.289999961853027,7.300000190734863,7.264999866485596,7.28000020980835,2665,0.0,0.0,2023-06-12
925,2023-06-12 09:35:00-04:00,7.239999771118164,7.25,7.230000019073486,7.25,1457,0.0,0.0,2023-06-12
926,2023-06-12 09:45:00-04:00,7.329999923706055,7.329999923706055,7.275000095367432,7.28000020980835,2235,0.0,0.0,2023-06-12
927,2023-06-12 09:50:00-04:00,7.309999942779541,7.355000019073486,7.309999942779541,7.355000019073486,1353,0.0,0.0,2023-06-12
928,2023-06-12 09:55:00-04:00,7.355000019073486,7.355000019073486,7.329999923706055,7.335000038146973,4260,0.0,0.0,2023-06-12
929,2023-06-12 10:00:00-04:00,7.349999904632568,7.349999904632568,7.340000152587891,7.34499979019165,1104,0.0,0.0,2023-06-12
930,2023-06-12 10:05:00-04:00,7.34499979019165,7.369999885559082,7.34499979019165,7.369999885559082,1771,0.0,0.0,2023-06-12
931,2023-06-12 10:10:00-04:00,7.387599945068359,7.409999847412109,7.385000228881836,7.409999847412109,1313,0.0,0.0,2023-06-12
932,2023-06-12 10:15:00-04:00,7.414999961853027,7.425000190734863,7.369999885559082,7.369999885559082,4810,0.0,0.0,2023-06-12
933,2023-06-12 10:20:00-04:00,7.375,7.375,7.364999771118164,7.364999771118164,1995,0.0,0.0,2023-06-12
934,2023-06-12 10:25:00-04:00,7.364999771118164,7.389999866485596,7.360000133514404,7.389999866485596,5041,0.0,0.0,2023-06-12
935,2023-06-12 10:30:00-04:00,7.389999866485596,7.389999866485596,7.380000114440918,7.380000114440918,3342,0.0,0.0,2023-06-12
936,2023-06-12 10:35:00-04:00,7.375,7.375,7.340000152587891,7.340000152587891,1510,0.0,0.0,2023-06-12
937,2023-06-12 10:40:00-04:00,7.329999923706055,7.335000038146973,7.329999923706055,7.335000038146973,1598,0.0,0.0,2023-06-12
938,2023-06-12 10:45:00-04:00,7.335000038146973,7.335000038146973,7.320000171661377,7.324999809265137,2459,0.0,0.0,2023-06-12
939,2023-06-12 10:50:00-04:00,7.324999809265137,7.324999809265137,7.324999809265137,7.324999809265137,433,0.0,0.0,2023-06-12
940,2023-06-12 10:55:00-04:00,7.329999923706055,7.375,7.329999923706055,7.375,2306,0.0,0.0,2023-06-12
941,2023-06-12 11:00:00-04:00,7.385000228881836,7.385000228881836,7.369999885559082,7.369999885559082,2459,0.0,0.0,2023-06-12
942,2023-06-12 11:05:00-04:00,7.369999885559082,7.375,7.369999885559082,7.375,1301,0.0,0.0,2023-06-12
943,2023-06-12 11:10:00-04:00,7.375,7.375,7.375,7.375,2249,0.0,0.0,2023-06-12
944,2023-06-12 11:15:00-04:00,7.375,7.375,7.360000133514404,7.364999771118164,2349,0.0,0.0,2023-06-12
945,2023-06-12 11:20:00-04:00,7.360000133514404,7.360000133514404,7.34499979019165,7.34499979019165,1354,0.0,0.0,2023-06-12
946,2023-06-12 11:25:00-04:00,7.34499979019165,7.34499979019165,7.340000152587891,7.340000152587891,1437,0.0,0.0,2023-06-12
947,2023-06-12 11:30:00-04:00,7.329999923706055,7.329999923706055,7.315000057220459,7.315000057220459,1854,0.0,0.0,2023-06-12
948,2023-06-12 11:35:00-04:00,7.309999942779541,7.309999942779541,7.300000190734863,7.304999828338623,775,0.0,0.0,2023-06-12
949,2023-06-12 11:40:00-04:00,7.304999828338623,7.309999942779541,7.304999828338623,7.304999828338623,2910,0.0,0.0,2023-06-12
950,2023-06-12 11:45:00-04:00,7.300000190734863,7.340000152587891,7.295000076293945,7.340000152587891,3876,0.0,0.0,2023-06-12
951,2023-06-12 11:50:00-04:00,7.34499979019165,7.34499979019165,7.340000152587891,7.34499979019165,609,0.0,0.0,2023-06-12
952,2023-06-12 11:55:00-04:00,7.340000152587891,7.34499979019165,7.335000038146973,7.335000038146973,3147,0.0,0.0,2023-06-12
953,2023-06-12 12:00:00-04:00,7.335000038146973,7.355000019073486,7.335000038146973,7.349999904632568,4197,0.0,0.0,2023-06-12
954,2023-06-12 12:05:00-04:00,7.340000152587891,7.340000152587891,7.335000038146973,7.335000038146973,926,0.0,0.0,2023-06-12
955,2023-06-12 12:10:00-04:00,7.335000038146973,7.335000038146973,7.335000038146973,7.335000038146973,1408,0.0,0.0,2023-06-12
956,2023-06-12 12:15:00-04:00,7.340000152587891,7.364999771118164,7.335000038146973,7.360000133514404,4947,0.0,0.0,2023-06-12
957,2023-06-12 12:20:00-04:00,7.355000019073486,7.369999885559082,7.355000019073486,7.369999885559082,2851,0.0,0.0,2023-06-12
958,2023-06-12 12:25:00-04:00,7.364999771118164,7.364999771118164,7.360000133514404,7.364999771118164,876,0.0,0.0,2023-06-12
959,2023-06-12 12:30:00-04:00,7.364999771118164,7.364999771118164,7.364999771118164,7.364999771118164,500,0.0,0.0,2023-06-12
960,2023-06-12 12:35:00-04:00,7.369999885559082,7.369999885559082,7.364999771118164,7.369999885559082,2328,0.0,0.0,2023-06-12
961,2023-06-12 12:40:00-04:00,7.364999771118164,7.364999771118164,7.364999771118164,7.364999771118164,924,0.0,0.0,2023-06-12
962,2023-06-12 12:45:00-04:00,7.364999771118164,7.364999771118164,7.364999771118164,7.364999771118164,1317,0.0,0.0,2023-06-12
963,2023-06-12 12:50:00-04:00,7.364999771118164,7.364999771118164,7.364999771118164,7.364999771118164,677,0.0,0.0,2023-06-12
964,2023-06-12 12:55:00-04:00,7.364999771118164,7.364999771118164,7.335000038146973,7.335000038146973,4889,0.0,0.0,2023-06-12
965,2023-06-12 13:00:00-04:00,7.340000152587891,7.34499979019165,7.340000152587891,7.34499979019165,2082,0.0,0.0,2023-06-12
966,2023-06-12 13:05:00-04:00,7.34499979019165,7.349999904632568,7.340000152587891,7.34499979019165,1089,0.0,0.0,2023-06-12
967,2023-06-12 13:10:00-04:00,7.34499979019165,7.34499979019165,7.34499979019165,7.34499979019165,748,0.0,0.0,2023-06-12
968,2023-06-12 13:15:00-04:00,7.340000152587891,7.340000152587891,7.335000038146973,7.335000038146973,1770,0.0,0.0,2023-06-12
969,2023-06-12 13:20:00-04:00,7.335000038146973,7.335000038146973,7.335000038146973,7.335000038146973,610,0.0,0.0,2023-06-12
970,2023-06-12 13:25:00-04:00,7.340000152587891,7.340000152587891,7.324999809265137,7.324999809265137,4057,0.0,0.0,2023-06-12
971,2023-06-12 13:30:00-04:00,7.324999809265137,7.324999809265137,7.315000057220459,7.3165998458862305,1847,0.0,0.0,2023-06-12
972,2023-06-12 13:35:00-04:00,7.315000057220459,7.315000057220459,7.315000057220459,7.315000057220459,485,0.0,0.0,2023-06-12
973,2023-06-12 13:40:00-04:00,7.320000171661377,7.324999809265137,7.315000057220459,7.324999809265137,3223,0.0,0.0,2023-06-12
974,2023-06-12 13:45:00-04:00,7.324999809265137,7.324999809265137,7.324999809265137,7.324999809265137,930,0.0,0.0,2023-06-12
975,2023-06-12 13:50:00-04:00,7.324999809265137,7.329999923706055,7.324999809265137,7.324999809265137,915,0.0,0.0,2023-06-12
976,2023-06-12 13:55:00-04:00,7.324999809265137,7.324999809265137,7.324999809265137,7.324999809265137,901,0.0,0.0,2023-06-12
977,2023-06-12 14:00:00-04:00,7.324999809265137,7.324999809265137,7.324999809265137,7.324999809265137,1035,0.0,0.0,2023-06-12
978,2023-06-12 14:05:00-04:00,7.320000171661377,7.324999809265137,7.309999942779541,7.324999809265137,6448,0.0,0.0,2023-06-12
979,2023-06-12 14:10:00-04:00,7.324999809265137,7.329999923706055,7.320000171661377,7.320000171661377,1902,0.0,0.0,2023-06-12
980,2023-06-12 14:15:00-04:00,7.320000171661377,7.320000171661377,7.315000057220459,7.315000057220459,1052,0.0,0.0,2023-06-12
981,2023-06-12 14:20:00-04:00,7.320000171661377,7.324999809265137,7.315000057220459,7.315000057220459,4969,0.0,0.0,2023-06-12
982,2023-06-12 14:25:00-04:00,7.320000171661377,7.324999809265137,7.320000171661377,7.324999809265137,1938,0.0,0.0,2023-06-12
983,2023-06-12 14:30:00-04:00,7.324999809265137,7.329999923706055,7.324999809265137,7.324999809265137,1201,0.0,0.0,2023-06-12
984,2023-06-12 14:35:00-04:00,7.324999809265137,7.329999923706055,7.324999809265137,7.329999923706055,1556,0.0,0.0,2023-06-12
985,2023-06-12 14:40:00-04:00,7.324999809265137,7.329999923706055,7.324999809265137,7.324999809265137,1134,0.0,0.0,2023-06-12
986,2023-06-12 14:45:00-04:00,7.324999809265137,7.329999923706055,7.324999809265137,7.324999809265137,1392,0.0,0.0,2023-06-12
987,2023-06-12 14:50:00-04:00,7.329999923706055,7.329999923706055,7.324999809265137,7.324999809265137,6297,0.0,0.0,2023-06-12
988,2023-06-12 14:55:00-04:00,7.324999809265137,7.324999809265137,7.324999809265137,7.324999809265137,1311,0.0,0.0,2023-06-12
989,2023-06-12 15:00:00-04:00,7.329999923706055,7.360000133514404,7.329999923706055,7.360000133514404,5158,0.0,0.0,2023-06-12
990,2023-06-12 15:05:00-04:00,7.369999885559082,7.369999885559082,7.369999885559082,7.369999885559082,3535,0.0,0.0,2023-06-12
991,2023-06-12 15:10:00-04:00,7.380000114440918,7.389999866485596,7.375,7.385000228881836,4867,0.0,0.0,2023-06-12
992,2023-06-12 15:15:00-04:00,7.389999866485596,7.394999980926514,7.389999866485596,7.394999980926514,964,0.0,0.0,2023-06-12
993,2023-06-12 15:20:00-04:00,7.394999980926514,7.394999980926514,7.360000133514404,7.375,6923,0.0,0.0,2023-06-12
994,2023-06-12 15:25:00-04:00,7.375,7.380000114440918,7.364999771118164,7.364999771118164,3751,0.0,0.0,2023-06-12
995,2023-06-12 15:30:00-04:00,7.364999771118164,7.364999771118164,7.349999904632568,7.355000019073486,3319,0.0,0.0,2023-06-12
996,2023-06-12 15:35:00-04:00,7.355000019073486,7.360000133514404,7.340000152587891,7.349999904632568,7181,0.0,0.0,2023-06-12
997,2023-06-12 15:40:00-04:00,7.349999904632568,7.355000019073486,7.340000152587891,7.340000152587891,6908,0.0,0.0,2023-06-12
998,2023-06-12 15:45:00-04:00,7.34499979019165,7.349999904632568,7.329999923706055,7.335000038146973,4983,0.0,0.0,2023-06-12
999,2023-06-12 15:50:00-04:00,7.335000038146973,7.349999904632568,7.324999809265137,7.324999809265137,17508,0.0,0.0,2023-06-12
1000,2023-06-12 15:55:00-04:00,7.324999809265137,7.340000152587891,7.320000171661377,7.340000152587891,30588,0.0,0.0,2023-06-12
1001,2023-06-13 09:30:00-04:00,7.389999866485596,7.409999847412109,7.389999866485596,7.409999847412109,1314,0.0,0.0,2023-06-13
1002,2023-06-13 09:35:00-04:00,7.429999828338623,7.449999809265137,7.409999847412109,7.449999809265137,1760,0.0,0.0,2023-06-13
1003,2023-06-13 09:40:00-04:00,7.449999809265137,7.46999979019165,7.434999942779541,7.440000057220459,4445,0.0,0.0,2023-06-13
1004,2023-06-13 09:45:00-04:00,7.449999809265137,7.449999809265137,7.409999847412109,7.429999828338623,7045,0.0,0.0,2023-06-13
1005,2023-06-13 09:50:00-04:00,7.409999847412109,7.414999961853027,7.400000095367432,7.414999961853027,1552,0.0,0.0,2023-06-13
1006,2023-06-13 09:55:00-04:00,7.414999961853027,7.414999961853027,7.389999866485596,7.394999980926514,1796,0.0,0.0,2023-06-13
1007,2023-06-13 10:00:00-04:00,7.414999961853027,7.420000076293945,7.409999847412109,7.414999961853027,2715,0.0,0.0,2023-06-13
1008,2023-06-13 10:05:00-04:00,7.440000057220459,7.460000038146973,7.434999942779541,7.434999942779541,5325,0.0,0.0,2023-06-13
1009,2023-06-13 10:10:00-04:00,7.434999942779541,7.449999809265137,7.434999942779541,7.449999809265137,3883,0.0,0.0,2023-06-13
1010,2023-06-13 10:15:00-04:00,7.440000057220459,7.440000057220459,7.434999942779541,7.434999942779541,2163,0.0,0.0,2023-06-13
1011,2023-06-13 10:20:00-04:00,7.434999942779541,7.445000171661377,7.420000076293945,7.425000190734863,9890,0.0,0.0,2023-06-13
1012,2023-06-13 10:25:00-04:00,7.429999828338623,7.449999809265137,7.425000190734863,7.445000171661377,8079,0.0,0.0,2023-06-13
1013,2023-06-13 10:30:00-04:00,7.449999809265137,7.454999923706055,7.409999847412109,7.409999847412109,4254,0.0,0.0,2023-06-13
1014,2023-06-13 10:35:00-04:00,7.420000076293945,7.449999809265137,7.409999847412109,7.409999847412109,2827,0.0,0.0,2023-06-13
1015,2023-06-13 10:40:00-04:00,7.400000095367432,7.420000076293945,7.400000095367432,7.414999961853027,6103,0.0,0.0,2023-06-13
1016,2023-06-13 10:45:00-04:00,7.409999847412109,7.414999961853027,7.40500020980835,7.40500020980835,1803,0.0,0.0,2023-06-13
1017,2023-06-13 10:50:00-04:00,7.40500020980835,7.40500020980835,7.385000228881836,7.386499881744385,1088,0.0,0.0,2023-06-13
1018,2023-06-13 10:55:00-04:00,7.385000228881836,7.409999847412109,7.380000114440918,7.380000114440918,5629,0.0,0.0,2023-06-13
1019,2023-06-13 11:00:00-04:00,7.380000114440918,7.40500020980835,7.380000114440918,7.389999866485596,2949,0.0,0.0,2023-06-13
1020,2023-06-13 11:05:00-04:00,7.380000114440918,7.380000114440918,7.360000133514404,7.364999771118164,1903,0.0,0.0,2023-06-13
1021,2023-06-13 11:10:00-04:00,7.364999771118164,7.369999885559082,7.360000133514404,7.364999771118164,783,0.0,0.0,2023-06-13
1022,2023-06-13 11:15:00-04:00,7.369999885559082,7.385000228881836,7.369999885559082,7.380000114440918,3289,0.0,0.0,2023-06-13
1023,2023-06-13 11:20:00-04:00,7.380000114440918,7.388999938964844,7.369999885559082,7.375,2284,0.0,0.0,2023-06-13
1024,2023-06-13 11:25:00-04:00,7.380000114440918,7.389999866485596,7.380000114440918,7.389999866485596,1962,0.0,0.0,2023-06-13
1025,2023-06-13 11:30:00-04:00,7.400000095367432,7.40500020980835,7.400000095367432,7.400000095367432,1056,0.0,0.0,2023-06-13
1026,2023-06-13 11:35:00-04:00,7.400000095367432,7.40500020980835,7.375,7.375,2650,0.0,0.0,2023-06-13
1027,2023-06-13 11:40:00-04:00,7.369999885559082,7.380000114440918,7.369999885559082,7.380000114440918,2367,0.0,0.0,2023-06-13
1028,2023-06-13 11:45:00-04:00,7.394999980926514,7.394999980926514,7.385000228881836,7.385000228881836,661,0.0,0.0,2023-06-13
1029,2023-06-13 11:50:00-04:00,7.385000228881836,7.385000228881836,7.355000019073486,7.355000019073486,3119,0.0,0.0,2023-06-13
1030,2023-06-13 11:55:00-04:00,7.360000133514404,7.360000133514404,7.34499979019165,7.34499979019165,1057,0.0,0.0,2023-06-13
1031,2023-06-13 12:00:00-04:00,7.340000152587891,7.364999771118164,7.335000038146973,7.364999771118164,3949,0.0,0.0,2023-06-13
1032,2023-06-13 12:05:00-04:00,7.364999771118164,7.364999771118164,7.360000133514404,7.360000133514404,1013,0.0,0.0,2023-06-13
1033,2023-06-13 12:10:00-04:00,7.355000019073486,7.360000133514404,7.355000019073486,7.355000019073486,573,0.0,0.0,2023-06-13
1034,2023-06-13 12:15:00-04:00,7.356800079345703,7.364999771118164,7.355000019073486,7.355000019073486,3533,0.0,0.0,2023-06-13
1035,2023-06-13 12:20:00-04:00,7.349999904632568,7.355000019073486,7.349999904632568,7.355000019073486,1126,0.0,0.0,2023-06-13
1036,2023-06-13 12:25:00-04:00,7.355000019073486,7.360000133514404,7.349999904632568,7.349999904632568,1510,0.0,0.0,2023-06-13
1037,2023-06-13 12:30:00-04:00,7.360000133514404,7.360000133514404,7.355000019073486,7.360000133514404,864,0.0,0.0,2023-06-13
1038,2023-06-13 12:35:00-04:00,7.360000133514404,7.364999771118164,7.340000152587891,7.340000152587891,4834,0.0,0.0,2023-06-13
1039,2023-06-13 12:40:00-04:00,7.34499979019165,7.34499979019165,7.340000152587891,7.34499979019165,555,0.0,0.0,2023-06-13
1040,2023-06-13 12:45:00-04:00,7.34499979019165,7.34499979019165,7.34499979019165,7.34499979019165,440,0.0,0.0,2023-06-13
1041,2023-06-13 12:50:00-04:00,7.340000152587891,7.360000133514404,7.340000152587891,7.355000019073486,2575,0.0,0.0,2023-06-13
1042,2023-06-13 12:55:00-04:00,7.355000019073486,7.364999771118164,7.355000019073486,7.355000019073486,3875,0.0,0.0,2023-06-13
1043,2023-06-13 13:00:00-04:00,7.355000019073486,7.355000019073486,7.335000038146973,7.34499979019165,2980,0.0,0.0,2023-06-13
1044,2023-06-13 13:05:00-04:00,7.34499979019165,7.349999904632568,7.34499979019165,7.349999904632568,3302,0.0,0.0,2023-06-13
1045,2023-06-13 13:10:00-04:00,7.355000019073486,7.360000133514404,7.355000019073486,7.360000133514404,833,0.0,0.0,2023-06-13
1046,2023-06-13 13:15:00-04:00,7.360000133514404,7.369999885559082,7.360000133514404,7.360000133514404,2404,0.0,0.0,2023-06-13
1047,2023-06-13 13:20:00-04:00,7.360000133514404,7.364999771118164,7.355000019073486,7.364999771118164,2294,0.0,0.0,2023-06-13
1048,2023-06-13 13:25:00-04:00,7.364999771118164,7.364999771118164,7.364999771118164,7.364999771118164,1739,0.0,0.0,2023-06-13
1049,2023-06-13 13:30:00-04:00,7.364999771118164,7.369999885559082,7.364999771118164,7.364999771118164,3973,0.0,0.0,2023-06-13
1050,2023-06-13 13:35:00-04:00,7.360000133514404,7.364999771118164,7.34499979019165,7.364999771118164,5540,0.0,0.0,2023-06-13
1051,2023-06-13 13:40:00-04:00,7.364999771118164,7.364999771118164,7.364999771118164,7.364999771118164,534,0.0,0.0,2023-06-13
1052,2023-06-13 13:45:00-04:00,7.364999771118164,7.369999885559082,7.364999771118164,7.364999771118164,3694,0.0,0.0,2023-06-13
1053,2023-06-13 13:50:00-04:00,7.364999771118164,7.364999771118164,7.364999771118164,7.364999771118164,732,0.0,0.0,2023-06-13
1054,2023-06-13 13:55:00-04:00,7.369999885559082,7.369999885559082,7.355000019073486,7.364999771118164,3576,0.0,0.0,2023-06-13
1055,2023-06-13 14:00:00-04:00,7.369999885559082,7.375,7.364999771118164,7.375,3111,0.0,0.0,2023-06-13
1056,2023-06-13 14:05:00-04:00,7.375,7.380000114440918,7.369999885559082,7.369999885559082,1678,0.0,0.0,2023-06-13
1057,2023-06-13 14:10:00-04:00,7.360000133514404,7.360000133514404,7.349999904632568,7.355000019073486,4416,0.0,0.0,2023-06-13
1058,2023-06-13 14:15:00-04:00,7.355000019073486,7.360000133514404,7.355000019073486,7.355000019073486,1881,0.0,0.0,2023-06-13
1059,2023-06-13 14:20:00-04:00,7.355000019073486,7.364999771118164,7.349999904632568,7.349999904632568,5328,0.0,0.0,2023-06-13
1060,2023-06-13 14:25:00-04:00,7.349999904632568,7.355000019073486,7.349999904632568,7.349999904632568,1213,0.0,0.0,2023-06-13
1061,2023-06-13 14:30:00-04:00,7.340000152587891,7.340000152587891,7.329999923706055,7.329999923706055,1403,0.0,0.0,2023-06-13
1062,2023-06-13 14:35:00-04:00,7.329999923706055,7.335000038146973,7.320000171661377,7.335000038146973,3873,0.0,0.0,2023-06-13
1063,2023-06-13 14:40:00-04:00,7.340000152587891,7.34499979019165,7.340000152587891,7.34499979019165,706,0.0,0.0,2023-06-13
1064,2023-06-13 14:45:00-04:00,7.34499979019165,7.364999771118164,7.340000152587891,7.340000152587891,9399,0.0,0.0,2023-06-13
1065,2023-06-13 14:50:00-04:00,7.340000152587891,7.340000152587891,7.329999923706055,7.335000038146973,1452,0.0,0.0,2023-06-13
1066,2023-06-13 14:55:00-04:00,7.335000038146973,7.355000019073486,7.335000038146973,7.349999904632568,4071,0.0,0.0,2023-06-13
1067,2023-06-13 15:00:00-04:00,7.355000019073486,7.364999771118164,7.355000019073486,7.364999771118164,1874,0.0,0.0,2023-06-13
1068,2023-06-13 15:05:00-04:00,7.361000061035156,7.369999885559082,7.361000061035156,7.369999885559082,1498,0.0,0.0,2023-06-13
1069,2023-06-13 15:10:00-04:00,7.364999771118164,7.380000114440918,7.364999771118164,7.375,4142,0.0,0.0,2023-06-13
1070,2023-06-13 15:15:00-04:00,7.369999885559082,7.369999885559082,7.349999904632568,7.360000133514404,9780,0.0,0.0,2023-06-13
1071,2023-06-13 15:20:00-04:00,7.364999771118164,7.369999885559082,7.360000133514404,7.364999771118164,2778,0.0,0.0,2023-06-13
1072,2023-06-13 15:25:00-04:00,7.360099792480469,7.380000114440918,7.360099792480469,7.380000114440918,3147,0.0,0.0,2023-06-13
1073,2023-06-13 15:30:00-04:00,7.380000114440918,7.380000114440918,7.369999885559082,7.375,3995,0.0,0.0,2023-06-13
1074,2023-06-13 15:35:00-04:00,7.3709001541137695,7.389999866485596,7.360000133514404,7.360000133514404,7739,0.0,0.0,2023-06-13
1075,2023-06-13 15:40:00-04:00,7.364999771118164,7.364999771118164,7.349999904632568,7.349999904632568,6116,0.0,0.0,2023-06-13
1076,2023-06-13 15:45:00-04:00,7.355000019073486,7.360000133514404,7.340000152587891,7.355000019073486,6847,0.0,0.0,2023-06-13
1077,2023-06-13 15:50:00-04:00,7.349999904632568,7.360000133514404,7.340000152587891,7.360000133514404,12457,0.0,0.0,2023-06-13
1078,2023-06-13 15:55:00-04:00,7.360000133514404,7.360000133514404,7.340000152587891,7.340000152587891,23570,0.0,0.0,2023-06-13
1079,2023-06-14 09:30:00-04:00,7.349999904632568,7.465000152587891,7.349999904632568,7.465000152587891,2338,0.0,0.0,2023-06-14
1080,2023-06-14 09:35:00-04:00,7.480000019073486,7.5,7.46999979019165,7.5,2872,0.0,0.0,2023-06-14
1081,2023-06-14 09:40:00-04:00,7.510000228881836,7.525000095367432,7.46999979019165,7.510000228881836,4219,0.0,0.0,2023-06-14
1082,2023-06-14 09:45:00-04:00,7.5,7.5,7.429999828338623,7.429999828338623,2128,0.0,0.0,2023-06-14
1083,2023-06-14 09:50:00-04:00,7.445000171661377,7.454999923706055,7.425000190734863,7.425000190734863,1501,0.0,0.0,2023-06-14
1084,2023-06-14 09:55:00-04:00,7.409999847412109,7.420000076293945,7.409999847412109,7.420000076293945,211,0.0,0.0,2023-06-14
1085,2023-06-14 10:00:00-04:00,7.414999961853027,7.414999961853027,7.414999961853027,7.414999961853027,256,0.0,0.0,2023-06-14
1086,2023-06-14 10:05:00-04:00,7.40500020980835,7.420000076293945,7.400000095367432,7.420000076293945,2090,0.0,0.0,2023-06-14
1087,2023-06-14 10:10:00-04:00,7.409999847412109,7.409999847412109,7.385000228881836,7.400000095367432,1153,0.0,0.0,2023-06-14
1088,2023-06-14 10:15:00-04:00,7.389999866485596,7.389999866485596,7.380000114440918,7.380000114440918,446,0.0,0.0,2023-06-14
1089,2023-06-14 10:20:00-04:00,7.375,7.375,7.349999904632568,7.375,1979,0.0,0.0,2023-06-14
1090,2023-06-14 10:25:00-04:00,7.369999885559082,7.369999885559082,7.360000133514404,7.360000133514404,796,0.0,0.0,2023-06-14
1091,2023-06-14 10:30:00-04:00,7.340000152587891,7.360000133514404,7.340000152587891,7.360000133514404,1547,0.0,0.0,2023-06-14
1092,2023-06-14 10:35:00-04:00,7.355000019073486,7.360000133514404,7.34499979019165,7.34499979019165,3524,0.0,0.0,2023-06-14
1093,2023-06-14 10:40:00-04:00,7.349999904632568,7.349999904632568,7.315000057220459,7.315000057220459,1985,0.0,0.0,2023-06-14
1094,2023-06-14 10:45:00-04:00,7.315000057220459,7.320000171661377,7.310800075531006,7.320000171661377,2320,0.0,0.0,2023-06-14
1095,2023-06-14 10:50:00-04:00,7.309999942779541,7.309999942779541,7.304999828338623,7.309999942779541,621,0.0,0.0,2023-06-14
1096,2023-06-14 10:55:00-04:00,7.304999828338623,7.304999828338623,7.304999828338623,7.304999828338623,358,0.0,0.0,2023-06-14
1097,2023-06-14 11:00:00-04:00,7.304999828338623,7.309999942779541,7.304999828338623,7.309999942779541,1372,0.0,0.0,2023-06-14
1098,2023-06-14 11:05:00-04:00,7.309999942779541,7.309999942779541,7.275000095367432,7.275000095367432,2645,0.0,0.0,2023-06-14
1099,2023-06-14 11:10:00-04:00,7.269999980926514,7.269999980926514,7.260000228881836,7.260000228881836,1882,0.0,0.0,2023-06-14
1100,2023-06-14 11:15:00-04:00,7.255000114440918,7.260000228881836,7.25,7.25,947,0.0,0.0,2023-06-14
1101,2023-06-14 11:20:00-04:00,7.260000228881836,7.260000228881836,7.244999885559082,7.244999885559082,2445,0.0,0.0,2023-06-14
1102,2023-06-14 11:25:00-04:00,7.260000228881836,7.264999866485596,7.235000133514404,7.235000133514404,4993,0.0,0.0,2023-06-14
1103,2023-06-14 11:30:00-04:00,7.230000019073486,7.25,7.230000019073486,7.25,1935,0.0,0.0,2023-06-14
1104,2023-06-14 11:35:00-04:00,7.260000228881836,7.269999980926514,7.260000228881836,7.260000228881836,1492,0.0,0.0,2023-06-14
1105,2023-06-14 11:40:00-04:00,7.260000228881836,7.269999980926514,7.260000228881836,7.269999980926514,852,0.0,0.0,2023-06-14
1106,2023-06-14 11:45:00-04:00,7.275000095367432,7.275000095367432,7.275000095367432,7.275000095367432,589,0.0,0.0,2023-06-14
1107,2023-06-14 11:50:00-04:00,7.269999980926514,7.269999980926514,7.269999980926514,7.269999980926514,388,0.0,0.0,2023-06-14
1108,2023-06-14 11:55:00-04:00,7.269999980926514,7.269999980926514,7.255000114440918,7.260000228881836,1476,0.0,0.0,2023-06-14
1109,2023-06-14 12:00:00-04:00,7.239999771118164,7.239999771118164,7.21999979019165,7.21999979019165,1687,0.0,0.0,2023-06-14
1110,2023-06-14 12:05:00-04:00,7.21999979019165,7.21999979019165,7.204999923706055,7.204999923706055,1300,0.0,0.0,2023-06-14
1111,2023-06-14 12:10:00-04:00,7.204999923706055,7.204999923706055,7.204999923706055,7.204999923706055,127,0.0,0.0,2023-06-14
1112,2023-06-14 12:15:00-04:00,7.204999923706055,7.210000038146973,7.204999923706055,7.204999923706055,1469,0.0,0.0,2023-06-14
1113,2023-06-14 12:20:00-04:00,7.204999923706055,7.210000038146973,7.204999923706055,7.210000038146973,313,0.0,0.0,2023-06-14
1114,2023-06-14 12:25:00-04:00,7.199999809265137,7.199999809265137,7.184999942779541,7.190000057220459,2431,0.0,0.0,2023-06-14
1115,2023-06-14 12:30:00-04:00,7.190000057220459,7.195000171661377,7.190000057220459,7.195000171661377,319,0.0,0.0,2023-06-14
1116,2023-06-14 12:35:00-04:00,7.190000057220459,7.190000057220459,7.184999942779541,7.184999942779541,990,0.0,0.0,2023-06-14
1117,2023-06-14 12:40:00-04:00,7.184999942779541,7.184999942779541,7.184999942779541,7.184999942779541,257,0.0,0.0,2023-06-14
1118,2023-06-14 12:45:00-04:00,7.184999942779541,7.184999942779541,7.179999828338623,7.184999942779541,730,0.0,0.0,2023-06-14
1119,2023-06-14 12:50:00-04:00,7.179999828338623,7.179999828338623,7.179999828338623,7.179999828338623,748,0.0,0.0,2023-06-14
1120,2023-06-14 12:55:00-04:00,7.170000076293945,7.170000076293945,7.164999961853027,7.164999961853027,814,0.0,0.0,2023-06-14
1121,2023-06-14 13:00:00-04:00,7.170000076293945,7.170000076293945,7.159999847412109,7.164999961853027,960,0.0,0.0,2023-06-14
1122,2023-06-14 13:05:00-04:00,7.159999847412109,7.159999847412109,7.15500020980835,7.15500020980835,1965,0.0,0.0,2023-06-14
1123,2023-06-14 13:10:00-04:00,7.15500020980835,7.159999847412109,7.150000095367432,7.159999847412109,4394,0.0,0.0,2023-06-14
1124,2023-06-14 13:15:00-04:00,7.15500020980835,7.159999847412109,7.15500020980835,7.159999847412109,714,0.0,0.0,2023-06-14
1125,2023-06-14 13:20:00-04:00,7.150000095367432,7.150000095367432,7.139999866485596,7.144999980926514,884,0.0,0.0,2023-06-14
1126,2023-06-14 13:25:00-04:00,7.144999980926514,7.150000095367432,7.139999866485596,7.150000095367432,937,0.0,0.0,2023-06-14
1127,2023-06-14 13:30:00-04:00,7.150000095367432,7.150000095367432,7.144999980926514,7.144999980926514,274,0.0,0.0,2023-06-14
1128,2023-06-14 13:35:00-04:00,7.139999866485596,7.144999980926514,7.139999866485596,7.139999866485596,1193,0.0,0.0,2023-06-14
1129,2023-06-14 13:40:00-04:00,7.130000114440918,7.130000114440918,7.130000114440918,7.130000114440918,765,0.0,0.0,2023-06-14
1130,2023-06-14 13:45:00-04:00,7.15500020980835,7.179999828338623,7.15500020980835,7.179999828338623,692,0.0,0.0,2023-06-14
1131,2023-06-14 13:50:00-04:00,7.175000190734863,7.175000190734863,7.15500020980835,7.164999961853027,1348,0.0,0.0,2023-06-14
1132,2023-06-14 13:55:00-04:00,7.159999847412109,7.159999847412109,7.150000095367432,7.159999847412109,1099,0.0,0.0,2023-06-14
1133,2023-06-14 14:00:00-04:00,7.150000095367432,7.150000095367432,7.129499912261963,7.129499912261963,1340,0.0,0.0,2023-06-14
1134,2023-06-14 14:05:00-04:00,7.110000133514404,7.110000133514404,7.090000152587891,7.090000152587891,1403,0.0,0.0,2023-06-14
1135,2023-06-14 14:10:00-04:00,7.099999904632568,7.125,7.085000038146973,7.099999904632568,2333,0.0,0.0,2023-06-14
1136,2023-06-14 14:15:00-04:00,7.110000133514404,7.110000133514404,7.090000152587891,7.090000152587891,2168,0.0,0.0,2023-06-14
1137,2023-06-14 14:20:00-04:00,7.085000038146973,7.090000152587891,7.074999809265137,7.074999809265137,1274,0.0,0.0,2023-06-14
1138,2023-06-14 14:25:00-04:00,7.074999809265137,7.090000152587891,7.070000171661377,7.079999923706055,1535,0.0,0.0,2023-06-14
1139,2023-06-14 14:30:00-04:00,7.090000152587891,7.090000152587891,7.079999923706055,7.090000152587891,1901,0.0,0.0,2023-06-14
1140,2023-06-14 14:35:00-04:00,7.085000038146973,7.09499979019165,7.079999923706055,7.079999923706055,1454,0.0,0.0,2023-06-14
1141,2023-06-14 14:40:00-04:00,7.090000152587891,7.114999771118164,7.085000038146973,7.114999771118164,2152,0.0,0.0,2023-06-14
1142,2023-06-14 14:45:00-04:00,7.110000133514404,7.114999771118164,7.099999904632568,7.114999771118164,2496,0.0,0.0,2023-06-14
1143,2023-06-14 14:50:00-04:00,7.119999885559082,7.119999885559082,7.105000019073486,7.114999771118164,1163,0.0,0.0,2023-06-14
1144,2023-06-14 14:55:00-04:00,7.110000133514404,7.130000114440918,7.110000133514404,7.119999885559082,2139,0.0,0.0,2023-06-14
1145,2023-06-14 15:00:00-04:00,7.125,7.130000114440918,7.119999885559082,7.130000114440918,4464,0.0,0.0,2023-06-14
1146,2023-06-14 15:05:00-04:00,7.139999866485596,7.179999828338623,7.139999866485596,7.179999828338623,16020,0.0,0.0,2023-06-14
1147,2023-06-14 15:10:00-04:00,7.175000190734863,7.175000190734863,7.150000095367432,7.150000095367432,2335,0.0,0.0,2023-06-14
1148,2023-06-14 15:15:00-04:00,7.139999866485596,7.150000095367432,7.119999885559082,7.150000095367432,4203,0.0,0.0,2023-06-14
1149,2023-06-14 15:20:00-04:00,7.150000095367432,7.164999961853027,7.150000095367432,7.164999961853027,2662,0.0,0.0,2023-06-14
1150,2023-06-14 15:25:00-04:00,7.170000076293945,7.179999828338623,7.159999847412109,7.159999847412109,3448,0.0,0.0,2023-06-14
1151,2023-06-14 15:30:00-04:00,7.15500020980835,7.164999961853027,7.15500020980835,7.164999961853027,1008,0.0,0.0,2023-06-14
1152,2023-06-14 15:35:00-04:00,7.170000076293945,7.170000076293945,7.15500020980835,7.15500020980835,1458,0.0,0.0,2023-06-14
1153,2023-06-14 15:40:00-04:00,7.159999847412109,7.164999961853027,7.15500020980835,7.15500020980835,3976,0.0,0.0,2023-06-14
1154,2023-06-14 15:45:00-04:00,7.144999980926514,7.144999980926514,7.105000019073486,7.110000133514404,3507,0.0,0.0,2023-06-14
1155,2023-06-14 15:50:00-04:00,7.099999904632568,7.119999885559082,7.085000038146973,7.119999885559082,5169,0.0,0.0,2023-06-14
1156,2023-06-14 15:55:00-04:00,7.119999885559082,7.119999885559082,7.099999904632568,7.099999904632568,19775,0.0,0.0,2023-06-14
1157,2023-06-15 09:30:00-04:00,7.039999961853027,7.070000171661377,7.019999980926514,7.019999980926514,2409,0.0,0.0,2023-06-15
1158,2023-06-15 09:35:00-04:00,7.025000095367432,7.090000152587891,7.019999980926514,7.090000152587891,8250,0.0,0.0,2023-06-15
1159,2023-06-15 09:40:00-04:00,7.099999904632568,7.099999904632568,7.059999942779541,7.099999904632568,4825,0.0,0.0,2023-06-15
1160,2023-06-15 09:45:00-04:00,7.090000152587891,7.130000114440918,7.090000152587891,7.130000114440918,3522,0.0,0.0,2023-06-15
1161,2023-06-15 09:50:00-04:00,7.130000114440918,7.144999980926514,7.125,7.144999980926514,3487,0.0,0.0,2023-06-15
1162,2023-06-15 09:55:00-04:00,7.139999866485596,7.15500020980835,7.139999866485596,7.139999866485596,3794,0.0,0.0,2023-06-15
1163,2023-06-15 10:00:00-04:00,7.139999866485596,7.15500020980835,7.139999866485596,7.15500020980835,1491,0.0,0.0,2023-06-15
1164,2023-06-15 10:05:00-04:00,7.144999980926514,7.159999847412109,7.139999866485596,7.144999980926514,3776,0.0,0.0,2023-06-15
1165,2023-06-15 10:10:00-04:00,7.139999866485596,7.139999866485596,7.119999885559082,7.119999885559082,5093,0.0,0.0,2023-06-15
1166,2023-06-15 10:15:00-04:00,7.090000152587891,7.105000019073486,7.090000152587891,7.105000019073486,2061,0.0,0.0,2023-06-15
1167,2023-06-15 10:20:00-04:00,7.119999885559082,7.139999866485596,7.119999885559082,7.130000114440918,1846,0.0,0.0,2023-06-15
1168,2023-06-15 10:25:00-04:00,7.130000114440918,7.135000228881836,7.130000114440918,7.130000114440918,1651,0.0,0.0,2023-06-15
1169,2023-06-15 10:30:00-04:00,7.130000114440918,7.130000114440918,7.099999904632568,7.099999904632568,2766,0.0,0.0,2023-06-15
1170,2023-06-15 10:35:00-04:00,7.099999904632568,7.099999904632568,7.090000152587891,7.099999904632568,2346,0.0,0.0,2023-06-15
1171,2023-06-15 10:40:00-04:00,7.099999904632568,7.110000133514404,7.099999904632568,7.110000133514404,1914,0.0,0.0,2023-06-15
1172,2023-06-15 10:45:00-04:00,7.128300189971924,7.130000114440918,7.11899995803833,7.11899995803833,5275,0.0,0.0,2023-06-15
1173,2023-06-15 10:50:00-04:00,7.110000133514404,7.110000133514404,7.090000152587891,7.090000152587891,796,0.0,0.0,2023-06-15
1174,2023-06-15 10:55:00-04:00,7.090000152587891,7.090000152587891,7.085000038146973,7.085000038146973,553,0.0,0.0,2023-06-15
1175,2023-06-15 11:00:00-04:00,7.090000152587891,7.09499979019165,7.079999923706055,7.079999923706055,6208,0.0,0.0,2023-06-15
1176,2023-06-15 11:05:00-04:00,7.09499979019165,7.110000133514404,7.09499979019165,7.099999904632568,1008,0.0,0.0,2023-06-15
1177,2023-06-15 11:10:00-04:00,7.099999904632568,7.099999904632568,7.099999904632568,7.099999904632568,3000,0.0,0.0,2023-06-15
1178,2023-06-15 11:15:00-04:00,7.110000133514404,7.114999771118164,7.110000133514404,7.114999771118164,654,0.0,0.0,2023-06-15
1179,2023-06-15 11:20:00-04:00,7.119999885559082,7.119999885559082,7.119999885559082,7.119999885559082,1556,0.0,0.0,2023-06-15
1180,2023-06-15 11:25:00-04:00,7.119999885559082,7.130000114440918,7.119999885559082,7.130000114440918,1041,0.0,0.0,2023-06-15
1181,2023-06-15 11:30:00-04:00,7.130000114440918,7.135000228881836,7.119999885559082,7.119999885559082,5013,0.0,0.0,2023-06-15
1182,2023-06-15 11:35:00-04:00,7.119999885559082,7.125,7.119999885559082,7.125,1213,0.0,0.0,2023-06-15
1183,2023-06-15 11:40:00-04:00,7.119999885559082,7.119999885559082,7.114999771118164,7.114999771118164,1190,0.0,0.0,2023-06-15
1184,2023-06-15 11:45:00-04:00,7.110000133514404,7.110000133514404,7.09499979019165,7.09499979019165,1875,0.0,0.0,2023-06-15
1185,2023-06-15 11:50:00-04:00,7.099999904632568,7.099999904632568,7.099999904632568,7.099999904632568,1338,0.0,0.0,2023-06-15
1186,2023-06-15 11:55:00-04:00,7.099999904632568,7.099999904632568,7.090000152587891,7.090000152587891,1265,0.0,0.0,2023-06-15
1187,2023-06-15 12:00:00-04:00,7.085000038146973,7.090000152587891,7.074999809265137,7.074999809265137,3312,0.0,0.0,2023-06-15
1188,2023-06-15 12:05:00-04:00,7.074999809265137,7.085000038146973,7.074999809265137,7.085000038146973,2973,0.0,0.0,2023-06-15
1189,2023-06-15 12:10:00-04:00,7.070000171661377,7.074999809265137,7.070000171661377,7.074999809265137,1505,0.0,0.0,2023-06-15
1190,2023-06-15 12:15:00-04:00,7.079999923706055,7.079999923706055,7.074999809265137,7.074999809265137,611,0.0,0.0,2023-06-15
1191,2023-06-15 12:20:00-04:00,7.074999809265137,7.074999809265137,7.065000057220459,7.065000057220459,1564,0.0,0.0,2023-06-15
1192,2023-06-15 12:30:00-04:00,7.059999942779541,7.065000057220459,7.059999942779541,7.065000057220459,402,0.0,0.0,2023-06-15
1193,2023-06-15 12:35:00-04:00,7.065000057220459,7.079999923706055,7.065000057220459,7.079999923706055,6378,0.0,0.0,2023-06-15
1194,2023-06-15 12:40:00-04:00,7.074999809265137,7.079999923706055,7.074999809265137,7.074999809265137,1644,0.0,0.0,2023-06-15
1195,2023-06-15 12:45:00-04:00,7.070000171661377,7.079999923706055,7.070000171661377,7.074999809265137,3376,0.0,0.0,2023-06-15
1196,2023-06-15 12:55:00-04:00,7.079999923706055,7.09499979019165,7.074999809265137,7.09499979019165,5566,0.0,0.0,2023-06-15
1197,2023-06-15 13:00:00-04:00,7.09499979019165,7.09499979019165,7.09499979019165,7.09499979019165,647,0.0,0.0,2023-06-15
1198,2023-06-15 13:05:00-04:00,7.090000152587891,7.090000152587891,7.079999923706055,7.079999923706055,1925,0.0,0.0,2023-06-15
1199,2023-06-15 13:10:00-04:00,7.085000038146973,7.085000038146973,7.079999923706055,7.079999923706055,3265,0.0,0.0,2023-06-15
1200,2023-06-15 13:15:00-04:00,7.079999923706055,7.079999923706055,7.070000171661377,7.074999809265137,4201,0.0,0.0,2023-06-15
1201,2023-06-15 13:20:00-04:00,7.085000038146973,7.090000152587891,7.085000038146973,7.085000038146973,681,0.0,0.0,2023-06-15
1202,2023-06-15 13:25:00-04:00,7.085000038146973,7.085000038146973,7.085000038146973,7.085000038146973,933,0.0,0.0,2023-06-15
1203,2023-06-15 13:30:00-04:00,7.085000038146973,7.099999904632568,7.085000038146973,7.099999904632568,4566,0.0,0.0,2023-06-15
1204,2023-06-15 13:35:00-04:00,7.09499979019165,7.105000019073486,7.09499979019165,7.105000019073486,1759,0.0,0.0,2023-06-15
1205,2023-06-15 13:40:00-04:00,7.105000019073486,7.110000133514404,7.105000019073486,7.105000019073486,2842,0.0,0.0,2023-06-15
1206,2023-06-15 13:45:00-04:00,7.110000133514404,7.110000133514404,7.105000019073486,7.105000019073486,2019,0.0,0.0,2023-06-15
1207,2023-06-15 13:50:00-04:00,7.110000133514404,7.110000133514404,7.105000019073486,7.105000019073486,2141,0.0,0.0,2023-06-15
1208,2023-06-15 13:55:00-04:00,7.105000019073486,7.110000133514404,7.105000019073486,7.110000133514404,378,0.0,0.0,2023-06-15
1209,2023-06-15 14:00:00-04:00,7.105000019073486,7.114999771118164,7.105000019073486,7.114999771118164,2308,0.0,0.0,2023-06-15
1210,2023-06-15 14:05:00-04:00,7.114999771118164,7.114999771118164,7.114999771118164,7.114999771118164,307,0.0,0.0,2023-06-15
1211,2023-06-15 14:10:00-04:00,7.114999771118164,7.130000114440918,7.114999771118164,7.130000114440918,4178,0.0,0.0,2023-06-15
1212,2023-06-15 14:15:00-04:00,7.139999866485596,7.150000095367432,7.139999866485596,7.144999980926514,1066,0.0,0.0,2023-06-15
1213,2023-06-15 14:20:00-04:00,7.144999980926514,7.144999980926514,7.130000114440918,7.130000114440918,3399,0.0,0.0,2023-06-15
1214,2023-06-15 14:25:00-04:00,7.135000228881836,7.159999847412109,7.135000228881836,7.159999847412109,2355,0.0,0.0,2023-06-15
1215,2023-06-15 14:30:00-04:00,7.159999847412109,7.164999961853027,7.159999847412109,7.164999961853027,896,0.0,0.0,2023-06-15
1216,2023-06-15 14:35:00-04:00,7.164999961853027,7.170000076293945,7.15500020980835,7.164999961853027,9551,0.0,0.0,2023-06-15
1217,2023-06-15 14:40:00-04:00,7.164999961853027,7.164999961853027,7.164999961853027,7.164999961853027,544,0.0,0.0,2023-06-15
1218,2023-06-15 14:45:00-04:00,7.159999847412109,7.170000076293945,7.159999847412109,7.164999961853027,1337,0.0,0.0,2023-06-15
1219,2023-06-15 14:50:00-04:00,7.170000076293945,7.170000076293945,7.164999961853027,7.167500019073486,1572,0.0,0.0,2023-06-15
1220,2023-06-15 14:55:00-04:00,7.170000076293945,7.170000076293945,7.164999961853027,7.164999961853027,3295,0.0,0.0,2023-06-15
1221,2023-06-15 15:00:00-04:00,7.164999961853027,7.164999961853027,7.15500020980835,7.15500020980835,3847,0.0,0.0,2023-06-15
1222,2023-06-15 15:05:00-04:00,7.15500020980835,7.159999847412109,7.15500020980835,7.15500020980835,985,0.0,0.0,2023-06-15
1223,2023-06-15 15:10:00-04:00,7.150000095367432,7.159999847412109,7.144999980926514,7.15500020980835,6764,0.0,0.0,2023-06-15
1224,2023-06-15 15:15:00-04:00,7.15500020980835,7.159999847412109,7.1529998779296875,7.1529998779296875,3936,0.0,0.0,2023-06-15
1225,2023-06-15 15:20:00-04:00,7.150000095367432,7.15500020980835,7.150000095367432,7.15500020980835,1797,0.0,0.0,2023-06-15
1226,2023-06-15 15:25:00-04:00,7.150000095367432,7.150000095367432,7.139999866485596,7.144999980926514,5500,0.0,0.0,2023-06-15
1227,2023-06-15 15:30:00-04:00,7.144999980926514,7.150000095367432,7.135000228881836,7.135000228881836,7205,0.0,0.0,2023-06-15
1228,2023-06-15 15:35:00-04:00,7.135000228881836,7.144999980926514,7.130000114440918,7.144999980926514,5296,0.0,0.0,2023-06-15
1229,2023-06-15 15:40:00-04:00,7.144999980926514,7.144999980926514,7.135000228881836,7.135000228881836,4127,0.0,0.0,2023-06-15
1230,2023-06-15 15:45:00-04:00,7.139999866485596,7.139999866485596,7.135000228881836,7.135000228881836,6173,0.0,0.0,2023-06-15
1231,2023-06-15 15:50:00-04:00,7.139999866485596,7.139999866485596,7.130000114440918,7.130000114440918,9181,0.0,0.0,2023-06-15
1232,2023-06-15 15:55:00-04:00,7.130000114440918,7.130000114440918,7.110000133514404,7.130000114440918,30958,0.0,0.0,2023-06-15
1233,2023-06-16 09:30:00-04:00,7.210000038146973,7.289999961853027,7.190000057220459,7.21999979019165,56952,0.0,0.0,2023-06-16
1234,2023-06-16 09:35:00-04:00,7.235000133514404,7.239999771118164,7.190000057220459,7.210000038146973,1951,0.0,0.0,2023-06-16
1235,2023-06-16 09:40:00-04:00,7.210000038146973,7.210000038146973,7.190000057220459,7.199999809265137,2586,0.0,0.0,2023-06-16
1236,2023-06-16 09:45:00-04:00,7.210000038146973,7.210000038146973,7.179999828338623,7.190000057220459,3494,0.0,0.0,2023-06-16
1237,2023-06-16 09:50:00-04:00,7.195000171661377,7.210000038146973,7.150000095367432,7.159999847412109,4125,0.0,0.0,2023-06-16
1238,2023-06-16 09:55:00-04:00,7.170000076293945,7.170000076293945,7.119999885559082,7.119999885559082,1344,0.0,0.0,2023-06-16
1239,2023-06-16 10:00:00-04:00,7.1508002281188965,7.170000076293945,7.130000114440918,7.130000114440918,3841,0.0,0.0,2023-06-16
1240,2023-06-16 10:05:00-04:00,7.130000114440918,7.170000076293945,7.130000114440918,7.159999847412109,4542,0.0,0.0,2023-06-16
1241,2023-06-16 10:10:00-04:00,7.175000190734863,7.195000171661377,7.175000190734863,7.179999828338623,1427,0.0,0.0,2023-06-16
1242,2023-06-16 10:15:00-04:00,7.159999847412109,7.170000076293945,7.150000095367432,7.150000095367432,2567,0.0,0.0,2023-06-16
1243,2023-06-16 10:20:00-04:00,7.149899959564209,7.159999847412109,7.149899959564209,7.159999847412109,1022,0.0,0.0,2023-06-16
1244,2023-06-16 10:25:00-04:00,7.139999866485596,7.150000095367432,7.139999866485596,7.150000095367432,453,0.0,0.0,2023-06-16
1245,2023-06-16 10:30:00-04:00,7.150000095367432,7.150000095367432,7.119999885559082,7.119999885559082,2359,0.0,0.0,2023-06-16
1246,2023-06-16 10:35:00-04:00,7.130000114440918,7.135000228881836,7.130000114440918,7.130000114440918,923,0.0,0.0,2023-06-16
1247,2023-06-16 10:40:00-04:00,7.119999885559082,7.119999885559082,7.099999904632568,7.099999904632568,1905,0.0,0.0,2023-06-16
1248,2023-06-16 10:45:00-04:00,7.082900047302246,7.090000152587891,7.079999923706055,7.079999923706055,837,0.0,0.0,2023-06-16
1249,2023-06-16 10:50:00-04:00,7.079999923706055,7.079999923706055,7.079999923706055,7.079999923706055,823,0.0,0.0,2023-06-16
1250,2023-06-16 10:55:00-04:00,7.085000038146973,7.085000038146973,7.079999923706055,7.079999923706055,1660,0.0,0.0,2023-06-16
1251,2023-06-16 11:00:00-04:00,7.079999923706055,7.079999923706055,7.059999942779541,7.059999942779541,1702,0.0,0.0,2023-06-16
1252,2023-06-16 11:05:00-04:00,7.050000190734863,7.059999942779541,7.050000190734863,7.059999942779541,1049,0.0,0.0,2023-06-16
1253,2023-06-16 11:10:00-04:00,7.074999809265137,7.074999809265137,7.074999809265137,7.074999809265137,728,0.0,0.0,2023-06-16
1254,2023-06-16 11:15:00-04:00,7.079999923706055,7.079999923706055,7.059999942779541,7.059999942779541,916,0.0,0.0,2023-06-16
1255,2023-06-16 11:25:00-04:00,7.050000190734863,7.050000190734863,7.034999847412109,7.034999847412109,2000,0.0,0.0,2023-06-16
1256,2023-06-16 11:30:00-04:00,7.039999961853027,7.054999828338623,7.039999961853027,7.054999828338623,615,0.0,0.0,2023-06-16
1257,2023-06-16 11:35:00-04:00,7.039999961853027,7.039999961853027,7.019999980926514,7.019999980926514,1423,0.0,0.0,2023-06-16
1258,2023-06-16 11:40:00-04:00,7.03000020980835,7.039999961853027,7.03000020980835,7.039999961853027,2944,0.0,0.0,2023-06-16
1259,2023-06-16 11:45:00-04:00,7.039999961853027,7.039999961853027,7.03000020980835,7.03000020980835,1342,0.0,0.0,2023-06-16
1260,2023-06-16 11:50:00-04:00,7.014999866485596,7.019999980926514,7.014999866485596,7.019999980926514,633,0.0,0.0,2023-06-16
1261,2023-06-16 11:55:00-04:00,7.039999961853027,7.050000190734863,7.039999961853027,7.050000190734863,652,0.0,0.0,2023-06-16
1262,2023-06-16 12:00:00-04:00,7.045000076293945,7.059999942779541,7.045000076293945,7.059999942779541,2626,0.0,0.0,2023-06-16
1263,2023-06-16 12:05:00-04:00,7.059999942779541,7.070000171661377,7.050000190734863,7.065000057220459,2350,0.0,0.0,2023-06-16
1264,2023-06-16 12:10:00-04:00,7.070000171661377,7.070000171661377,7.059999942779541,7.065000057220459,2970,0.0,0.0,2023-06-16
1265,2023-06-16 12:15:00-04:00,7.059999942779541,7.070000171661377,7.059999942779541,7.059999942779541,1310,0.0,0.0,2023-06-16
1266,2023-06-16 12:20:00-04:00,7.059999942779541,7.059999942779541,7.059999942779541,7.059999942779541,390,0.0,0.0,2023-06-16
1267,2023-06-16 12:25:00-04:00,7.050000190734863,7.054999828338623,7.050000190734863,7.050000190734863,1078,0.0,0.0,2023-06-16
1268,2023-06-16 12:30:00-04:00,7.059999942779541,7.059999942779541,7.059999942779541,7.059999942779541,352,0.0,0.0,2023-06-16
1269,2023-06-16 12:35:00-04:00,7.059999942779541,7.059999942779541,7.059999942779541,7.059999942779541,108,0.0,0.0,2023-06-16
1270,2023-06-16 12:40:00-04:00,7.065000057220459,7.065000057220459,7.065000057220459,7.065000057220459,219,0.0,0.0,2023-06-16
1271,2023-06-16 12:45:00-04:00,7.065000057220459,7.065000057220459,7.050000190734863,7.06279993057251,5653,0.0,0.0,2023-06-16
1272,2023-06-16 12:50:00-04:00,7.070000171661377,7.074999809265137,7.065000057220459,7.074999809265137,2556,0.0,0.0,2023-06-16
1273,2023-06-16 12:55:00-04:00,7.074999809265137,7.074999809265137,7.070000171661377,7.070000171661377,1724,0.0,0.0,2023-06-16
1274,2023-06-16 13:00:00-04:00,7.059999942779541,7.059999942779541,7.050000190734863,7.050000190734863,744,0.0,0.0,2023-06-16
1275,2023-06-16 13:05:00-04:00,7.050000190734863,7.050000190734863,7.050000190734863,7.050000190734863,566,0.0,0.0,2023-06-16
1276,2023-06-16 13:10:00-04:00,7.034999847412109,7.050000190734863,7.034999847412109,7.050000190734863,1225,0.0,0.0,2023-06-16
1277,2023-06-16 13:15:00-04:00,7.045000076293945,7.045000076293945,7.045000076293945,7.045000076293945,242,0.0,0.0,2023-06-16
1278,2023-06-16 13:20:00-04:00,7.039999961853027,7.039999961853027,7.034999847412109,7.034999847412109,3751,0.0,0.0,2023-06-16
1279,2023-06-16 13:25:00-04:00,7.034999847412109,7.034999847412109,7.03000020980835,7.03000020980835,869,0.0,0.0,2023-06-16
1280,2023-06-16 13:35:00-04:00,7.019999980926514,7.019999980926514,7.019999980926514,7.019999980926514,589,0.0,0.0,2023-06-16
1281,2023-06-16 13:45:00-04:00,7.014999866485596,7.014999866485596,7.014999866485596,7.014999866485596,369,0.0,0.0,2023-06-16
1282,2023-06-16 13:50:00-04:00,7.010000228881836,7.019899845123291,7.010000228881836,7.019899845123291,344,0.0,0.0,2023-06-16
1283,2023-06-16 13:55:00-04:00,7.019999980926514,7.019999980926514,7.014999866485596,7.014999866485596,1276,0.0,0.0,2023-06-16
1284,2023-06-16 14:00:00-04:00,7.010000228881836,7.013800144195557,7.005000114440918,7.010000228881836,2782,0.0,0.0,2023-06-16
1285,2023-06-16 14:05:00-04:00,7.005000114440918,7.014999866485596,7.005000114440918,7.014999866485596,13516,0.0,0.0,2023-06-16
1286,2023-06-16 14:10:00-04:00,7.010000228881836,7.010000228881836,7.005000114440918,7.005000114440918,1283,0.0,0.0,2023-06-16
1287,2023-06-16 14:15:00-04:00,7.005000114440918,7.090000152587891,7.005000114440918,7.090000152587891,25730,0.0,0.0,2023-06-16
1288,2023-06-16 14:20:00-04:00,7.085000038146973,7.099999904632568,7.079999923706055,7.085000038146973,3008,0.0,0.0,2023-06-16
1289,2023-06-16 14:25:00-04:00,7.085000038146973,7.085000038146973,7.079999923706055,7.079999923706055,1340,0.0,0.0,2023-06-16
1290,2023-06-16 14:30:00-04:00,7.085000038146973,7.090000152587891,7.085000038146973,7.090000152587891,1016,0.0,0.0,2023-06-16
1291,2023-06-16 14:35:00-04:00,7.09499979019165,7.099999904632568,7.09499979019165,7.099999904632568,1389,0.0,0.0,2023-06-16
1292,2023-06-16 14:40:00-04:00,7.105000019073486,7.114999771118164,7.099999904632568,7.105000019073486,4156,0.0,0.0,2023-06-16
1293,2023-06-16 14:45:00-04:00,7.099999904632568,7.130000114440918,7.09499979019165,7.130000114440918,25992,0.0,0.0,2023-06-16
1294,2023-06-16 14:50:00-04:00,7.135000228881836,7.139999866485596,7.135000228881836,7.135000228881836,2297,0.0,0.0,2023-06-16
1295,2023-06-16 14:55:00-04:00,7.135000228881836,7.135000228881836,7.114999771118164,7.119999885559082,8261,0.0,0.0,2023-06-16
1296,2023-06-16 15:05:00-04:00,7.119999885559082,7.119999885559082,7.110000133514404,7.110000133514404,2792,0.0,0.0,2023-06-16
1297,2023-06-16 15:10:00-04:00,7.105000019073486,7.114999771118164,7.105000019073486,7.105000019073486,3603,0.0,0.0,2023-06-16
1298,2023-06-16 15:15:00-04:00,7.105000019073486,7.110000133514404,7.105000019073486,7.105000019073486,788,0.0,0.0,2023-06-16
1299,2023-06-16 15:20:00-04:00,7.105000019073486,7.110000133514404,7.105000019073486,7.105000019073486,4435,0.0,0.0,2023-06-16
1300,2023-06-16 15:25:00-04:00,7.105000019073486,7.105000019073486,7.071000099182129,7.071000099182129,6499,0.0,0.0,2023-06-16
1301,2023-06-16 15:30:00-04:00,7.070000171661377,7.079999923706055,7.039999961853027,7.059999942779541,20406,0.0,0.0,2023-06-16
1302,2023-06-16 15:35:00-04:00,7.090000152587891,7.090000152587891,7.039999961853027,7.079999923706055,32243,0.0,0.0,2023-06-16
1303,2023-06-16 15:40:00-04:00,7.079999923706055,7.085000038146973,7.039999961853027,7.054999828338623,16915,0.0,0.0,2023-06-16
1304,2023-06-16 15:45:00-04:00,7.059999942779541,7.059999942779541,7.050000190734863,7.054999828338623,7434,0.0,0.0,2023-06-16
1305,2023-06-16 15:50:00-04:00,7.059999942779541,7.071000099182129,7.019999980926514,7.039999961853027,46076,0.0,0.0,2023-06-16
1306,2023-06-16 15:55:00-04:00,7.045000076293945,7.090000152587891,7.045000076293945,7.079999923706055,36887,0.0,0.0,2023-06-16
1307,2023-06-20 09:30:00-04:00,7.010000228881836,7.099999904632568,7.010000228881836,7.039999961853027,10190,0.0,0.0,2023-06-20
1308,2023-06-20 09:35:00-04:00,7.03000020980835,7.050000190734863,7.019999980926514,7.019999980926514,1575,0.0,0.0,2023-06-20
1309,2023-06-20 09:40:00-04:00,7.005000114440918,7.025000095367432,7.0,7.0,7426,0.0,0.0,2023-06-20
1310,2023-06-20 09:45:00-04:00,6.96999979019165,6.989999771118164,6.960000038146973,6.960000038146973,2864,0.0,0.0,2023-06-20
1311,2023-06-20 09:50:00-04:00,6.96999979019165,6.989999771118164,6.96999979019165,6.989999771118164,999,0.0,0.0,2023-06-20
1312,2023-06-20 09:55:00-04:00,6.980000019073486,6.989999771118164,6.980000019073486,6.989999771118164,1727,0.0,0.0,2023-06-20
1313,2023-06-20 10:00:00-04:00,6.989999771118164,7.0,6.989999771118164,7.0,3827,0.0,0.0,2023-06-20
1314,2023-06-20 10:05:00-04:00,7.0,7.019999980926514,6.985000133514404,6.989999771118164,10943,0.0,0.0,2023-06-20
1315,2023-06-20 10:10:00-04:00,7.005000114440918,7.005000114440918,6.994999885559082,6.994999885559082,810,0.0,0.0,2023-06-20
1316,2023-06-20 10:15:00-04:00,7.0,7.010000228881836,7.0,7.010000228881836,2080,0.0,0.0,2023-06-20
1317,2023-06-20 10:20:00-04:00,7.019999980926514,7.019999980926514,7.0,7.005000114440918,1404,0.0,0.0,2023-06-20
1318,2023-06-20 10:25:00-04:00,7.0,7.0,6.980000019073486,6.980000019073486,2845,0.0,0.0,2023-06-20
1319,2023-06-20 10:30:00-04:00,6.985000133514404,7.010000228881836,6.985000133514404,7.010000228881836,1827,0.0,0.0,2023-06-20
1320,2023-06-20 10:35:00-04:00,7.010000228881836,7.010000228881836,6.980000019073486,6.980000019073486,1824,0.0,0.0,2023-06-20
1321,2023-06-20 10:40:00-04:00,6.96999979019165,6.96999979019165,6.960000038146973,6.960000038146973,1357,0.0,0.0,2023-06-20
1322,2023-06-20 10:45:00-04:00,6.960000038146973,6.985000133514404,6.960000038146973,6.985000133514404,2572,0.0,0.0,2023-06-20
1323,2023-06-20 10:50:00-04:00,6.980000019073486,6.989999771118164,6.980000019073486,6.985000133514404,609,0.0,0.0,2023-06-20
1324,2023-06-20 10:55:00-04:00,6.985000133514404,6.985000133514404,6.985000133514404,6.985000133514404,445,0.0,0.0,2023-06-20
1325,2023-06-20 11:00:00-04:00,7.010000228881836,7.010000228881836,6.994999885559082,6.994999885559082,1519,0.0,0.0,2023-06-20
1326,2023-06-20 11:05:00-04:00,6.994999885559082,6.994999885559082,6.989999771118164,6.994999885559082,1508,0.0,0.0,2023-06-20
1327,2023-06-20 11:10:00-04:00,6.989999771118164,6.989999771118164,6.989999771118164,6.989999771118164,1447,0.0,0.0,2023-06-20
1328,2023-06-20 11:20:00-04:00,6.994999885559082,6.994999885559082,6.989999771118164,6.989999771118164,1389,0.0,0.0,2023-06-20
1329,2023-06-20 11:25:00-04:00,6.989999771118164,6.989999771118164,6.974999904632568,6.974999904632568,1697,0.0,0.0,2023-06-20
1330,2023-06-20 11:30:00-04:00,6.974999904632568,6.980000019073486,6.974999904632568,6.980000019073486,578,0.0,0.0,2023-06-20
1331,2023-06-20 11:35:00-04:00,6.985000133514404,6.985000133514404,6.985000133514404,6.985000133514404,294,0.0,0.0,2023-06-20
1332,2023-06-20 11:40:00-04:00,6.989999771118164,6.989999771118164,6.989999771118164,6.989999771118164,272,0.0,0.0,2023-06-20
1333,2023-06-20 11:45:00-04:00,6.989200115203857,6.989999771118164,6.989200115203857,6.989999771118164,1369,0.0,0.0,2023-06-20
1334,2023-06-20 11:55:00-04:00,6.989999771118164,7.005000114440918,6.989999771118164,7.005000114440918,6601,0.0,0.0,2023-06-20
1335,2023-06-20 12:00:00-04:00,7.0,7.005000114440918,7.0,7.0,5498,0.0,0.0,2023-06-20
1336,2023-06-20 12:05:00-04:00,7.005000114440918,7.005000114440918,6.994999885559082,6.994999885559082,1127,0.0,0.0,2023-06-20
1337,2023-06-20 12:10:00-04:00,6.994999885559082,7.010000228881836,6.994999885559082,7.010000228881836,2057,0.0,0.0,2023-06-20
1338,2023-06-20 12:15:00-04:00,7.014999866485596,7.019999980926514,7.014999866485596,7.019999980926514,299,0.0,0.0,2023-06-20
1339,2023-06-20 12:20:00-04:00,7.014999866485596,7.019999980926514,7.014999866485596,7.019999980926514,837,0.0,0.0,2023-06-20
1340,2023-06-20 12:25:00-04:00,7.03000020980835,7.03000020980835,7.025000095367432,7.025000095367432,2675,0.0,0.0,2023-06-20
1341,2023-06-20 12:30:00-04:00,7.019999980926514,7.025000095367432,7.019999980926514,7.025000095367432,396,0.0,0.0,2023-06-20
1342,2023-06-20 12:35:00-04:00,7.03000020980835,7.034999847412109,7.03000020980835,7.034999847412109,704,0.0,0.0,2023-06-20
1343,2023-06-20 12:45:00-04:00,7.034999847412109,7.045000076293945,7.034999847412109,7.045000076293945,1629,0.0,0.0,2023-06-20
1344,2023-06-20 12:50:00-04:00,7.039999961853027,7.039999961853027,7.039999961853027,7.039999961853027,253,0.0,0.0,2023-06-20
1345,2023-06-20 12:55:00-04:00,7.050000190734863,7.050000190734863,7.045000076293945,7.045000076293945,638,0.0,0.0,2023-06-20
1346,2023-06-20 13:00:00-04:00,7.045000076293945,7.050000190734863,7.045000076293945,7.050000190734863,427,0.0,0.0,2023-06-20
1347,2023-06-20 13:05:00-04:00,7.039999961853027,7.039999961853027,7.039999961853027,7.039999961853027,183,0.0,0.0,2023-06-20
1348,2023-06-20 13:10:00-04:00,7.045000076293945,7.050000190734863,7.045000076293945,7.050000190734863,421,0.0,0.0,2023-06-20
1349,2023-06-20 13:15:00-04:00,7.045000076293945,7.050000190734863,7.03000020980835,7.03000020980835,4198,0.0,0.0,2023-06-20
1350,2023-06-20 13:20:00-04:00,7.019999980926514,7.025000095367432,7.019999980926514,7.019999980926514,1156,0.0,0.0,2023-06-20
1351,2023-06-20 13:25:00-04:00,7.019999980926514,7.019999980926514,7.019999980926514,7.019999980926514,174,0.0,0.0,2023-06-20
1352,2023-06-20 13:30:00-04:00,7.019999980926514,7.025000095367432,7.019999980926514,7.025000095367432,688,0.0,0.0,2023-06-20
1353,2023-06-20 13:35:00-04:00,7.019999980926514,7.025000095367432,7.019999980926514,7.025000095367432,244,0.0,0.0,2023-06-20
1354,2023-06-20 13:40:00-04:00,7.029900074005127,7.029900074005127,7.025000095367432,7.025000095367432,1108,0.0,0.0,2023-06-20
1355,2023-06-20 13:45:00-04:00,7.025000095367432,7.039999961853027,7.019999980926514,7.039999961853027,3085,0.0,0.0,2023-06-20
1356,2023-06-20 13:50:00-04:00,7.039999961853027,7.054999828338623,7.039999961853027,7.050000190734863,2600,0.0,0.0,2023-06-20
1357,2023-06-20 13:55:00-04:00,7.054999828338623,7.059999942779541,7.045000076293945,7.050000190734863,3636,0.0,0.0,2023-06-20
1358,2023-06-20 14:00:00-04:00,7.039999961853027,7.039999961853027,7.034999847412109,7.034999847412109,854,0.0,0.0,2023-06-20
1359,2023-06-20 14:05:00-04:00,7.03000020980835,7.03000020980835,7.019999980926514,7.019999980926514,1119,0.0,0.0,2023-06-20
1360,2023-06-20 14:10:00-04:00,7.025000095367432,7.025000095367432,7.025000095367432,7.025000095367432,226,0.0,0.0,2023-06-20
1361,2023-06-20 14:15:00-04:00,7.025000095367432,7.025000095367432,7.019999980926514,7.019999980926514,611,0.0,0.0,2023-06-20
1362,2023-06-20 14:20:00-04:00,7.025000095367432,7.025000095367432,7.010000228881836,7.010000228881836,2375,0.0,0.0,2023-06-20
1363,2023-06-20 14:25:00-04:00,7.014999866485596,7.014999866485596,7.010000228881836,7.010000228881836,605,0.0,0.0,2023-06-20
1364,2023-06-20 14:30:00-04:00,7.014999866485596,7.014999866485596,7.014999866485596,7.014999866485596,400,0.0,0.0,2023-06-20
1365,2023-06-20 14:35:00-04:00,7.010000228881836,7.019999980926514,7.010000228881836,7.019999980926514,624,0.0,0.0,2023-06-20
1366,2023-06-20 14:40:00-04:00,7.014999866485596,7.014999866485596,7.014999866485596,7.014999866485596,540,0.0,0.0,2023-06-20
1367,2023-06-20 14:45:00-04:00,7.014999866485596,7.03000020980835,7.014999866485596,7.025000095367432,3879,0.0,0.0,2023-06-20
1368,2023-06-20 14:50:00-04:00,7.019999980926514,7.03000020980835,7.019999980926514,7.025000095367432,860,0.0,0.0,2023-06-20
1369,2023-06-20 14:55:00-04:00,7.03000020980835,7.039999961853027,7.03000020980835,7.039999961853027,2725,0.0,0.0,2023-06-20
1370,2023-06-20 15:00:00-04:00,7.034999847412109,7.050000190734863,7.034999847412109,7.045000076293945,2165,0.0,0.0,2023-06-20
1371,2023-06-20 15:05:00-04:00,7.050000190734863,7.050000190734863,7.045000076293945,7.050000190734863,0,0.0,0.0,2023-06-20
1372,2023-06-20 15:10:00-04:00,7.045000076293945,7.050000190734863,7.045000076293945,7.045000076293945,126062,0.0,0.0,2023-06-20
1373,2023-06-20 15:15:00-04:00,7.050000190734863,7.050000190734863,7.045000076293945,7.045000076293945,3164,0.0,0.0,2023-06-20
1374,2023-06-20 15:20:00-04:00,7.045000076293945,7.070000171661377,7.045000076293945,7.065000057220459,4663,0.0,0.0,2023-06-20
1375,2023-06-20 15:25:00-04:00,7.059999942779541,7.070000171661377,7.059999942779541,7.070000171661377,1815,0.0,0.0,2023-06-20
1376,2023-06-20 15:30:00-04:00,7.070000171661377,7.070000171661377,7.050000190734863,7.054999828338623,6197,0.0,0.0,2023-06-20
1377,2023-06-20 15:35:00-04:00,7.054999828338623,7.059999942779541,7.054999828338623,7.059999942779541,3047,0.0,0.0,2023-06-20
1378,2023-06-20 15:40:00-04:00,7.059999942779541,7.059999942779541,7.054999828338623,7.059999942779541,3151,0.0,0.0,2023-06-20
1379,2023-06-20 15:45:00-04:00,7.059999942779541,7.070000171661377,7.054999828338623,7.070000171661377,7755,0.0,0.0,2023-06-20
1380,2023-06-20 15:50:00-04:00,7.070000171661377,7.090000152587891,7.065000057220459,7.070000171661377,14641,0.0,0.0,2023-06-20
1381,2023-06-20 15:55:00-04:00,7.059999942779541,7.070000171661377,7.03000020980835,7.034999847412109,30875,0.0,0.0,2023-06-20
1382,2023-06-21 09:30:00-04:00,7.019999980926514,7.019999980926514,6.940000057220459,6.960000038146973,3017,0.0,0.0,2023-06-21
1383,2023-06-21 09:35:00-04:00,6.940000057220459,6.940000057220459,6.920000076293945,6.940000057220459,846,0.0,0.0,2023-06-21
1384,2023-06-21 09:40:00-04:00,6.929999828338623,6.934999942779541,6.909999847412109,6.909999847412109,794,0.0,0.0,2023-06-21
1385,2023-06-21 09:45:00-04:00,6.914999961853027,6.949999809265137,6.914999961853027,6.934999942779541,3329,0.0,0.0,2023-06-21
1386,2023-06-21 09:50:00-04:00,6.940000057220459,6.952499866485596,6.940000057220459,6.949999809265137,7004,0.0,0.0,2023-06-21
1387,2023-06-21 09:55:00-04:00,6.949999809265137,6.960000038146973,6.949999809265137,6.954999923706055,8584,0.0,0.0,2023-06-21
1388,2023-06-21 10:00:00-04:00,6.949999809265137,6.974999904632568,6.949999809265137,6.949999809265137,4566,0.0,0.0,2023-06-21
1389,2023-06-21 10:05:00-04:00,6.949999809265137,6.96999979019165,6.949999809265137,6.965000152587891,1000,0.0,0.0,2023-06-21
1390,2023-06-21 10:10:00-04:00,6.989999771118164,7.025000095367432,6.989999771118164,7.025000095367432,2091,0.0,0.0,2023-06-21
1391,2023-06-21 10:15:00-04:00,7.03000020980835,7.054999828338623,7.03000020980835,7.034999847412109,13930,0.0,0.0,2023-06-21
1392,2023-06-21 10:20:00-04:00,7.039999961853027,7.039999961853027,7.010000228881836,7.019999980926514,2079,0.0,0.0,2023-06-21
1393,2023-06-21 10:25:00-04:00,7.019999980926514,7.050000190734863,7.018700122833252,7.050000190734863,1199,0.0,0.0,2023-06-21
1394,2023-06-21 10:30:00-04:00,7.039999961853027,7.045000076293945,7.039999961853027,7.045000076293945,1206,0.0,0.0,2023-06-21
1395,2023-06-21 10:35:00-04:00,7.034999847412109,7.034999847412109,7.025000095367432,7.025000095367432,388,0.0,0.0,2023-06-21
1396,2023-06-21 10:40:00-04:00,7.019999980926514,7.025000095367432,7.010000228881836,7.010000228881836,4223,0.0,0.0,2023-06-21
1397,2023-06-21 10:45:00-04:00,6.989999771118164,6.989999771118164,6.989999771118164,6.989999771118164,427,0.0,0.0,2023-06-21
1398,2023-06-21 10:50:00-04:00,6.980000019073486,7.010000228881836,6.980000019073486,7.010000228881836,3053,0.0,0.0,2023-06-21
1399,2023-06-21 10:55:00-04:00,7.010000228881836,7.03000020980835,7.010000228881836,7.03000020980835,1912,0.0,0.0,2023-06-21
1400,2023-06-21 11:00:00-04:00,7.039999961853027,7.045000076293945,7.03000020980835,7.03000020980835,3710,0.0,0.0,2023-06-21
1401,2023-06-21 11:05:00-04:00,7.019999980926514,7.019999980926514,7.019999980926514,7.019999980926514,1234,0.0,0.0,2023-06-21
1402,2023-06-21 11:15:00-04:00,7.019999980926514,7.025000095367432,7.019999980926514,7.025000095367432,1053,0.0,0.0,2023-06-21
1403,2023-06-21 11:20:00-04:00,7.03000020980835,7.045000076293945,7.03000020980835,7.039999961853027,3450,0.0,0.0,2023-06-21
1404,2023-06-21 11:25:00-04:00,7.034999847412109,7.034999847412109,7.034999847412109,7.034999847412109,269,0.0,0.0,2023-06-21
1405,2023-06-21 11:30:00-04:00,7.03000020980835,7.03000020980835,7.019999980926514,7.019999980926514,1125,0.0,0.0,2023-06-21
1406,2023-06-21 11:35:00-04:00,7.014999866485596,7.025000095367432,7.014999866485596,7.025000095367432,419,0.0,0.0,2023-06-21
1407,2023-06-21 11:40:00-04:00,7.03000020980835,7.03000020980835,7.03000020980835,7.03000020980835,114,0.0,0.0,2023-06-21
1408,2023-06-21 11:45:00-04:00,7.019999980926514,7.025000095367432,7.019999980926514,7.019999980926514,1571,0.0,0.0,2023-06-21
1409,2023-06-21 11:50:00-04:00,7.014999866485596,7.014999866485596,7.014999866485596,7.014999866485596,131,0.0,0.0,2023-06-21
1410,2023-06-21 11:55:00-04:00,7.019999980926514,7.019999980926514,7.019999980926514,7.019999980926514,143,0.0,0.0,2023-06-21
1411,2023-06-21 12:00:00-04:00,7.025000095367432,7.025000095367432,7.025000095367432,7.025000095367432,612,0.0,0.0,2023-06-21
1412,2023-06-21 12:05:00-04:00,7.025000095367432,7.025000095367432,7.025000095367432,7.025000095367432,100,0.0,0.0,2023-06-21
1413,2023-06-21 12:10:00-04:00,7.025000095367432,7.025000095367432,7.019999980926514,7.019999980926514,1919,0.0,0.0,2023-06-21
1414,2023-06-21 12:15:00-04:00,7.019999980926514,7.034999847412109,7.019999980926514,7.025000095367432,2364,0.0,0.0,2023-06-21
1415,2023-06-21 12:20:00-04:00,7.014999866485596,7.014999866485596,7.014999866485596,7.014999866485596,192,0.0,0.0,2023-06-21
1416,2023-06-21 12:30:00-04:00,7.014999866485596,7.019999980926514,7.014999866485596,7.019999980926514,737,0.0,0.0,2023-06-21
1417,2023-06-21 12:35:00-04:00,7.03000020980835,7.03000020980835,7.025000095367432,7.025000095367432,727,0.0,0.0,2023-06-21
1418,2023-06-21 12:40:00-04:00,7.025000095367432,7.025000095367432,7.019999980926514,7.019999980926514,1776,0.0,0.0,2023-06-21
1419,2023-06-21 12:45:00-04:00,7.010000228881836,7.014999866485596,7.010000228881836,7.014999866485596,335,0.0,0.0,2023-06-21
1420,2023-06-21 12:50:00-04:00,7.010000228881836,7.014999866485596,7.010000228881836,7.010000228881836,2280,0.0,0.0,2023-06-21
1421,2023-06-21 12:55:00-04:00,7.0,7.0,6.994999885559082,6.994999885559082,930,0.0,0.0,2023-06-21
1422,2023-06-21 13:00:00-04:00,6.994999885559082,6.994999885559082,6.994999885559082,6.994999885559082,242,0.0,0.0,2023-06-21
1423,2023-06-21 13:05:00-04:00,7.0,7.005000114440918,6.994999885559082,7.005000114440918,1249,0.0,0.0,2023-06-21
1424,2023-06-21 13:10:00-04:00,7.010000228881836,7.010000228881836,7.0,7.005000114440918,376,0.0,0.0,2023-06-21
1425,2023-06-21 13:15:00-04:00,7.005000114440918,7.005000114440918,7.005000114440918,7.005000114440918,111,0.0,0.0,2023-06-21
1426,2023-06-21 13:20:00-04:00,7.005000114440918,7.005000114440918,7.0,7.005000114440918,625,0.0,0.0,2023-06-21
1427,2023-06-21 13:25:00-04:00,7.005000114440918,7.014999866485596,7.005000114440918,7.014999866485596,784,0.0,0.0,2023-06-21
1428,2023-06-21 13:30:00-04:00,7.019999980926514,7.039999961853027,7.019999980926514,7.039999961853027,2745,0.0,0.0,2023-06-21
1429,2023-06-21 13:35:00-04:00,7.045000076293945,7.050000190734863,7.045000076293945,7.050000190734863,2120,0.0,0.0,2023-06-21
1430,2023-06-21 13:40:00-04:00,7.045000076293945,7.045000076293945,7.045000076293945,7.045000076293945,137,0.0,0.0,2023-06-21
1431,2023-06-21 13:45:00-04:00,7.045000076293945,7.050000190734863,7.045000076293945,7.045000076293945,682,0.0,0.0,2023-06-21
1432,2023-06-21 13:50:00-04:00,7.045000076293945,7.045599937438965,7.039999961853027,7.045599937438965,2038,0.0,0.0,2023-06-21
1433,2023-06-21 13:55:00-04:00,7.045000076293945,7.045000076293945,7.045000076293945,7.045000076293945,363,0.0,0.0,2023-06-21
1434,2023-06-21 14:00:00-04:00,7.050000190734863,7.059999942779541,7.045000076293945,7.054999828338623,1751,0.0,0.0,2023-06-21
1435,2023-06-21 14:05:00-04:00,7.059999942779541,7.059999942779541,7.059999942779541,7.059999942779541,410,0.0,0.0,2023-06-21
1436,2023-06-21 14:10:00-04:00,7.059999942779541,7.070000171661377,7.059999942779541,7.070000171661377,1291,0.0,0.0,2023-06-21
1437,2023-06-21 14:15:00-04:00,7.065000057220459,7.065000057220459,7.065000057220459,7.065000057220459,291,0.0,0.0,2023-06-21
1438,2023-06-21 14:20:00-04:00,7.070000171661377,7.085000038146973,7.070000171661377,7.085000038146973,2611,0.0,0.0,2023-06-21
1439,2023-06-21 14:25:00-04:00,7.090000152587891,7.090000152587891,7.085000038146973,7.085000038146973,277,0.0,0.0,2023-06-21
1440,2023-06-21 14:30:00-04:00,7.085000038146973,7.085000038146973,7.085000038146973,7.085000038146973,311,0.0,0.0,2023-06-21
1441,2023-06-21 14:35:00-04:00,7.085000038146973,7.085000038146973,7.079999923706055,7.085000038146973,786,0.0,0.0,2023-06-21
1442,2023-06-21 14:40:00-04:00,7.085000038146973,7.090000152587891,7.085000038146973,7.090000152587891,531,0.0,0.0,2023-06-21
1443,2023-06-21 14:45:00-04:00,7.085000038146973,7.085000038146973,7.085000038146973,7.085000038146973,756,0.0,0.0,2023-06-21
1444,2023-06-21 14:50:00-04:00,7.079999923706055,7.090000152587891,7.079999923706055,7.085000038146973,1011,0.0,0.0,2023-06-21
1445,2023-06-21 14:55:00-04:00,7.090000152587891,7.090000152587891,7.085000038146973,7.085000038146973,1354,0.0,0.0,2023-06-21
1446,2023-06-21 15:00:00-04:00,7.085000038146973,7.085000038146973,7.079999923706055,7.085000038146973,3834,0.0,0.0,2023-06-21
1447,2023-06-21 15:05:00-04:00,7.070000171661377,7.074999809265137,7.070000171661377,7.074999809265137,1433,0.0,0.0,2023-06-21
1448,2023-06-21 15:10:00-04:00,7.079999923706055,7.079999923706055,7.074999809265137,7.074999809265137,1345,0.0,0.0,2023-06-21
1449,2023-06-21 15:15:00-04:00,7.074999809265137,7.074999809265137,7.065000057220459,7.065000057220459,2336,0.0,0.0,2023-06-21
1450,2023-06-21 15:20:00-04:00,7.065000057220459,7.065000057220459,7.065000057220459,7.065000057220459,492,0.0,0.0,2023-06-21
1451,2023-06-21 15:25:00-04:00,7.065000057220459,7.065000057220459,7.059999942779541,7.065000057220459,706,0.0,0.0,2023-06-21
1452,2023-06-21 15:30:00-04:00,7.065000057220459,7.070000171661377,7.054999828338623,7.054999828338623,4525,0.0,0.0,2023-06-21
1453,2023-06-21 15:35:00-04:00,7.059999942779541,7.059999942779541,7.039999961853027,7.045000076293945,10759,0.0,0.0,2023-06-21
1454,2023-06-21 15:40:00-04:00,7.050000190734863,7.054999828338623,7.050000190734863,7.054999828338623,2676,0.0,0.0,2023-06-21
1455,2023-06-21 15:45:00-04:00,7.054999828338623,7.070000171661377,7.054999828338623,7.070000171661377,2638,0.0,0.0,2023-06-21
1456,2023-06-21 15:50:00-04:00,7.065000057220459,7.074999809265137,7.059999942779541,7.065000057220459,8844,0.0,0.0,2023-06-21
1457,2023-06-21 15:55:00-04:00,7.065000057220459,7.070000171661377,7.050000190734863,7.050000190734863,17614,0.0,0.0,2023-06-21
1458,2023-06-22 09:30:00-04:00,7.039999961853027,7.039999961853027,6.989999771118164,7.0,2328,0.0,0.0,2023-06-22
1459,2023-06-22 09:40:00-04:00,6.96999979019165,6.96999979019165,6.949999809265137,6.949999809265137,2787,0.0,0.0,2023-06-22
1460,2023-06-22 09:45:00-04:00,6.949999809265137,6.949999809265137,6.929999828338623,6.929999828338623,806,0.0,0.0,2023-06-22
1461,2023-06-22 09:50:00-04:00,6.940000057220459,6.954999923706055,6.940000057220459,6.954999923706055,1306,0.0,0.0,2023-06-22
1462,2023-06-22 09:55:00-04:00,6.960000038146973,6.980000019073486,6.960000038146973,6.980000019073486,514,0.0,0.0,2023-06-22
1463,2023-06-22 10:05:00-04:00,6.960000038146973,6.96999979019165,6.960000038146973,6.965000152587891,1293,0.0,0.0,2023-06-22
1464,2023-06-22 10:10:00-04:00,6.965000152587891,6.989999771118164,6.965000152587891,6.989999771118164,2774,0.0,0.0,2023-06-22
1465,2023-06-22 10:15:00-04:00,6.985000133514404,6.989999771118164,6.96999979019165,6.96999979019165,6292,0.0,0.0,2023-06-22
1466,2023-06-22 10:20:00-04:00,6.974999904632568,6.985000133514404,6.974999904632568,6.985000133514404,757,0.0,0.0,2023-06-22
1467,2023-06-22 10:25:00-04:00,6.989999771118164,6.989999771118164,6.985000133514404,6.989999771118164,942,0.0,0.0,2023-06-22
1468,2023-06-22 10:30:00-04:00,6.994999885559082,7.0,6.985000133514404,6.985000133514404,2455,0.0,0.0,2023-06-22
1469,2023-06-22 10:35:00-04:00,6.985000133514404,6.985000133514404,6.949999809265137,6.954999923706055,4720,0.0,0.0,2023-06-22
1470,2023-06-22 10:40:00-04:00,6.954999923706055,6.960000038146973,6.940000057220459,6.940000057220459,3609,0.0,0.0,2023-06-22
1471,2023-06-22 10:45:00-04:00,6.945000171661377,6.945000171661377,6.934999942779541,6.934999942779541,927,0.0,0.0,2023-06-22
1472,2023-06-22 10:50:00-04:00,6.934999942779541,6.940000057220459,6.934999942779541,6.934999942779541,1131,0.0,0.0,2023-06-22
1473,2023-06-22 10:55:00-04:00,6.929999828338623,6.929999828338623,6.929999828338623,6.929999828338623,116,0.0,0.0,2023-06-22
1474,2023-06-22 11:00:00-04:00,6.934999942779541,6.934999942779541,6.920000076293945,6.920000076293945,4783,0.0,0.0,2023-06-22
1475,2023-06-22 11:05:00-04:00,6.920000076293945,6.925000190734863,6.914999961853027,6.925000190734863,2369,0.0,0.0,2023-06-22
1476,2023-06-22 11:10:00-04:00,6.925000190734863,6.925000190734863,6.914999961853027,6.914999961853027,728,0.0,0.0,2023-06-22
1477,2023-06-22 11:15:00-04:00,6.909999847412109,6.909999847412109,6.909999847412109,6.909999847412109,804,0.0,0.0,2023-06-22
1478,2023-06-22 11:20:00-04:00,6.914999961853027,6.925000190734863,6.914999961853027,6.925000190734863,1154,0.0,0.0,2023-06-22
1479,2023-06-22 11:25:00-04:00,6.925000190734863,6.960000038146973,6.925000190734863,6.960000038146973,1139,0.0,0.0,2023-06-22
1480,2023-06-22 11:30:00-04:00,6.960000038146973,6.985000133514404,6.960000038146973,6.985000133514404,3428,0.0,0.0,2023-06-22
1481,2023-06-22 11:35:00-04:00,6.989999771118164,7.0,6.989999771118164,7.0,2931,0.0,0.0,2023-06-22
1482,2023-06-22 11:40:00-04:00,7.010000228881836,7.010000228881836,7.0,7.005000114440918,3455,0.0,0.0,2023-06-22
1483,2023-06-22 11:45:00-04:00,7.0,7.0,6.989999771118164,6.989999771118164,908,0.0,0.0,2023-06-22
1484,2023-06-22 11:50:00-04:00,6.989999771118164,6.989999771118164,6.989999771118164,6.989999771118164,402,0.0,0.0,2023-06-22
1485,2023-06-22 11:55:00-04:00,6.989999771118164,6.994999885559082,6.989999771118164,6.989999771118164,648,0.0,0.0,2023-06-22
1486,2023-06-22 12:00:00-04:00,6.989999771118164,6.989999771118164,6.980000019073486,6.980000019073486,807,0.0,0.0,2023-06-22
1487,2023-06-22 12:05:00-04:00,6.985000133514404,6.985000133514404,6.980000019073486,6.985000133514404,1112,0.0,0.0,2023-06-22
1488,2023-06-22 12:10:00-04:00,6.985000133514404,6.985000133514404,6.980000019073486,6.980000019073486,744,0.0,0.0,2023-06-22
1489,2023-06-22 12:15:00-04:00,6.980000019073486,6.980000019073486,6.980000019073486,6.980000019073486,796,0.0,0.0,2023-06-22
1490,2023-06-22 12:20:00-04:00,6.96999979019165,6.985000133514404,6.96999979019165,6.985000133514404,1606,0.0,0.0,2023-06-22
1491,2023-06-22 12:25:00-04:00,6.985000133514404,6.985000133514404,6.985000133514404,6.985000133514404,114,0.0,0.0,2023-06-22
1492,2023-06-22 12:30:00-04:00,6.980000019073486,6.980000019073486,6.980000019073486,6.980000019073486,623,0.0,0.0,2023-06-22
1493,2023-06-22 12:35:00-04:00,6.989999771118164,6.994999885559082,6.989999771118164,6.994999885559082,1652,0.0,0.0,2023-06-22
1494,2023-06-22 12:40:00-04:00,6.989999771118164,6.989999771118164,6.980000019073486,6.980000019073486,2266,0.0,0.0,2023-06-22
1495,2023-06-22 12:45:00-04:00,6.985000133514404,6.985000133514404,6.980000019073486,6.980000019073486,284,0.0,0.0,2023-06-22
1496,2023-06-22 12:50:00-04:00,6.980000019073486,6.980000019073486,6.96999979019165,6.974999904632568,1466,0.0,0.0,2023-06-22
1497,2023-06-22 12:55:00-04:00,6.980000019073486,6.980000019073486,6.980000019073486,6.980000019073486,510,0.0,0.0,2023-06-22
1498,2023-06-22 13:00:00-04:00,6.96999979019165,6.96999979019165,6.965000152587891,6.965000152587891,610,0.0,0.0,2023-06-22
1499,2023-06-22 13:05:00-04:00,6.965000152587891,6.974999904632568,6.965000152587891,6.974999904632568,1627,0.0,0.0,2023-06-22
1500,2023-06-22 13:10:00-04:00,6.980000019073486,6.985000133514404,6.980000019073486,6.985000133514404,1207,0.0,0.0,2023-06-22
1501,2023-06-22 13:15:00-04:00,6.985000133514404,6.985000133514404,6.985000133514404,6.985000133514404,212,0.0,0.0,2023-06-22
1502,2023-06-22 13:20:00-04:00,6.980000019073486,6.980000019073486,6.949999809265137,6.960000038146973,4034,0.0,0.0,2023-06-22
1503,2023-06-22 13:25:00-04:00,6.960000038146973,6.96999979019165,6.954999923706055,6.965000152587891,28519,0.0,0.0,2023-06-22
1504,2023-06-22 13:30:00-04:00,6.960000038146973,6.960000038146973,6.940000057220459,6.940000057220459,3141,0.0,0.0,2023-06-22
1505,2023-06-22 13:35:00-04:00,6.940000057220459,6.940000057220459,6.914999961853027,6.920000076293945,4626,0.0,0.0,2023-06-22
1506,2023-06-22 13:40:00-04:00,6.920000076293945,6.920000076293945,6.920000076293945,6.920000076293945,704,0.0,0.0,2023-06-22
1507,2023-06-22 13:45:00-04:00,6.920000076293945,6.925000190734863,6.920000076293945,6.920000076293945,4027,0.0,0.0,2023-06-22
1508,2023-06-22 13:55:00-04:00,6.920000076293945,6.920000076293945,6.909999847412109,6.909999847412109,2574,0.0,0.0,2023-06-22
1509,2023-06-22 14:00:00-04:00,6.914999961853027,6.914999961853027,6.909999847412109,6.914999961853027,556,0.0,0.0,2023-06-22
1510,2023-06-22 14:05:00-04:00,6.909999847412109,6.909999847412109,6.909999847412109,6.909999847412109,103,0.0,0.0,2023-06-22
1511,2023-06-22 14:10:00-04:00,6.914999961853027,6.914999961853027,6.909999847412109,6.914999961853027,747,0.0,0.0,2023-06-22
1512,2023-06-22 14:15:00-04:00,6.919099807739258,6.919099807739258,6.909999847412109,6.914999961853027,1916,0.0,0.0,2023-06-22
1513,2023-06-22 14:20:00-04:00,6.914999961853027,6.914999961853027,6.909999847412109,6.909999847412109,746,0.0,0.0,2023-06-22
1514,2023-06-22 14:25:00-04:00,6.920000076293945,6.925000190734863,6.920000076293945,6.925000190734863,1066,0.0,0.0,2023-06-22
1515,2023-06-22 14:30:00-04:00,6.929999828338623,6.949999809265137,6.929999828338623,6.945000171661377,2424,0.0,0.0,2023-06-22
1516,2023-06-22 14:35:00-04:00,6.94920015335083,6.949999809265137,6.940000057220459,6.940000057220459,4183,0.0,0.0,2023-06-22
1517,2023-06-22 14:40:00-04:00,6.929999828338623,6.929999828338623,6.929999828338623,6.929999828338623,533,0.0,0.0,2023-06-22
1518,2023-06-22 14:45:00-04:00,6.929999828338623,6.929999828338623,6.929999828338623,6.929999828338623,101,0.0,0.0,2023-06-22
1519,2023-06-22 14:50:00-04:00,6.929999828338623,6.934999942779541,6.929999828338623,6.934999942779541,654,0.0,0.0,2023-06-22
1520,2023-06-22 14:55:00-04:00,6.940000057220459,6.945000171661377,6.940000057220459,6.945000171661377,1574,0.0,0.0,2023-06-22
1521,2023-06-22 15:00:00-04:00,6.945000171661377,6.949999809265137,6.945000171661377,6.949999809265137,1527,0.0,0.0,2023-06-22
1522,2023-06-22 15:05:00-04:00,6.945000171661377,6.949999809265137,6.945000171661377,6.949999809265137,845,0.0,0.0,2023-06-22
1523,2023-06-22 15:10:00-04:00,6.945000171661377,6.949999809265137,6.940000057220459,6.949999809265137,2184,0.0,0.0,2023-06-22
1524,2023-06-22 15:15:00-04:00,6.949999809265137,6.949999809265137,6.945000171661377,6.945000171661377,923,0.0,0.0,2023-06-22
1525,2023-06-22 15:20:00-04:00,6.949999809265137,6.949999809265137,6.934999942779541,6.934999942779541,4089,0.0,0.0,2023-06-22
1526,2023-06-22 15:25:00-04:00,6.934999942779541,6.940000057220459,6.920000076293945,6.925000190734863,2716,0.0,0.0,2023-06-22
1527,2023-06-22 15:30:00-04:00,6.920000076293945,6.920000076293945,6.909999847412109,6.914999961853027,1920,0.0,0.0,2023-06-22
1528,2023-06-22 15:35:00-04:00,6.914999961853027,6.914999961853027,6.909999847412109,6.914999961853027,1099,0.0,0.0,2023-06-22
1529,2023-06-22 15:40:00-04:00,6.914999961853027,6.920000076293945,6.914999961853027,6.914999961853027,2908,0.0,0.0,2023-06-22
1530,2023-06-22 15:45:00-04:00,6.914999961853027,6.920000076293945,6.909999847412109,6.914999961853027,1989,0.0,0.0,2023-06-22
1531,2023-06-22 15:50:00-04:00,6.909999847412109,6.914999961853027,6.889999866485596,6.894999980926514,10174,0.0,0.0,2023-06-22
1532,2023-06-22 15:55:00-04:00,6.894999980926514,6.909999847412109,6.889999866485596,6.909999847412109,18424,0.0,0.0,2023-06-22
1533,2023-06-23 09:30:00-04:00,6.760000228881836,6.860000133514404,6.760000228881836,6.769999980926514,4128,0.0,0.0,2023-06-23
1534,2023-06-23 09:35:00-04:00,6.78000020980835,6.800000190734863,6.78000020980835,6.789999961853027,1377,0.0,0.0,2023-06-23
1535,2023-06-23 09:40:00-04:00,6.800000190734863,6.820000171661377,6.800000190734863,6.815000057220459,774,0.0,0.0,2023-06-23
1536,2023-06-23 09:45:00-04:00,6.809999942779541,6.829999923706055,6.809999942779541,6.820000171661377,1168,0.0,0.0,2023-06-23
1537,2023-06-23 09:50:00-04:00,6.820000171661377,6.849999904632568,6.820000171661377,6.824999809265137,4695,0.0,0.0,2023-06-23
1538,2023-06-23 09:55:00-04:00,6.829999923706055,6.849999904632568,6.829999923706055,6.835000038146973,2983,0.0,0.0,2023-06-23
1539,2023-06-23 10:00:00-04:00,6.840000152587891,6.860000133514404,6.840000152587891,6.855000019073486,2023,0.0,0.0,2023-06-23
1540,2023-06-23 10:05:00-04:00,6.855000019073486,6.869999885559082,6.849999904632568,6.855000019073486,2952,0.0,0.0,2023-06-23
1541,2023-06-23 10:10:00-04:00,6.839900016784668,6.855000019073486,6.839900016784668,6.84499979019165,3544,0.0,0.0,2023-06-23
1542,2023-06-23 10:15:00-04:00,6.860000133514404,6.900000095367432,6.855000019073486,6.889999866485596,6116,0.0,0.0,2023-06-23
1543,2023-06-23 10:20:00-04:00,6.885000228881836,6.885000228881836,6.869999885559082,6.875,1281,0.0,0.0,2023-06-23
1544,2023-06-23 10:25:00-04:00,6.880000114440918,6.880000114440918,6.864999771118164,6.864999771118164,1782,0.0,0.0,2023-06-23
1545,2023-06-23 10:30:00-04:00,6.864999771118164,6.885000228881836,6.855000019073486,6.885000228881836,4918,0.0,0.0,2023-06-23
1546,2023-06-23 10:35:00-04:00,6.889999866485596,6.90500020980835,6.885000228881836,6.894999980926514,9196,0.0,0.0,2023-06-23
1547,2023-06-23 10:40:00-04:00,6.889999866485596,6.889999866485596,6.864999771118164,6.864999771118164,1214,0.0,0.0,2023-06-23
1548,2023-06-23 10:45:00-04:00,6.875,6.875,6.864999771118164,6.864999771118164,1710,0.0,0.0,2023-06-23
1549,2023-06-23 10:50:00-04:00,6.855000019073486,6.855000019073486,6.849999904632568,6.855000019073486,1333,0.0,0.0,2023-06-23
1550,2023-06-23 10:55:00-04:00,6.855000019073486,6.860000133514404,6.855000019073486,6.859899997711182,2184,0.0,0.0,2023-06-23
1551,2023-06-23 11:00:00-04:00,6.860000133514404,6.869999885559082,6.855000019073486,6.864999771118164,3749,0.0,0.0,2023-06-23
1552,2023-06-23 11:05:00-04:00,6.869999885559082,6.869999885559082,6.84499979019165,6.84499979019165,2510,0.0,0.0,2023-06-23
1553,2023-06-23 11:10:00-04:00,6.84499979019165,6.849999904632568,6.84499979019165,6.84499979019165,689,0.0,0.0,2023-06-23
1554,2023-06-23 11:15:00-04:00,6.84499979019165,6.849999904632568,6.835000038146973,6.840000152587891,8213,0.0,0.0,2023-06-23
1555,2023-06-23 11:20:00-04:00,6.84499979019165,6.84499979019165,6.84499979019165,6.84499979019165,519,0.0,0.0,2023-06-23
1556,2023-06-23 11:25:00-04:00,6.84499979019165,6.84499979019165,6.84499979019165,6.84499979019165,1514,0.0,0.0,2023-06-23
1557,2023-06-23 11:30:00-04:00,6.84499979019165,6.84499979019165,6.84499979019165,6.84499979019165,1472,0.0,0.0,2023-06-23
1558,2023-06-23 11:35:00-04:00,6.855000019073486,6.860000133514404,6.855000019073486,6.855000019073486,2174,0.0,0.0,2023-06-23
1559,2023-06-23 11:40:00-04:00,6.855000019073486,6.864999771118164,6.855000019073486,6.864999771118164,890,0.0,0.0,2023-06-23
1560,2023-06-23 11:45:00-04:00,6.864999771118164,6.864999771118164,6.855000019073486,6.855000019073486,853,0.0,0.0,2023-06-23
1561,2023-06-23 11:50:00-04:00,6.849999904632568,6.849999904632568,6.829999923706055,6.829999923706055,1742,0.0,0.0,2023-06-23
1562,2023-06-23 11:55:00-04:00,6.829999923706055,6.829999923706055,6.824999809265137,6.824999809265137,3395,0.0,0.0,2023-06-23
1563,2023-06-23 12:00:00-04:00,6.824999809265137,6.849999904632568,6.824999809265137,6.840000152587891,10671,0.0,0.0,2023-06-23
1564,2023-06-23 12:05:00-04:00,6.84499979019165,6.849899768829346,6.84499979019165,6.84499979019165,1033,0.0,0.0,2023-06-23
1565,2023-06-23 12:10:00-04:00,6.84499979019165,6.849999904632568,6.84499979019165,6.84499979019165,1783,0.0,0.0,2023-06-23
1566,2023-06-23 12:15:00-04:00,6.84499979019165,6.84499979019165,6.84499979019165,6.84499979019165,834,0.0,0.0,2023-06-23
1567,2023-06-23 12:20:00-04:00,6.849899768829346,6.849899768829346,6.840000152587891,6.840000152587891,641,0.0,0.0,2023-06-23
1568,2023-06-23 12:25:00-04:00,6.84499979019165,6.84499979019165,6.829999923706055,6.829999923706055,4852,0.0,0.0,2023-06-23
1569,2023-06-23 12:30:00-04:00,6.835000038146973,6.849999904632568,6.829999923706055,6.849999904632568,2858,0.0,0.0,2023-06-23
1570,2023-06-23 12:35:00-04:00,6.84499979019165,6.84499979019165,6.84499979019165,6.84499979019165,207,0.0,0.0,2023-06-23
1571,2023-06-23 12:40:00-04:00,6.84499979019165,6.860000133514404,6.84499979019165,6.849999904632568,14492,0.0,0.0,2023-06-23
1572,2023-06-23 12:45:00-04:00,6.850100040435791,6.850100040435791,6.84499979019165,6.84499979019165,2442,0.0,0.0,2023-06-23
1573,2023-06-23 12:55:00-04:00,6.840000152587891,6.840000152587891,6.829999923706055,6.829999923706055,2018,0.0,0.0,2023-06-23
1574,2023-06-23 13:00:00-04:00,6.829999923706055,6.829999923706055,6.829999923706055,6.829999923706055,500,0.0,0.0,2023-06-23
1575,2023-06-23 13:05:00-04:00,6.835000038146973,6.840000152587891,6.829999923706055,6.840000152587891,1090,0.0,0.0,2023-06-23
1576,2023-06-23 13:10:00-04:00,6.835000038146973,6.835000038146973,6.829999923706055,6.835000038146973,1047,0.0,0.0,2023-06-23
1577,2023-06-23 13:15:00-04:00,6.840000152587891,6.840000152587891,6.829999923706055,6.829999923706055,1187,0.0,0.0,2023-06-23
1578,2023-06-23 13:20:00-04:00,6.835000038146973,6.837500095367432,6.824999809265137,6.835000038146973,3784,0.0,0.0,2023-06-23
1579,2023-06-23 13:25:00-04:00,6.829999923706055,6.84499979019165,6.829999923706055,6.84499979019165,7044,0.0,0.0,2023-06-23
1580,2023-06-23 13:30:00-04:00,6.849999904632568,6.849999904632568,6.841000080108643,6.841000080108643,2107,0.0,0.0,2023-06-23
1581,2023-06-23 13:35:00-04:00,6.84499979019165,6.84499979019165,6.84499979019165,6.84499979019165,229,0.0,0.0,2023-06-23
1582,2023-06-23 13:40:00-04:00,6.849100112915039,6.849899768829346,6.840000152587891,6.840000152587891,4248,0.0,0.0,2023-06-23
1583,2023-06-23 13:45:00-04:00,6.84499979019165,6.847499847412109,6.840000152587891,6.840000152587891,819,0.0,0.0,2023-06-23
1584,2023-06-23 13:50:00-04:00,6.840000152587891,6.840199947357178,6.820000171661377,6.820000171661377,6212,0.0,0.0,2023-06-23
1585,2023-06-23 13:55:00-04:00,6.824999809265137,6.824999809265137,6.820000171661377,6.824999809265137,1364,0.0,0.0,2023-06-23
1586,2023-06-23 14:00:00-04:00,6.820000171661377,6.829899787902832,6.809999942779541,6.809999942779541,2537,0.0,0.0,2023-06-23
1587,2023-06-23 14:05:00-04:00,6.818699836730957,6.818699836730957,6.804999828338623,6.809999942779541,4748,0.0,0.0,2023-06-23
1588,2023-06-23 14:10:00-04:00,6.809999942779541,6.809999942779541,6.800000190734863,6.809899806976318,2565,0.0,0.0,2023-06-23
1589,2023-06-23 14:15:00-04:00,6.809899806976318,6.820000171661377,6.800000190734863,6.809999942779541,2582,0.0,0.0,2023-06-23
1590,2023-06-23 14:20:00-04:00,6.820000171661377,6.820000171661377,6.815000057220459,6.815000057220459,1058,0.0,0.0,2023-06-23
1591,2023-06-23 14:25:00-04:00,6.815000057220459,6.817500114440918,6.8125,6.815000057220459,1999,0.0,0.0,2023-06-23
1592,2023-06-23 14:30:00-04:00,6.809999942779541,6.820000171661377,6.795000076293945,6.809999942779541,8325,0.0,0.0,2023-06-23
1593,2023-06-23 14:35:00-04:00,6.815000057220459,6.815000057220459,6.809999942779541,6.809999942779541,670,0.0,0.0,2023-06-23
1594,2023-06-23 14:40:00-04:00,6.809999942779541,6.809999942779541,6.804999828338623,6.804999828338623,1506,0.0,0.0,2023-06-23
1595,2023-06-23 14:45:00-04:00,6.800000190734863,6.809999942779541,6.789999961853027,6.795000076293945,5387,0.0,0.0,2023-06-23
1596,2023-06-23 14:50:00-04:00,6.795000076293945,6.795000076293945,6.775000095367432,6.78000020980835,4387,0.0,0.0,2023-06-23
1597,2023-06-23 14:55:00-04:00,6.78000020980835,6.784999847412109,6.775000095367432,6.775000095367432,1837,0.0,0.0,2023-06-23
1598,2023-06-23 15:00:00-04:00,6.775000095367432,6.775000095367432,6.760000228881836,6.760000228881836,3458,0.0,0.0,2023-06-23
1599,2023-06-23 15:05:00-04:00,6.760000228881836,6.764999866485596,6.760000228881836,6.764999866485596,1728,0.0,0.0,2023-06-23
1600,2023-06-23 15:10:00-04:00,6.764999866485596,6.769999980926514,6.760000228881836,6.760000228881836,1489,0.0,0.0,2023-06-23
1601,2023-06-23 15:15:00-04:00,6.764999866485596,6.779200077056885,6.760000228881836,6.779200077056885,8919,0.0,0.0,2023-06-23
1602,2023-06-23 15:20:00-04:00,6.775000095367432,6.78000020980835,6.769999980926514,6.769999980926514,2507,0.0,0.0,2023-06-23
1603,2023-06-23 15:25:00-04:00,6.777500152587891,6.777500152587891,6.769999980926514,6.769999980926514,1502,0.0,0.0,2023-06-23
1604,2023-06-23 15:30:00-04:00,6.78000020980835,6.78000020980835,6.760000228881836,6.769999980926514,10315,0.0,0.0,2023-06-23
1605,2023-06-23 15:35:00-04:00,6.769999980926514,6.800099849700928,6.769999980926514,6.800000190734863,7154,0.0,0.0,2023-06-23
1606,2023-06-23 15:40:00-04:00,6.809999942779541,6.829999923706055,6.800000190734863,6.829999923706055,11094,0.0,0.0,2023-06-23
1607,2023-06-23 15:45:00-04:00,6.820000171661377,6.840000152587891,6.820000171661377,6.829999923706055,20654,0.0,0.0,2023-06-23
1608,2023-06-23 15:50:00-04:00,6.840000152587891,6.980000019073486,6.840000152587891,6.869999885559082,45777,0.0,0.0,2023-06-23
1609,2023-06-23 15:55:00-04:00,6.869999885559082,6.920000076293945,6.869999885559082,6.900000095367432,81299,0.0,0.0,2023-06-23
1610,2023-06-26 09:30:00-04:00,6.869999885559082,6.900000095367432,6.869999885559082,6.900000095367432,1878,0.0,0.0,2023-06-26
1611,2023-06-26 09:35:00-04:00,6.940000057220459,6.940000057220459,6.929999828338623,6.929999828338623,1235,0.0,0.0,2023-06-26
1612,2023-06-26 09:40:00-04:00,6.940000057220459,6.949999809265137,6.938000202178955,6.949999809265137,1496,0.0,0.0,2023-06-26
1613,2023-06-26 09:45:00-04:00,6.960000038146973,6.965000152587891,6.960000038146973,6.965000152587891,2650,0.0,0.0,2023-06-26
1614,2023-06-26 09:50:00-04:00,6.960000038146973,6.96999979019165,6.960000038146973,6.965000152587891,7354,0.0,0.0,2023-06-26
1615,2023-06-26 09:55:00-04:00,6.960000038146973,6.974999904632568,6.960000038146973,6.965000152587891,6649,0.0,0.0,2023-06-26
1616,2023-06-26 10:00:00-04:00,6.960000038146973,6.960000038146973,6.945000171661377,6.945000171661377,1247,0.0,0.0,2023-06-26
1617,2023-06-26 10:05:00-04:00,6.949999809265137,6.980000019073486,6.945000171661377,6.974999904632568,2748,0.0,0.0,2023-06-26
1618,2023-06-26 10:10:00-04:00,6.96999979019165,6.985000133514404,6.96999979019165,6.985000133514404,1871,0.0,0.0,2023-06-26
1619,2023-06-26 10:15:00-04:00,6.985000133514404,7.0,6.985000133514404,7.0,3353,0.0,0.0,2023-06-26
1620,2023-06-26 10:20:00-04:00,7.0,7.007500171661377,7.0,7.005000114440918,838,0.0,0.0,2023-06-26
1621,2023-06-26 10:25:00-04:00,7.005000114440918,7.010000228881836,7.0,7.005000114440918,1388,0.0,0.0,2023-06-26
1622,2023-06-26 10:30:00-04:00,7.005000114440918,7.010000228881836,7.0,7.005000114440918,1258,0.0,0.0,2023-06-26
1623,2023-06-26 10:35:00-04:00,7.0,7.010000228881836,7.0,7.005000114440918,1353,0.0,0.0,2023-06-26
1624,2023-06-26 10:40:00-04:00,7.005000114440918,7.010000228881836,7.0,7.005000114440918,1192,0.0,0.0,2023-06-26
1625,2023-06-26 10:45:00-04:00,7.005000114440918,7.019999980926514,7.005000114440918,7.014999866485596,4373,0.0,0.0,2023-06-26
1626,2023-06-26 10:50:00-04:00,7.014999866485596,7.019999980926514,7.014999866485596,7.014999866485596,1701,0.0,0.0,2023-06-26
1627,2023-06-26 10:55:00-04:00,7.019899845123291,7.025000095367432,7.014999866485596,7.025000095367432,2497,0.0,0.0,2023-06-26
1628,2023-06-26 11:00:00-04:00,7.025000095367432,7.027500152587891,7.025000095367432,7.025000095367432,712,0.0,0.0,2023-06-26
1629,2023-06-26 11:05:00-04:00,7.025000095367432,7.045000076293945,7.025000095367432,7.034999847412109,4884,0.0,0.0,2023-06-26
1630,2023-06-26 11:10:00-04:00,7.034999847412109,7.039999961853027,7.034999847412109,7.034999847412109,1809,0.0,0.0,2023-06-26
1631,2023-06-26 11:15:00-04:00,7.045000076293945,7.049099922180176,7.045000076293945,7.049099922180176,886,0.0,0.0,2023-06-26
1632,2023-06-26 11:20:00-04:00,7.039999961853027,7.045000076293945,7.034999847412109,7.045000076293945,3404,0.0,0.0,2023-06-26
1633,2023-06-26 11:25:00-04:00,7.045000076293945,7.054999828338623,7.045000076293945,7.050000190734863,2628,0.0,0.0,2023-06-26
1634,2023-06-26 11:30:00-04:00,7.054999828338623,7.065000057220459,7.054999828338623,7.065000057220459,2456,0.0,0.0,2023-06-26
1635,2023-06-26 11:35:00-04:00,7.065000057220459,7.065000057220459,7.065000057220459,7.065000057220459,426,0.0,0.0,2023-06-26
1636,2023-06-26 11:40:00-04:00,7.065000057220459,7.079999923706055,7.065000057220459,7.070000171661377,3217,0.0,0.0,2023-06-26
1637,2023-06-26 11:45:00-04:00,7.074999809265137,7.090000152587891,7.074999809265137,7.085000038146973,1969,0.0,0.0,2023-06-26
1638,2023-06-26 11:50:00-04:00,7.085000038146973,7.099999904632568,7.085000038146973,7.09499979019165,1498,0.0,0.0,2023-06-26
1639,2023-06-26 11:55:00-04:00,7.09499979019165,7.099999904632568,7.09499979019165,7.09499979019165,1852,0.0,0.0,2023-06-26
1640,2023-06-26 12:00:00-04:00,7.09499979019165,7.099999904632568,7.09499979019165,7.09499979019165,1026,0.0,0.0,2023-06-26
1641,2023-06-26 12:05:00-04:00,7.090000152587891,7.09499979019165,7.090000152587891,7.090000152587891,3294,0.0,0.0,2023-06-26
1642,2023-06-26 12:10:00-04:00,7.085000038146973,7.085000038146973,7.054999828338623,7.054999828338623,4671,0.0,0.0,2023-06-26
1643,2023-06-26 12:15:00-04:00,7.054999828338623,7.079999923706055,7.050000190734863,7.070000171661377,4038,0.0,0.0,2023-06-26
1644,2023-06-26 12:20:00-04:00,7.074999809265137,7.074999809265137,7.074999809265137,7.074999809265137,612,0.0,0.0,2023-06-26
1645,2023-06-26 12:25:00-04:00,7.074999809265137,7.074999809265137,7.065000057220459,7.065000057220459,1934,0.0,0.0,2023-06-26
1646,2023-06-26 12:30:00-04:00,7.065000057220459,7.065000057220459,7.065000057220459,7.065000057220459,400,0.0,0.0,2023-06-26
1647,2023-06-26 12:35:00-04:00,7.065000057220459,7.069900035858154,7.065000057220459,7.065000057220459,1015,0.0,0.0,2023-06-26
1648,2023-06-26 12:40:00-04:00,7.065000057220459,7.070000171661377,7.065000057220459,7.065000057220459,1421,0.0,0.0,2023-06-26
1649,2023-06-26 12:45:00-04:00,7.065000057220459,7.070000171661377,7.065000057220459,7.065000057220459,1776,0.0,0.0,2023-06-26
1650,2023-06-26 12:50:00-04:00,7.065000057220459,7.079999923706055,7.065000057220459,7.079999923706055,3003,0.0,0.0,2023-06-26
1651,2023-06-26 12:55:00-04:00,7.074999809265137,7.090000152587891,7.074999809265137,7.085000038146973,2645,0.0,0.0,2023-06-26
1652,2023-06-26 13:00:00-04:00,7.090000152587891,7.090000152587891,7.085000038146973,7.085000038146973,1518,0.0,0.0,2023-06-26
1653,2023-06-26 13:05:00-04:00,7.085000038146973,7.085000038146973,7.079999923706055,7.085000038146973,518,0.0,0.0,2023-06-26
1654,2023-06-26 13:10:00-04:00,7.085000038146973,7.085000038146973,7.085000038146973,7.085000038146973,1239,0.0,0.0,2023-06-26
1655,2023-06-26 13:15:00-04:00,7.079999923706055,7.090000152587891,7.079999923706055,7.085000038146973,1403,0.0,0.0,2023-06-26
1656,2023-06-26 13:20:00-04:00,7.085000038146973,7.09499979019165,7.085000038146973,7.09499979019165,1916,0.0,0.0,2023-06-26
1657,2023-06-26 13:25:00-04:00,7.090000152587891,7.099999904632568,7.085000038146973,7.09499979019165,5346,0.0,0.0,2023-06-26
1658,2023-06-26 13:30:00-04:00,7.105000019073486,7.105000019073486,7.105000019073486,7.105000019073486,210,0.0,0.0,2023-06-26
1659,2023-06-26 13:35:00-04:00,7.105000019073486,7.110000133514404,7.105000019073486,7.105000019073486,507,0.0,0.0,2023-06-26
1660,2023-06-26 13:40:00-04:00,7.105000019073486,7.110000133514404,7.099999904632568,7.110000133514404,1441,0.0,0.0,2023-06-26
1661,2023-06-26 13:45:00-04:00,7.114999771118164,7.119999885559082,7.114999771118164,7.119999885559082,1699,0.0,0.0,2023-06-26
1662,2023-06-26 13:50:00-04:00,7.125,7.125,7.114999771118164,7.114999771118164,2452,0.0,0.0,2023-06-26
1663,2023-06-26 13:55:00-04:00,7.114999771118164,7.114999771118164,7.110000133514404,7.114999771118164,13419,0.0,0.0,2023-06-26
1664,2023-06-26 14:05:00-04:00,7.114999771118164,7.114999771118164,7.105000019073486,7.105000019073486,2558,0.0,0.0,2023-06-26
1665,2023-06-26 14:10:00-04:00,7.099999904632568,7.105000019073486,7.099999904632568,7.105000019073486,1853,0.0,0.0,2023-06-26
1666,2023-06-26 14:15:00-04:00,7.099999904632568,7.119999885559082,7.099999904632568,7.114999771118164,2537,0.0,0.0,2023-06-26
1667,2023-06-26 14:20:00-04:00,7.114999771118164,7.119999885559082,7.110000133514404,7.114999771118164,733,0.0,0.0,2023-06-26
1668,2023-06-26 14:25:00-04:00,7.110000133514404,7.139999866485596,7.110000133514404,7.130000114440918,2714,0.0,0.0,2023-06-26
1669,2023-06-26 14:30:00-04:00,7.139999866485596,7.150000095367432,7.139999866485596,7.150000095367432,868,0.0,0.0,2023-06-26
1670,2023-06-26 14:35:00-04:00,7.144999980926514,7.150000095367432,7.144999980926514,7.144999980926514,3196,0.0,0.0,2023-06-26
1671,2023-06-26 14:40:00-04:00,7.144999980926514,7.150000095367432,7.139999866485596,7.144999980926514,1639,0.0,0.0,2023-06-26
1672,2023-06-26 14:45:00-04:00,7.139999866485596,7.150000095367432,7.139999866485596,7.139999866485596,1725,0.0,0.0,2023-06-26
1673,2023-06-26 14:50:00-04:00,7.150000095367432,7.150000095367432,7.139999866485596,7.144999980926514,754,0.0,0.0,2023-06-26
1674,2023-06-26 14:55:00-04:00,7.150000095367432,7.150000095367432,7.144999980926514,7.144999980926514,629,0.0,0.0,2023-06-26
1675,2023-06-26 15:00:00-04:00,7.139999866485596,7.159999847412109,7.135000228881836,7.144999980926514,7971,0.0,0.0,2023-06-26
1676,2023-06-26 15:05:00-04:00,7.139999866485596,7.144999980926514,7.139999866485596,7.144999980926514,1692,0.0,0.0,2023-06-26
1677,2023-06-26 15:10:00-04:00,7.150000095367432,7.159999847412109,7.150000095367432,7.158899784088135,2064,0.0,0.0,2023-06-26
1678,2023-06-26 15:15:00-04:00,7.159999847412109,7.159999847412109,7.150000095367432,7.150000095367432,711,0.0,0.0,2023-06-26
1679,2023-06-26 15:20:00-04:00,7.15500020980835,7.159999847412109,7.150000095367432,7.150000095367432,3872,0.0,0.0,2023-06-26
1680,2023-06-26 15:25:00-04:00,7.15500020980835,7.15500020980835,7.150000095367432,7.150000095367432,1372,0.0,0.0,2023-06-26
1681,2023-06-26 15:30:00-04:00,7.15500020980835,7.164999961853027,7.150000095367432,7.159999847412109,2392,0.0,0.0,2023-06-26
1682,2023-06-26 15:35:00-04:00,7.164999961853027,7.164999961853027,7.159999847412109,7.164999961853027,1229,0.0,0.0,2023-06-26
1683,2023-06-26 15:40:00-04:00,7.164999961853027,7.170000076293945,7.159999847412109,7.170000076293945,2804,0.0,0.0,2023-06-26
1684,2023-06-26 15:45:00-04:00,7.170000076293945,7.170000076293945,7.150000095367432,7.150000095367432,5608,0.0,0.0,2023-06-26
1685,2023-06-26 15:50:00-04:00,7.150000095367432,7.150000095367432,7.139999866485596,7.144999980926514,9323,0.0,0.0,2023-06-26
1686,2023-06-26 15:55:00-04:00,7.139999866485596,7.144999980926514,7.110000133514404,7.119999885559082,26414,0.0,0.0,2023-06-26
1687,2023-06-27 09:30:00-04:00,7.139999866485596,7.159999847412109,7.139999866485596,7.150000095367432,3330,0.0,0.0,2023-06-27
1688,2023-06-27 09:35:00-04:00,7.099999904632568,7.099999904632568,7.079999923706055,7.079999923706055,622,0.0,0.0,2023-06-27
1689,2023-06-27 09:40:00-04:00,7.098400115966797,7.119999885559082,7.090000152587891,7.09499979019165,3435,0.0,0.0,2023-06-27
1690,2023-06-27 09:45:00-04:00,7.090000152587891,7.099999904632568,7.050000190734863,7.059999942779541,3897,0.0,0.0,2023-06-27
1691,2023-06-27 09:50:00-04:00,7.067999839782715,7.09499979019165,7.067999839782715,7.090000152587891,1860,0.0,0.0,2023-06-27
1692,2023-06-27 09:55:00-04:00,7.070000171661377,7.09499979019165,7.070000171661377,7.09499979019165,1153,0.0,0.0,2023-06-27
1693,2023-06-27 10:00:00-04:00,7.110000133514404,7.110000133514404,7.110000133514404,7.110000133514404,479,0.0,0.0,2023-06-27
1694,2023-06-27 10:05:00-04:00,7.144999980926514,7.150000095367432,7.135000228881836,7.139999866485596,3279,0.0,0.0,2023-06-27
1695,2023-06-27 10:10:00-04:00,7.130000114440918,7.139999866485596,7.110000133514404,7.110000133514404,7951,0.0,0.0,2023-06-27
1696,2023-06-27 10:15:00-04:00,7.125,7.135000228881836,7.125,7.135000228881836,3816,0.0,0.0,2023-06-27
1697,2023-06-27 10:20:00-04:00,7.15500020980835,7.164999961853027,7.139999866485596,7.139999866485596,4397,0.0,0.0,2023-06-27
1698,2023-06-27 10:25:00-04:00,7.130000114440918,7.135000228881836,7.130000114440918,7.135000228881836,391,0.0,0.0,2023-06-27
1699,2023-06-27 10:30:00-04:00,7.139999866485596,7.150000095367432,7.139999866485596,7.139999866485596,5040,0.0,0.0,2023-06-27
1700,2023-06-27 10:35:00-04:00,7.130000114440918,7.150000095367432,7.130000114440918,7.150000095367432,1595,0.0,0.0,2023-06-27
1701,2023-06-27 10:40:00-04:00,7.15500020980835,7.159999847412109,7.144999980926514,7.144999980926514,2385,0.0,0.0,2023-06-27
1702,2023-06-27 10:45:00-04:00,7.144999980926514,7.15500020980835,7.139999866485596,7.15500020980835,1837,0.0,0.0,2023-06-27
1703,2023-06-27 10:50:00-04:00,7.15500020980835,7.159999847412109,7.15500020980835,7.159999847412109,542,0.0,0.0,2023-06-27
1704,2023-06-27 10:55:00-04:00,7.159999847412109,7.159999847412109,7.159999847412109,7.159999847412109,447,0.0,0.0,2023-06-27
1705,2023-06-27 11:00:00-04:00,7.15500020980835,7.15500020980835,7.139999866485596,7.144999980926514,1179,0.0,0.0,2023-06-27
1706,2023-06-27 11:05:00-04:00,7.139999866485596,7.159999847412109,7.139999866485596,7.15500020980835,1810,0.0,0.0,2023-06-27
1707,2023-06-27 11:10:00-04:00,7.158999919891357,7.159999847412109,7.150000095367432,7.15500020980835,1862,0.0,0.0,2023-06-27
1708,2023-06-27 11:15:00-04:00,7.159999847412109,7.164999961853027,7.159999847412109,7.159999847412109,3721,0.0,0.0,2023-06-27
1709,2023-06-27 11:20:00-04:00,7.150000095367432,7.150000095367432,7.150000095367432,7.150000095367432,410,0.0,0.0,2023-06-27
1710,2023-06-27 11:25:00-04:00,7.159999847412109,7.159999847412109,7.159999847412109,7.159999847412109,155,0.0,0.0,2023-06-27
1711,2023-06-27 11:30:00-04:00,7.159999847412109,7.159999847412109,7.150000095367432,7.15500020980835,628,0.0,0.0,2023-06-27
1712,2023-06-27 11:35:00-04:00,7.15500020980835,7.159999847412109,7.150000095367432,7.159999847412109,551,0.0,0.0,2023-06-27
1713,2023-06-27 11:40:00-04:00,7.150000095367432,7.150000095367432,7.139999866485596,7.139999866485596,2245,0.0,0.0,2023-06-27
1714,2023-06-27 11:45:00-04:00,7.135000228881836,7.135000228881836,7.135000228881836,7.135000228881836,119,0.0,0.0,2023-06-27
1715,2023-06-27 11:50:00-04:00,7.139999866485596,7.139999866485596,7.130000114440918,7.135000228881836,1374,0.0,0.0,2023-06-27
1716,2023-06-27 11:55:00-04:00,7.139999866485596,7.139999866485596,7.139999866485596,7.139999866485596,843,0.0,0.0,2023-06-27
1717,2023-06-27 12:00:00-04:00,7.144999980926514,7.150000095367432,7.144999980926514,7.150000095367432,228,0.0,0.0,2023-06-27
1718,2023-06-27 12:05:00-04:00,7.150000095367432,7.150000095367432,7.150000095367432,7.150000095367432,103,0.0,0.0,2023-06-27
1719,2023-06-27 12:10:00-04:00,7.150000095367432,7.159999847412109,7.150000095367432,7.15500020980835,1558,0.0,0.0,2023-06-27
1720,2023-06-27 12:15:00-04:00,7.15500020980835,7.15500020980835,7.150000095367432,7.150000095367432,2086,0.0,0.0,2023-06-27
1721,2023-06-27 12:20:00-04:00,7.15500020980835,7.15500020980835,7.15500020980835,7.15500020980835,904,0.0,0.0,2023-06-27
1722,2023-06-27 12:25:00-04:00,7.15500020980835,7.15500020980835,7.15500020980835,7.15500020980835,730,0.0,0.0,2023-06-27
1723,2023-06-27 12:30:00-04:00,7.15500020980835,7.15500020980835,7.15500020980835,7.15500020980835,403,0.0,0.0,2023-06-27
1724,2023-06-27 12:35:00-04:00,7.1504998207092285,7.15500020980835,7.144999980926514,7.15500020980835,3190,0.0,0.0,2023-06-27
1725,2023-06-27 12:40:00-04:00,7.150000095367432,7.150000095367432,7.150000095367432,7.150000095367432,576,0.0,0.0,2023-06-27
1726,2023-06-27 12:45:00-04:00,7.150000095367432,7.15500020980835,7.150000095367432,7.15500020980835,2582,0.0,0.0,2023-06-27
1727,2023-06-27 12:50:00-04:00,7.15500020980835,7.15500020980835,7.15500020980835,7.15500020980835,696,0.0,0.0,2023-06-27
1728,2023-06-27 12:55:00-04:00,7.150000095367432,7.15500020980835,7.144999980926514,7.15500020980835,3423,0.0,0.0,2023-06-27
1729,2023-06-27 13:00:00-04:00,7.159999847412109,7.159999847412109,7.15500020980835,7.159999847412109,1201,0.0,0.0,2023-06-27
1730,2023-06-27 13:05:00-04:00,7.164999961853027,7.164999961853027,7.15500020980835,7.15500020980835,1892,0.0,0.0,2023-06-27
1731,2023-06-27 13:10:00-04:00,7.15500020980835,7.164999961853027,7.15500020980835,7.164999961853027,1351,0.0,0.0,2023-06-27
1732,2023-06-27 13:15:00-04:00,7.164999961853027,7.1691999435424805,7.164999961853027,7.1691999435424805,618,0.0,0.0,2023-06-27
1733,2023-06-27 13:20:00-04:00,7.164999961853027,7.179900169372559,7.164999961853027,7.179900169372559,2516,0.0,0.0,2023-06-27
1734,2023-06-27 13:25:00-04:00,7.179999828338623,7.179999828338623,7.175000190734863,7.179999828338623,518,0.0,0.0,2023-06-27
1735,2023-06-27 13:30:00-04:00,7.179999828338623,7.179999828338623,7.179999828338623,7.179999828338623,317,0.0,0.0,2023-06-27
1736,2023-06-27 13:35:00-04:00,7.179999828338623,7.179999828338623,7.179999828338623,7.179999828338623,414,0.0,0.0,2023-06-27
1737,2023-06-27 13:40:00-04:00,7.179999828338623,7.184999942779541,7.164999961853027,7.164999961853027,3417,0.0,0.0,2023-06-27
1738,2023-06-27 13:45:00-04:00,7.170000076293945,7.170000076293945,7.170000076293945,7.170000076293945,107,0.0,0.0,2023-06-27
1739,2023-06-27 13:50:00-04:00,7.170000076293945,7.170000076293945,7.170000076293945,7.170000076293945,472,0.0,0.0,2023-06-27
1740,2023-06-27 13:55:00-04:00,7.170000076293945,7.175000190734863,7.164999961853027,7.164999961853027,2158,0.0,0.0,2023-06-27
1741,2023-06-27 14:00:00-04:00,7.170000076293945,7.170000076293945,7.159999847412109,7.164999961853027,557,0.0,0.0,2023-06-27
1742,2023-06-27 14:05:00-04:00,7.164999961853027,7.170000076293945,7.164999961853027,7.164999961853027,918,0.0,0.0,2023-06-27
1743,2023-06-27 14:10:00-04:00,7.170000076293945,7.170000076293945,7.170000076293945,7.170000076293945,236,0.0,0.0,2023-06-27
1744,2023-06-27 14:15:00-04:00,7.159999847412109,7.170000076293945,7.159999847412109,7.164999961853027,2202,0.0,0.0,2023-06-27
1745,2023-06-27 14:20:00-04:00,7.164999961853027,7.164999961853027,7.159999847412109,7.159999847412109,1864,0.0,0.0,2023-06-27
1746,2023-06-27 14:25:00-04:00,7.15500020980835,7.159999847412109,7.15500020980835,7.159999847412109,1154,0.0,0.0,2023-06-27
1747,2023-06-27 14:30:00-04:00,7.164999961853027,7.170000076293945,7.159999847412109,7.164999961853027,1326,0.0,0.0,2023-06-27
1748,2023-06-27 14:35:00-04:00,7.170000076293945,7.179999828338623,7.164999961853027,7.179999828338623,2037,0.0,0.0,2023-06-27
1749,2023-06-27 14:40:00-04:00,7.175000190734863,7.175000190734863,7.164999961853027,7.164999961853027,1862,0.0,0.0,2023-06-27
1750,2023-06-27 14:45:00-04:00,7.164999961853027,7.164999961853027,7.164999961853027,7.164999961853027,708,0.0,0.0,2023-06-27
1751,2023-06-27 14:50:00-04:00,7.159999847412109,7.164999961853027,7.15500020980835,7.15500020980835,2717,0.0,0.0,2023-06-27
1752,2023-06-27 14:55:00-04:00,7.159999847412109,7.159999847412109,7.15500020980835,7.15500020980835,816,0.0,0.0,2023-06-27
1753,2023-06-27 15:00:00-04:00,7.159999847412109,7.164999961853027,7.159999847412109,7.164999961853027,1591,0.0,0.0,2023-06-27
1754,2023-06-27 15:05:00-04:00,7.164999961853027,7.164999961853027,7.164999961853027,7.164999961853027,629,0.0,0.0,2023-06-27
1755,2023-06-27 15:10:00-04:00,7.164999961853027,7.164999961853027,7.144999980926514,7.152500152587891,3387,0.0,0.0,2023-06-27
1756,2023-06-27 15:15:00-04:00,7.159999847412109,7.159999847412109,7.150000095367432,7.15500020980835,901,0.0,0.0,2023-06-27
1757,2023-06-27 15:20:00-04:00,7.159999847412109,7.159999847412109,7.150000095367432,7.150000095367432,5340,0.0,0.0,2023-06-27
1758,2023-06-27 15:25:00-04:00,7.159999847412109,7.164999961853027,7.159999847412109,7.159999847412109,7634,0.0,0.0,2023-06-27
1759,2023-06-27 15:30:00-04:00,7.159999847412109,7.159999847412109,7.144999980926514,7.144999980926514,4648,0.0,0.0,2023-06-27
1760,2023-06-27 15:35:00-04:00,7.144999980926514,7.15500020980835,7.144999980926514,7.15500020980835,4220,0.0,0.0,2023-06-27
1761,2023-06-27 15:40:00-04:00,7.15500020980835,7.15500020980835,7.144999980926514,7.150000095367432,4385,0.0,0.0,2023-06-27
1762,2023-06-27 15:45:00-04:00,7.139999866485596,7.15500020980835,7.139999866485596,7.15500020980835,6118,0.0,0.0,2023-06-27
1763,2023-06-27 15:50:00-04:00,7.150000095367432,7.15500020980835,7.144999980926514,7.15500020980835,8850,0.0,0.0,2023-06-27
1764,2023-06-27 15:55:00-04:00,7.150000095367432,7.15500020980835,7.139999866485596,7.150000095367432,15927,0.0,0.0,2023-06-27
1765,2023-06-28 09:30:00-04:00,7.150000095367432,7.150000095367432,7.090000152587891,7.137499809265137,4889,0.0,0.0,2023-06-28
1766,2023-06-28 09:35:00-04:00,7.119999885559082,7.159999847412109,7.119999885559082,7.159999847412109,2994,0.0,0.0,2023-06-28
1767,2023-06-28 09:40:00-04:00,7.179999828338623,7.179999828338623,7.170000076293945,7.179999828338623,2033,0.0,0.0,2023-06-28
1768,2023-06-28 09:45:00-04:00,7.159999847412109,7.159999847412109,7.135000228881836,7.135000228881836,3484,0.0,0.0,2023-06-28
1769,2023-06-28 09:50:00-04:00,7.125,7.130000114440918,7.110000133514404,7.114999771118164,2798,0.0,0.0,2023-06-28
1770,2023-06-28 09:55:00-04:00,7.119999885559082,7.144999980926514,7.119999885559082,7.135000228881836,2178,0.0,0.0,2023-06-28
1771,2023-06-28 10:00:00-04:00,7.135000228881836,7.144999980926514,7.135000228881836,7.139999866485596,694,0.0,0.0,2023-06-28
1772,2023-06-28 10:05:00-04:00,7.144999980926514,7.15500020980835,7.144999980926514,7.144999980926514,1769,0.0,0.0,2023-06-28
1773,2023-06-28 10:10:00-04:00,7.139999866485596,7.144999980926514,7.139999866485596,7.139999866485596,851,0.0,0.0,2023-06-28
1774,2023-06-28 10:15:00-04:00,7.135000228881836,7.144999980926514,7.130000114440918,7.144999980926514,2256,0.0,0.0,2023-06-28
1775,2023-06-28 10:20:00-04:00,7.150000095367432,7.15500020980835,7.139999866485596,7.144999980926514,3512,0.0,0.0,2023-06-28
1776,2023-06-28 10:25:00-04:00,7.150000095367432,7.150000095367432,7.139999866485596,7.144999980926514,1859,0.0,0.0,2023-06-28
1777,2023-06-28 10:30:00-04:00,7.144999980926514,7.15500020980835,7.144999980926514,7.150000095367432,1416,0.0,0.0,2023-06-28
1778,2023-06-28 10:35:00-04:00,7.144999980926514,7.148900032043457,7.144999980926514,7.148900032043457,389,0.0,0.0,2023-06-28
1779,2023-06-28 10:40:00-04:00,7.144999980926514,7.150000095367432,7.135000228881836,7.135000228881836,2012,0.0,0.0,2023-06-28
1780,2023-06-28 10:45:00-04:00,7.130000114440918,7.130000114440918,7.119999885559082,7.125,1604,0.0,0.0,2023-06-28
1781,2023-06-28 10:50:00-04:00,7.125,7.125,7.110000133514404,7.110000133514404,417,0.0,0.0,2023-06-28
1782,2023-06-28 10:55:00-04:00,7.110000133514404,7.110000133514404,7.110000133514404,7.110000133514404,391,0.0,0.0,2023-06-28
1783,2023-06-28 11:00:00-04:00,7.110000133514404,7.119999885559082,7.110000133514404,7.119999885559082,999,0.0,0.0,2023-06-28
1784,2023-06-28 11:05:00-04:00,7.119999885559082,7.119999885559082,7.119999885559082,7.119999885559082,540,0.0,0.0,2023-06-28
1785,2023-06-28 11:10:00-04:00,7.119999885559082,7.119999885559082,7.119999885559082,7.119999885559082,832,0.0,0.0,2023-06-28
1786,2023-06-28 11:15:00-04:00,7.130000114440918,7.130000114440918,7.130000114440918,7.130000114440918,655,0.0,0.0,2023-06-28
1787,2023-06-28 11:20:00-04:00,7.139999866485596,7.139999866485596,7.130000114440918,7.130000114440918,2048,0.0,0.0,2023-06-28
1788,2023-06-28 11:25:00-04:00,7.125,7.125,7.125,7.125,1113,0.0,0.0,2023-06-28
1789,2023-06-28 11:30:00-04:00,7.125,7.135000228881836,7.125,7.135000228881836,1121,0.0,0.0,2023-06-28
1790,2023-06-28 11:35:00-04:00,7.135000228881836,7.135000228881836,7.135000228881836,7.135000228881836,335,0.0,0.0,2023-06-28
1791,2023-06-28 11:50:00-04:00,7.130000114440918,7.130000114440918,7.114999771118164,7.114999771118164,1644,0.0,0.0,2023-06-28
1792,2023-06-28 11:55:00-04:00,7.114999771118164,7.114999771118164,7.114999771118164,7.114999771118164,580,0.0,0.0,2023-06-28
1793,2023-06-28 12:05:00-04:00,7.119999885559082,7.119999885559082,7.114999771118164,7.114999771118164,1365,0.0,0.0,2023-06-28
1794,2023-06-28 12:10:00-04:00,7.125,7.125,7.125,7.125,405,0.0,0.0,2023-06-28
1795,2023-06-28 12:15:00-04:00,7.130000114440918,7.135000228881836,7.125,7.135000228881836,1101,0.0,0.0,2023-06-28
1796,2023-06-28 12:20:00-04:00,7.139400005340576,7.144999980926514,7.135000228881836,7.144999980926514,2625,0.0,0.0,2023-06-28
1797,2023-06-28 12:25:00-04:00,7.139999866485596,7.139999866485596,7.135000228881836,7.135000228881836,633,0.0,0.0,2023-06-28
1798,2023-06-28 12:30:00-04:00,7.135000228881836,7.135000228881836,7.135000228881836,7.135000228881836,200,0.0,0.0,2023-06-28
1799,2023-06-28 12:35:00-04:00,7.135000228881836,7.139999866485596,7.135000228881836,7.135000228881836,840,0.0,0.0,2023-06-28
1800,2023-06-28 12:40:00-04:00,7.135000228881836,7.135000228881836,7.114999771118164,7.114999771118164,1104,0.0,0.0,2023-06-28
1801,2023-06-28 12:45:00-04:00,7.114999771118164,7.114999771118164,7.110000133514404,7.110000133514404,408,0.0,0.0,2023-06-28
1802,2023-06-28 12:50:00-04:00,7.110000133514404,7.110000133514404,7.105000019073486,7.105000019073486,578,0.0,0.0,2023-06-28
1803,2023-06-28 12:55:00-04:00,7.09499979019165,7.105000019073486,7.09499979019165,7.105000019073486,1001,0.0,0.0,2023-06-28
1804,2023-06-28 13:00:00-04:00,7.099999904632568,7.105000019073486,7.099999904632568,7.105000019073486,423,0.0,0.0,2023-06-28
1805,2023-06-28 13:05:00-04:00,7.110000133514404,7.110000133514404,7.110000133514404,7.110000133514404,917,0.0,0.0,2023-06-28
1806,2023-06-28 13:10:00-04:00,7.110000133514404,7.110000133514404,7.110000133514404,7.110000133514404,266,0.0,0.0,2023-06-28
1807,2023-06-28 13:15:00-04:00,7.105000019073486,7.105000019073486,7.105000019073486,7.105000019073486,100,0.0,0.0,2023-06-28
1808,2023-06-28 13:20:00-04:00,7.110000133514404,7.110000133514404,7.105000019073486,7.105000019073486,439,0.0,0.0,2023-06-28
1809,2023-06-28 13:25:00-04:00,7.109799861907959,7.110000133514404,7.105000019073486,7.110000133514404,696,0.0,0.0,2023-06-28
1810,2023-06-28 13:30:00-04:00,7.110000133514404,7.110000133514404,7.110000133514404,7.110000133514404,1028,0.0,0.0,2023-06-28
1811,2023-06-28 13:40:00-04:00,7.105000019073486,7.105000019073486,7.099999904632568,7.099999904632568,438,0.0,0.0,2023-06-28
1812,2023-06-28 13:45:00-04:00,7.105000019073486,7.105000019073486,7.105000019073486,7.105000019073486,533,0.0,0.0,2023-06-28
1813,2023-06-28 14:00:00-04:00,7.099999904632568,7.105000019073486,7.099999904632568,7.105000019073486,225,0.0,0.0,2023-06-28
1814,2023-06-28 14:05:00-04:00,7.105000019073486,7.105000019073486,7.105000019073486,7.105000019073486,307,0.0,0.0,2023-06-28
1815,2023-06-28 14:10:00-04:00,7.105000019073486,7.105000019073486,7.105000019073486,7.105000019073486,170,0.0,0.0,2023-06-28
1816,2023-06-28 14:15:00-04:00,7.105000019073486,7.110000133514404,7.105000019073486,7.105000019073486,709,0.0,0.0,2023-06-28
1817,2023-06-28 14:20:00-04:00,7.105000019073486,7.105000019073486,7.105000019073486,7.105000019073486,246,0.0,0.0,2023-06-28
1818,2023-06-28 14:25:00-04:00,7.099999904632568,7.114999771118164,7.099999904632568,7.114999771118164,1881,0.0,0.0,2023-06-28
1819,2023-06-28 14:30:00-04:00,7.114999771118164,7.114999771118164,7.114999771118164,7.114999771118164,551,0.0,0.0,2023-06-28
1820,2023-06-28 14:35:00-04:00,7.114999771118164,7.114999771118164,7.110000133514404,7.110000133514404,624,0.0,0.0,2023-06-28
1821,2023-06-28 14:40:00-04:00,7.110000133514404,7.110000133514404,7.105000019073486,7.105000019073486,1377,0.0,0.0,2023-06-28
1822,2023-06-28 14:45:00-04:00,7.105000019073486,7.105000019073486,7.099999904632568,7.105000019073486,711,0.0,0.0,2023-06-28
1823,2023-06-28 14:55:00-04:00,7.099999904632568,7.099999904632568,7.099999904632568,7.099999904632568,510,0.0,0.0,2023-06-28
1824,2023-06-28 15:00:00-04:00,7.105000019073486,7.105000019073486,7.09499979019165,7.09499979019165,1033,0.0,0.0,2023-06-28
1825,2023-06-28 15:05:00-04:00,7.09499979019165,7.09499979019165,7.09499979019165,7.09499979019165,669,0.0,0.0,2023-06-28
1826,2023-06-28 15:10:00-04:00,7.099999904632568,7.105000019073486,7.09499979019165,7.105000019073486,3416,0.0,0.0,2023-06-28
1827,2023-06-28 15:15:00-04:00,7.099999904632568,7.110000133514404,7.099999904632568,7.105000019073486,4263,0.0,0.0,2023-06-28
1828,2023-06-28 15:20:00-04:00,7.105000019073486,7.109399795532227,7.099999904632568,7.099999904632568,2421,0.0,0.0,2023-06-28
1829,2023-06-28 15:25:00-04:00,7.105000019073486,7.105000019073486,7.105000019073486,7.105000019073486,946,0.0,0.0,2023-06-28
1830,2023-06-28 15:30:00-04:00,7.099999904632568,7.105000019073486,7.099999904632568,7.105000019073486,1469,0.0,0.0,2023-06-28
1831,2023-06-28 15:35:00-04:00,7.099999904632568,7.099999904632568,7.099999904632568,7.099999904632568,388,0.0,0.0,2023-06-28
1832,2023-06-28 15:40:00-04:00,7.105000019073486,7.105000019073486,7.099999904632568,7.099999904632568,1063,0.0,0.0,2023-06-28
1833,2023-06-28 15:45:00-04:00,7.099999904632568,7.110000133514404,7.099999904632568,7.099999904632568,3546,0.0,0.0,2023-06-28
1834,2023-06-28 15:50:00-04:00,7.105000019073486,7.105000019073486,7.105000019073486,7.105000019073486,1883,0.0,0.0,2023-06-28
1835,2023-06-28 15:55:00-04:00,7.105000019073486,7.110000133514404,7.099999904632568,7.105000019073486,15908,0.0,0.0,2023-06-28
1836,2023-06-29 09:30:00-04:00,7.090000152587891,7.119999885559082,7.090000152587891,7.119999885559082,4531,0.0,0.0,2023-06-29
1837,2023-06-29 09:35:00-04:00,7.119999885559082,7.150000095367432,7.119999885559082,7.135000228881836,2278,0.0,0.0,2023-06-29
1838,2023-06-29 09:40:00-04:00,7.139999866485596,7.139999866485596,7.139999866485596,7.139999866485596,470,0.0,0.0,2023-06-29
1839,2023-06-29 09:45:00-04:00,7.135000228881836,7.135000228881836,7.110000133514404,7.114999771118164,1656,0.0,0.0,2023-06-29
1840,2023-06-29 09:50:00-04:00,7.119999885559082,7.135000228881836,7.119999885559082,7.135000228881836,3313,0.0,0.0,2023-06-29
1841,2023-06-29 09:55:00-04:00,7.135000228881836,7.15500020980835,7.135000228881836,7.139999866485596,5926,0.0,0.0,2023-06-29
1842,2023-06-29 10:00:00-04:00,7.135000228881836,7.135000228881836,7.130000114440918,7.130000114440918,1419,0.0,0.0,2023-06-29
1843,2023-06-29 10:05:00-04:00,7.135000228881836,7.144999980926514,7.135000228881836,7.135000228881836,7938,0.0,0.0,2023-06-29
1844,2023-06-29 10:10:00-04:00,7.144999980926514,7.144999980926514,7.135000228881836,7.144999980926514,2706,0.0,0.0,2023-06-29
1845,2023-06-29 10:15:00-04:00,7.164999961853027,7.199999809265137,7.164999961853027,7.199999809265137,10853,0.0,0.0,2023-06-29
1846,2023-06-29 10:20:00-04:00,7.21999979019165,7.21999979019165,7.199999809265137,7.199999809265137,1091,0.0,0.0,2023-06-29
1847,2023-06-29 10:25:00-04:00,7.195000171661377,7.21999979019165,7.190000057220459,7.21999979019165,1404,0.0,0.0,2023-06-29
1848,2023-06-29 10:30:00-04:00,7.230000019073486,7.230000019073486,7.224999904632568,7.224999904632568,1699,0.0,0.0,2023-06-29
1849,2023-06-29 10:35:00-04:00,7.224999904632568,7.224999904632568,7.184999942779541,7.184999942779541,4751,0.0,0.0,2023-06-29
1850,2023-06-29 10:40:00-04:00,7.184999942779541,7.199999809265137,7.179999828338623,7.195000171661377,3137,0.0,0.0,2023-06-29
1851,2023-06-29 10:45:00-04:00,7.215000152587891,7.215000152587891,7.184999942779541,7.195000171661377,2026,0.0,0.0,2023-06-29
1852,2023-06-29 10:50:00-04:00,7.215000152587891,7.215000152587891,7.20989990234375,7.210000038146973,721,0.0,0.0,2023-06-29
1853,2023-06-29 10:55:00-04:00,7.215000152587891,7.215000152587891,7.215000152587891,7.215000152587891,1841,0.0,0.0,2023-06-29
1854,2023-06-29 11:00:00-04:00,7.204999923706055,7.204999923706055,7.204999923706055,7.204999923706055,114,0.0,0.0,2023-06-29
1855,2023-06-29 11:05:00-04:00,7.204999923706055,7.204999923706055,7.199999809265137,7.199999809265137,652,0.0,0.0,2023-06-29
1856,2023-06-29 11:10:00-04:00,7.199999809265137,7.204999923706055,7.199999809265137,7.204999923706055,1058,0.0,0.0,2023-06-29
1857,2023-06-29 11:15:00-04:00,7.204999923706055,7.210000038146973,7.204999923706055,7.206500053405762,1846,0.0,0.0,2023-06-29
1858,2023-06-29 11:20:00-04:00,7.199999809265137,7.199999809265137,7.190000057220459,7.190000057220459,1188,0.0,0.0,2023-06-29
1859,2023-06-29 11:25:00-04:00,7.184999942779541,7.190000057220459,7.184999942779541,7.184999942779541,1788,0.0,0.0,2023-06-29
1860,2023-06-29 11:30:00-04:00,7.190000057220459,7.195000171661377,7.184999942779541,7.195000171661377,1307,0.0,0.0,2023-06-29
1861,2023-06-29 11:35:00-04:00,7.195000171661377,7.199999809265137,7.190000057220459,7.195000171661377,3691,0.0,0.0,2023-06-29
1862,2023-06-29 11:40:00-04:00,7.195000171661377,7.195000171661377,7.195000171661377,7.195000171661377,200,0.0,0.0,2023-06-29
1863,2023-06-29 11:45:00-04:00,7.195000171661377,7.195000171661377,7.195000171661377,7.195000171661377,152,0.0,0.0,2023-06-29
1864,2023-06-29 11:50:00-04:00,7.195000171661377,7.199999809265137,7.195000171661377,7.195000171661377,817,0.0,0.0,2023-06-29
1865,2023-06-29 11:55:00-04:00,7.190000057220459,7.190000057220459,7.175000190734863,7.175000190734863,456,0.0,0.0,2023-06-29
1866,2023-06-29 12:00:00-04:00,7.175000190734863,7.1890997886657715,7.175000190734863,7.184999942779541,1100,0.0,0.0,2023-06-29
1867,2023-06-29 12:05:00-04:00,7.184999942779541,7.190000057220459,7.184999942779541,7.190000057220459,260,0.0,0.0,2023-06-29
1868,2023-06-29 12:10:00-04:00,7.190000057220459,7.190700054168701,7.184999942779541,7.190700054168701,1646,0.0,0.0,2023-06-29
1869,2023-06-29 12:15:00-04:00,7.195000171661377,7.195000171661377,7.195000171661377,7.195000171661377,568,0.0,0.0,2023-06-29
1870,2023-06-29 12:20:00-04:00,7.199999809265137,7.21999979019165,7.199999809265137,7.21999979019165,1925,0.0,0.0,2023-06-29
1871,2023-06-29 12:25:00-04:00,7.21999979019165,7.21999979019165,7.215000152587891,7.215000152587891,1361,0.0,0.0,2023-06-29
1872,2023-06-29 12:30:00-04:00,7.215000152587891,7.215000152587891,7.215000152587891,7.215000152587891,311,0.0,0.0,2023-06-29
1873,2023-06-29 12:35:00-04:00,7.21999979019165,7.239999771118164,7.21999979019165,7.239999771118164,2045,0.0,0.0,2023-06-29
1874,2023-06-29 12:40:00-04:00,7.235000133514404,7.235000133514404,7.235000133514404,7.235000133514404,279,0.0,0.0,2023-06-29
1875,2023-06-29 12:45:00-04:00,7.235000133514404,7.235000133514404,7.235000133514404,7.235000133514404,274,0.0,0.0,2023-06-29
1876,2023-06-29 12:50:00-04:00,7.230000019073486,7.230000019073486,7.230000019073486,7.230000019073486,137,0.0,0.0,2023-06-29
1877,2023-06-29 12:55:00-04:00,7.235000133514404,7.235000133514404,7.224999904632568,7.230000019073486,2480,0.0,0.0,2023-06-29
1878,2023-06-29 13:00:00-04:00,7.230000019073486,7.230000019073486,7.230000019073486,7.230000019073486,209,0.0,0.0,2023-06-29
1879,2023-06-29 13:05:00-04:00,7.230000019073486,7.230000019073486,7.210000038146973,7.21999979019165,1204,0.0,0.0,2023-06-29
1880,2023-06-29 13:10:00-04:00,7.21999979019165,7.21999979019165,7.21999979019165,7.21999979019165,297,0.0,0.0,2023-06-29
1881,2023-06-29 13:20:00-04:00,7.21999979019165,7.21999979019165,7.21999979019165,7.21999979019165,157,0.0,0.0,2023-06-29
1882,2023-06-29 13:25:00-04:00,7.230000019073486,7.230000019073486,7.230000019073486,7.230000019073486,123,0.0,0.0,2023-06-29
1883,2023-06-29 13:30:00-04:00,7.230000019073486,7.230000019073486,7.230000019073486,7.230000019073486,1159,0.0,0.0,2023-06-29
1884,2023-06-29 13:35:00-04:00,7.224999904632568,7.230000019073486,7.224999904632568,7.224999904632568,1042,0.0,0.0,2023-06-29
1885,2023-06-29 13:40:00-04:00,7.224999904632568,7.230000019073486,7.21999979019165,7.224999904632568,1789,0.0,0.0,2023-06-29
1886,2023-06-29 13:45:00-04:00,7.224999904632568,7.224999904632568,7.224999904632568,7.224999904632568,678,0.0,0.0,2023-06-29
1887,2023-06-29 13:50:00-04:00,7.21999979019165,7.21999979019165,7.210000038146973,7.215000152587891,2169,0.0,0.0,2023-06-29
1888,2023-06-29 13:55:00-04:00,7.204999923706055,7.206500053405762,7.204999923706055,7.206500053405762,525,0.0,0.0,2023-06-29
1889,2023-06-29 14:00:00-04:00,7.199999809265137,7.210000038146973,7.195000171661377,7.204999923706055,986,0.0,0.0,2023-06-29
1890,2023-06-29 14:05:00-04:00,7.199999809265137,7.215000152587891,7.199999809265137,7.215000152587891,1941,0.0,0.0,2023-06-29
1891,2023-06-29 14:10:00-04:00,7.21999979019165,7.224999904632568,7.21999979019165,7.224999904632568,757,0.0,0.0,2023-06-29
1892,2023-06-29 14:15:00-04:00,7.224999904632568,7.224999904632568,7.224999904632568,7.224999904632568,568,0.0,0.0,2023-06-29
1893,2023-06-29 14:20:00-04:00,7.224999904632568,7.235000133514404,7.224999904632568,7.230800151824951,2636,0.0,0.0,2023-06-29
1894,2023-06-29 14:25:00-04:00,7.235000133514404,7.235000133514404,7.224999904632568,7.224999904632568,2649,0.0,0.0,2023-06-29
1895,2023-06-29 14:30:00-04:00,7.220099925994873,7.224999904632568,7.220099925994873,7.224999904632568,1390,0.0,0.0,2023-06-29
1896,2023-06-29 14:35:00-04:00,7.224999904632568,7.235000133514404,7.224999904632568,7.235000133514404,1440,0.0,0.0,2023-06-29
1897,2023-06-29 14:40:00-04:00,7.230000019073486,7.230000019073486,7.224999904632568,7.230000019073486,731,0.0,0.0,2023-06-29
1898,2023-06-29 14:45:00-04:00,7.235000133514404,7.235000133514404,7.230000019073486,7.230000019073486,953,0.0,0.0,2023-06-29
1899,2023-06-29 14:50:00-04:00,7.235000133514404,7.235000133514404,7.235000133514404,7.235000133514404,494,0.0,0.0,2023-06-29
1900,2023-06-29 14:55:00-04:00,7.235000133514404,7.235000133514404,7.235000133514404,7.235000133514404,525,0.0,0.0,2023-06-29
1901,2023-06-29 15:00:00-04:00,7.235000133514404,7.239999771118164,7.235000133514404,7.235000133514404,3869,0.0,0.0,2023-06-29
1902,2023-06-29 15:05:00-04:00,7.235000133514404,7.235000133514404,7.235000133514404,7.235000133514404,300,0.0,0.0,2023-06-29
1903,2023-06-29 15:10:00-04:00,7.230000019073486,7.239999771118164,7.230000019073486,7.235000133514404,591,0.0,0.0,2023-06-29
1904,2023-06-29 15:15:00-04:00,7.235000133514404,7.239999771118164,7.224999904632568,7.235000133514404,5388,0.0,0.0,2023-06-29
1905,2023-06-29 15:20:00-04:00,7.235000133514404,7.235000133514404,7.230000019073486,7.235000133514404,515,0.0,0.0,2023-06-29
1906,2023-06-29 15:25:00-04:00,7.235000133514404,7.239999771118164,7.230000019073486,7.235000133514404,3468,0.0,0.0,2023-06-29
1907,2023-06-29 15:30:00-04:00,7.235000133514404,7.235000133514404,7.235000133514404,7.235000133514404,1439,0.0,0.0,2023-06-29
1908,2023-06-29 15:35:00-04:00,7.235000133514404,7.235000133514404,7.235000133514404,7.235000133514404,811,0.0,0.0,2023-06-29
1909,2023-06-29 15:40:00-04:00,7.235000133514404,7.239999771118164,7.235000133514404,7.239999771118164,1307,0.0,0.0,2023-06-29
1910,2023-06-29 15:45:00-04:00,7.235000133514404,7.235000133514404,7.230000019073486,7.235000133514404,1680,0.0,0.0,2023-06-29
1911,2023-06-29 15:50:00-04:00,7.235000133514404,7.239999771118164,7.235000133514404,7.235000133514404,6331,0.0,0.0,2023-06-29
1912,2023-06-29 15:55:00-04:00,7.235000133514404,7.239999771118164,7.199999809265137,7.199999809265137,44007,0.0,0.0,2023-06-29
1913,2023-06-30 09:30:00-04:00,7.28000020980835,7.309999942779541,7.28000020980835,7.297999858856201,2518,0.0,0.0,2023-06-30
1914,2023-06-30 09:35:00-04:00,7.329999923706055,7.329999923706055,7.309999942779541,7.309999942779541,1980,0.0,0.0,2023-06-30
1915,2023-06-30 09:45:00-04:00,7.289999961853027,7.289999961853027,7.260000228881836,7.264999866485596,2005,0.0,0.0,2023-06-30
1916,2023-06-30 09:50:00-04:00,7.275000095367432,7.289999961853027,7.264999866485596,7.289999961853027,3239,0.0,0.0,2023-06-30
1917,2023-06-30 10:00:00-04:00,7.300000190734863,7.300000190734863,7.284999847412109,7.284999847412109,713,0.0,0.0,2023-06-30
1918,2023-06-30 10:05:00-04:00,7.289999961853027,7.300000190734863,7.275000095367432,7.275000095367432,3302,0.0,0.0,2023-06-30
1919,2023-06-30 10:10:00-04:00,7.269999980926514,7.269999980926514,7.241000175476074,7.25,1520,0.0,0.0,2023-06-30
1920,2023-06-30 10:15:00-04:00,7.230000019073486,7.230000019073486,7.230000019073486,7.230000019073486,1402,0.0,0.0,2023-06-30
1921,2023-06-30 10:20:00-04:00,7.230000019073486,7.244999885559082,7.224999904632568,7.230000019073486,4654,0.0,0.0,2023-06-30
1922,2023-06-30 10:25:00-04:00,7.235000133514404,7.275000095367432,7.235000133514404,7.275000095367432,2289,0.0,0.0,2023-06-30
1923,2023-06-30 10:30:00-04:00,7.269999980926514,7.269999980926514,7.244999885559082,7.244999885559082,2426,0.0,0.0,2023-06-30
1924,2023-06-30 10:35:00-04:00,7.239999771118164,7.239999771118164,7.21999979019165,7.21999979019165,1775,0.0,0.0,2023-06-30
1925,2023-06-30 10:40:00-04:00,7.21999979019165,7.21999979019165,7.215000152587891,7.215000152587891,1914,0.0,0.0,2023-06-30
1926,2023-06-30 10:45:00-04:00,7.199999809265137,7.199999809265137,7.190000057220459,7.190000057220459,692,0.0,0.0,2023-06-30
1927,2023-06-30 10:50:00-04:00,7.179999828338623,7.210000038146973,7.179999828338623,7.204999923706055,1657,0.0,0.0,2023-06-30
1928,2023-06-30 10:55:00-04:00,7.210000038146973,7.210000038146973,7.195000171661377,7.204999923706055,1429,0.0,0.0,2023-06-30
1929,2023-06-30 11:00:00-04:00,7.210000038146973,7.210000038146973,7.204999923706055,7.204999923706055,635,0.0,0.0,2023-06-30
1930,2023-06-30 11:05:00-04:00,7.204999923706055,7.215000152587891,7.199999809265137,7.215000152587891,4038,0.0,0.0,2023-06-30
1931,2023-06-30 11:10:00-04:00,7.210000038146973,7.210000038146973,7.204999923706055,7.204999923706055,1038,0.0,0.0,2023-06-30
1932,2023-06-30 11:15:00-04:00,7.204999923706055,7.210000038146973,7.204999923706055,7.204999923706055,883,0.0,0.0,2023-06-30
1933,2023-06-30 11:20:00-04:00,7.204999923706055,7.204999923706055,7.199999809265137,7.199999809265137,238,0.0,0.0,2023-06-30
1934,2023-06-30 11:25:00-04:00,7.199999809265137,7.199999809265137,7.190000057220459,7.199999809265137,3373,0.0,0.0,2023-06-30
1935,2023-06-30 11:30:00-04:00,7.199999809265137,7.204999923706055,7.199999809265137,7.204999923706055,366,0.0,0.0,2023-06-30
1936,2023-06-30 11:35:00-04:00,7.204999923706055,7.210000038146973,7.204999923706055,7.204999923706055,1166,0.0,0.0,2023-06-30
1937,2023-06-30 11:40:00-04:00,7.204999923706055,7.210000038146973,7.204999923706055,7.210000038146973,589,0.0,0.0,2023-06-30
1938,2023-06-30 11:45:00-04:00,7.204999923706055,7.204999923706055,7.204999923706055,7.204999923706055,419,0.0,0.0,2023-06-30
1939,2023-06-30 11:50:00-04:00,7.199999809265137,7.199999809265137,7.190000057220459,7.190000057220459,2200,0.0,0.0,2023-06-30
1940,2023-06-30 11:55:00-04:00,7.190000057220459,7.210000038146973,7.190000057220459,7.210000038146973,13173,0.0,0.0,2023-06-30
1941,2023-06-30 12:00:00-04:00,7.215000152587891,7.224999904632568,7.215000152587891,7.215000152587891,2047,0.0,0.0,2023-06-30
1942,2023-06-30 12:05:00-04:00,7.215000152587891,7.260000228881836,7.215000152587891,7.215000152587891,41772,0.0,0.0,2023-06-30
1943,2023-06-30 12:10:00-04:00,7.215000152587891,7.235000133514404,7.215000152587891,7.230000019073486,2006,0.0,0.0,2023-06-30
1944,2023-06-30 12:15:00-04:00,7.230000019073486,7.230000019073486,7.224999904632568,7.224999904632568,1127,0.0,0.0,2023-06-30
1945,2023-06-30 12:20:00-04:00,7.230000019073486,7.235000133514404,7.224999904632568,7.235000133514404,1686,0.0,0.0,2023-06-30
1946,2023-06-30 12:25:00-04:00,7.239999771118164,7.239999771118164,7.235000133514404,7.235000133514404,3632,0.0,0.0,2023-06-30
1947,2023-06-30 12:30:00-04:00,7.244999885559082,7.25,7.244999885559082,7.244999885559082,1182,0.0,0.0,2023-06-30
1948,2023-06-30 12:35:00-04:00,7.244999885559082,7.264999866485596,7.244999885559082,7.244999885559082,13839,0.0,0.0,2023-06-30
1949,2023-06-30 12:40:00-04:00,7.239999771118164,7.239999771118164,7.230000019073486,7.235000133514404,13074,0.0,0.0,2023-06-30
1950,2023-06-30 12:45:00-04:00,7.235000133514404,7.235000133514404,7.235000133514404,7.235000133514404,300,0.0,0.0,2023-06-30
1951,2023-06-30 12:50:00-04:00,7.230000019073486,7.230000019073486,7.224999904632568,7.224999904632568,3761,0.0,0.0,2023-06-30
1952,2023-06-30 12:55:00-04:00,7.224999904632568,7.230000019073486,7.224999904632568,7.224999904632568,1158,0.0,0.0,2023-06-30
1953,2023-06-30 13:00:00-04:00,7.224999904632568,7.230000019073486,7.224999904632568,7.224999904632568,1012,0.0,0.0,2023-06-30
1954,2023-06-30 13:05:00-04:00,7.224999904632568,7.230000019073486,7.224999904632568,7.224999904632568,2462,0.0,0.0,2023-06-30
1955,2023-06-30 13:10:00-04:00,7.223999977111816,7.230000019073486,7.223999977111816,7.224999904632568,2607,0.0,0.0,2023-06-30
1956,2023-06-30 13:15:00-04:00,7.224999904632568,7.224999904632568,7.224999904632568,7.224999904632568,637,0.0,0.0,2023-06-30
1957,2023-06-30 13:20:00-04:00,7.224999904632568,7.224999904632568,7.224999904632568,7.224999904632568,995,0.0,0.0,2023-06-30
1958,2023-06-30 13:25:00-04:00,7.224999904632568,7.224999904632568,7.215000152587891,7.215000152587891,1933,0.0,0.0,2023-06-30
1959,2023-06-30 13:30:00-04:00,7.215000152587891,7.215000152587891,7.215000152587891,7.215000152587891,578,0.0,0.0,2023-06-30
1960,2023-06-30 13:35:00-04:00,7.215000152587891,7.215000152587891,7.215000152587891,7.215000152587891,234,0.0,0.0,2023-06-30
1961,2023-06-30 13:40:00-04:00,7.215000152587891,7.215000152587891,7.210000038146973,7.210000038146973,306,0.0,0.0,2023-06-30
1962,2023-06-30 13:45:00-04:00,7.215000152587891,7.215000152587891,7.215000152587891,7.215000152587891,577,0.0,0.0,2023-06-30
1963,2023-06-30 13:50:00-04:00,7.215000152587891,7.215000152587891,7.215000152587891,7.215000152587891,902,0.0,0.0,2023-06-30
1964,2023-06-30 13:55:00-04:00,7.211599826812744,7.211599826812744,7.211599826812744,7.211599826812744,149,0.0,0.0,2023-06-30
1965,2023-06-30 14:00:00-04:00,7.215000152587891,7.215000152587891,7.204999923706055,7.204999923706055,2212,0.0,0.0,2023-06-30
1966,2023-06-30 14:05:00-04:00,7.204999923706055,7.204999923706055,7.204999923706055,7.204999923706055,711,0.0,0.0,2023-06-30
1967,2023-06-30 14:10:00-04:00,7.204999923706055,7.204999923706055,7.204999923706055,7.204999923706055,1247,0.0,0.0,2023-06-30
1968,2023-06-30 14:15:00-04:00,7.204999923706055,7.210000038146973,7.204999923706055,7.204999923706055,2658,0.0,0.0,2023-06-30
1969,2023-06-30 14:20:00-04:00,7.199999809265137,7.204999923706055,7.199999809265137,7.204999923706055,560,0.0,0.0,2023-06-30
1970,2023-06-30 14:25:00-04:00,7.204999923706055,7.215000152587891,7.204999923706055,7.215000152587891,5415,0.0,0.0,2023-06-30
1971,2023-06-30 14:30:00-04:00,7.215000152587891,7.215000152587891,7.215000152587891,7.215000152587891,832,0.0,0.0,2023-06-30
1972,2023-06-30 14:35:00-04:00,7.215000152587891,7.215000152587891,7.215000152587891,7.215000152587891,782,0.0,0.0,2023-06-30
1973,2023-06-30 14:40:00-04:00,7.215000152587891,7.21999979019165,7.215000152587891,7.215000152587891,1275,0.0,0.0,2023-06-30
1974,2023-06-30 14:45:00-04:00,7.215000152587891,7.215000152587891,7.199999809265137,7.204999923706055,4232,0.0,0.0,2023-06-30
1975,2023-06-30 14:50:00-04:00,7.204999923706055,7.204999923706055,7.204999923706055,7.204999923706055,555,0.0,0.0,2023-06-30
1976,2023-06-30 14:55:00-04:00,7.204999923706055,7.204999923706055,7.195000171661377,7.195000171661377,1210,0.0,0.0,2023-06-30
1977,2023-06-30 15:00:00-04:00,7.199999809265137,7.204999923706055,7.199999809265137,7.204999923706055,1242,0.0,0.0,2023-06-30
1978,2023-06-30 15:05:00-04:00,7.199999809265137,7.199999809265137,7.190000057220459,7.190000057220459,1480,0.0,0.0,2023-06-30
1979,2023-06-30 15:10:00-04:00,7.199999809265137,7.199999809265137,7.190000057220459,7.190000057220459,1114,0.0,0.0,2023-06-30
1980,2023-06-30 15:15:00-04:00,7.195000171661377,7.199999809265137,7.195000171661377,7.195000171661377,984,0.0,0.0,2023-06-30
1981,2023-06-30 15:20:00-04:00,7.195000171661377,7.195000171661377,7.184999942779541,7.190000057220459,1474,0.0,0.0,2023-06-30
1982,2023-06-30 15:25:00-04:00,7.190000057220459,7.199999809265137,7.190000057220459,7.199999809265137,698,0.0,0.0,2023-06-30
1983,2023-06-30 15:30:00-04:00,7.199999809265137,7.199999809265137,7.195000171661377,7.195000171661377,1186,0.0,0.0,2023-06-30
1984,2023-06-30 15:35:00-04:00,7.190000057220459,7.195000171661377,7.170000076293945,7.175000190734863,4600,0.0,0.0,2023-06-30
1985,2023-06-30 15:40:00-04:00,7.179999828338623,7.179999828338623,7.175000190734863,7.179999828338623,3489,0.0,0.0,2023-06-30
1986,2023-06-30 15:45:00-04:00,7.179999828338623,7.199999809265137,7.170000076293945,7.195000171661377,12100,0.0,0.0,2023-06-30
1987,2023-06-30 15:50:00-04:00,7.199999809265137,7.210000038146973,7.199999809265137,7.204999923706055,5245,0.0,0.0,2023-06-30
1988,2023-06-30 15:55:00-04:00,7.210000038146973,7.215000152587891,7.170000076293945,7.179999828338623,47467,0.0,0.0,2023-06-30
1989,2023-07-03 09:30:00-04:00,7.199999809265137,7.210000038146973,7.170000076293945,7.210000038146973,2416,0.0,0.0,2023-07-03
1990,2023-07-03 09:35:00-04:00,7.235000133514404,7.269999980926514,7.230000019073486,7.269999980926514,3466,0.0,0.0,2023-07-03
1991,2023-07-03 09:40:00-04:00,7.269999980926514,7.269999980926514,7.230000019073486,7.25,4864,0.0,0.0,2023-07-03
1992,2023-07-03 09:45:00-04:00,7.269999980926514,7.269999980926514,7.235000133514404,7.244999885559082,6627,0.0,0.0,2023-07-03
1993,2023-07-03 09:50:00-04:00,7.244999885559082,7.244999885559082,7.21999979019165,7.224999904632568,2066,0.0,0.0,2023-07-03
1994,2023-07-03 09:55:00-04:00,7.230000019073486,7.230000019073486,7.224999904632568,7.230000019073486,1124,0.0,0.0,2023-07-03
1995,2023-07-03 10:00:00-04:00,7.239999771118164,7.25,7.235000133514404,7.239999771118164,3712,0.0,0.0,2023-07-03
1996,2023-07-03 10:05:00-04:00,7.244999885559082,7.25,7.244999885559082,7.244999885559082,2049,0.0,0.0,2023-07-03
1997,2023-07-03 10:10:00-04:00,7.244999885559082,7.25,7.235000133514404,7.244999885559082,4467,0.0,0.0,2023-07-03
1998,2023-07-03 10:15:00-04:00,7.244999885559082,7.25,7.230000019073486,7.235000133514404,2446,0.0,0.0,2023-07-03
1999,2023-07-03 10:20:00-04:00,7.235000133514404,7.239999771118164,7.224999904632568,7.230000019073486,2143,0.0,0.0,2023-07-03
2000,2023-07-03 10:25:00-04:00,7.224999904632568,7.269999980926514,7.21999979019165,7.264999866485596,4940,0.0,0.0,2023-07-03
2001,2023-07-03 10:30:00-04:00,7.264999866485596,7.264999866485596,7.264999866485596,7.264999866485596,253,0.0,0.0,2023-07-03
2002,2023-07-03 10:35:00-04:00,7.260000228881836,7.289999961853027,7.255000114440918,7.28000020980835,4512,0.0,0.0,2023-07-03
2003,2023-07-03 10:40:00-04:00,7.284999847412109,7.284999847412109,7.275000095367432,7.275000095367432,1342,0.0,0.0,2023-07-03
2004,2023-07-03 10:45:00-04:00,7.269999980926514,7.269999980926514,7.264999866485596,7.264999866485596,605,0.0,0.0,2023-07-03
2005,2023-07-03 10:50:00-04:00,7.260000228881836,7.260000228881836,7.244999885559082,7.260000228881836,10493,0.0,0.0,2023-07-03
2006,2023-07-03 10:55:00-04:00,7.255000114440918,7.260000228881836,7.244999885559082,7.244999885559082,3982,0.0,0.0,2023-07-03
2007,2023-07-03 11:00:00-04:00,7.25,7.264999866485596,7.244999885559082,7.244999885559082,5174,0.0,0.0,2023-07-03
2008,2023-07-03 11:05:00-04:00,7.244999885559082,7.25,7.244999885559082,7.244999885559082,1459,0.0,0.0,2023-07-03
2009,2023-07-03 11:10:00-04:00,7.255000114440918,7.255000114440918,7.25,7.25,1412,0.0,0.0,2023-07-03
2010,2023-07-03 11:15:00-04:00,7.239999771118164,7.239999771118164,7.235000133514404,7.235000133514404,1976,0.0,0.0,2023-07-03
2011,2023-07-03 11:20:00-04:00,7.230000019073486,7.230000019073486,7.230000019073486,7.230000019073486,753,0.0,0.0,2023-07-03
2012,2023-07-03 11:25:00-04:00,7.239999771118164,7.244999885559082,7.235000133514404,7.244999885559082,2364,0.0,0.0,2023-07-03
2013,2023-07-03 11:30:00-04:00,7.244999885559082,7.25,7.244999885559082,7.244999885559082,396,0.0,0.0,2023-07-03
2014,2023-07-03 11:35:00-04:00,7.239999771118164,7.239999771118164,7.224999904632568,7.224999904632568,3171,0.0,0.0,2023-07-03
2015,2023-07-03 11:40:00-04:00,7.21999979019165,7.21999979019165,7.215000152587891,7.215000152587891,1414,0.0,0.0,2023-07-03
2016,2023-07-03 11:45:00-04:00,7.215000152587891,7.215000152587891,7.210000038146973,7.210000038146973,1278,0.0,0.0,2023-07-03
2017,2023-07-03 12:00:00-04:00,7.21999979019165,7.235000133514404,7.21999979019165,7.224999904632568,3697,0.0,0.0,2023-07-03
2018,2023-07-03 12:05:00-04:00,7.224999904632568,7.239999771118164,7.224999904632568,7.235000133514404,1666,0.0,0.0,2023-07-03
2019,2023-07-03 12:10:00-04:00,7.230000019073486,7.269999980926514,7.130000114440918,7.239999771118164,304383,0.0,0.0,2023-07-03
2020,2023-07-03 12:15:00-04:00,7.239999771118164,7.25,7.230000019073486,7.25,13985,0.0,0.0,2023-07-03
2021,2023-07-03 12:20:00-04:00,7.244999885559082,7.244999885559082,7.239999771118164,7.239999771118164,868,0.0,0.0,2023-07-03
2022,2023-07-03 12:25:00-04:00,7.239999771118164,7.244999885559082,7.230000019073486,7.235000133514404,4102,0.0,0.0,2023-07-03
2023,2023-07-03 12:30:00-04:00,7.235000133514404,7.25,7.235000133514404,7.239999771118164,13080,0.0,0.0,2023-07-03
2024,2023-07-03 12:35:00-04:00,7.244999885559082,7.28000020980835,7.244999885559082,7.260000228881836,28507,0.0,0.0,2023-07-03
2025,2023-07-03 12:40:00-04:00,7.260000228881836,7.28000020980835,7.260000228881836,7.264999866485596,26629,0.0,0.0,2023-07-03
2026,2023-07-03 12:45:00-04:00,7.264999866485596,7.28000020980835,7.264999866485596,7.269999980926514,19026,0.0,0.0,2023-07-03
2027,2023-07-05 09:30:00-04:00,7.179999828338623,7.230000019073486,7.139999866485596,7.210000038146973,4237,0.0,0.0,2023-07-05
2028,2023-07-05 09:35:00-04:00,7.222499847412109,7.222499847412109,7.179999828338623,7.210000038146973,4753,0.0,0.0,2023-07-05
2029,2023-07-05 09:40:00-04:00,7.215000152587891,7.215000152587891,7.199999809265137,7.199999809265137,3840,0.0,0.0,2023-07-05
2030,2023-07-05 09:45:00-04:00,7.190000057220459,7.215000152587891,7.184999942779541,7.215000152587891,3432,0.0,0.0,2023-07-05
2031,2023-07-05 09:50:00-04:00,7.215000152587891,7.21999979019165,7.210000038146973,7.210000038146973,2990,0.0,0.0,2023-07-05
2032,2023-07-05 09:55:00-04:00,7.199999809265137,7.210000038146973,7.199999809265137,7.204999923706055,2684,0.0,0.0,2023-07-05
2033,2023-07-05 10:00:00-04:00,7.204999923706055,7.210000038146973,7.195000171661377,7.195000171661377,5788,0.0,0.0,2023-07-05
2034,2023-07-05 10:05:00-04:00,7.195000171661377,7.199999809265137,7.195000171661377,7.199999809265137,1275,0.0,0.0,2023-07-05
2035,2023-07-05 10:10:00-04:00,7.199999809265137,7.204999923706055,7.179999828338623,7.179999828338623,2047,0.0,0.0,2023-07-05
2036,2023-07-05 10:15:00-04:00,7.179999828338623,7.190000057220459,7.170000076293945,7.190000057220459,3049,0.0,0.0,2023-07-05
2037,2023-07-05 10:20:00-04:00,7.199999809265137,7.199999809265137,7.190000057220459,7.190000057220459,3899,0.0,0.0,2023-07-05
2038,2023-07-05 10:25:00-04:00,7.1875,7.1875,7.175000190734863,7.179999828338623,2912,0.0,0.0,2023-07-05
2039,2023-07-05 10:30:00-04:00,7.190000057220459,7.215000152587891,7.190000057220459,7.215000152587891,1069,0.0,0.0,2023-07-05
2040,2023-07-05 10:35:00-04:00,7.210000038146973,7.210000038146973,7.199999809265137,7.204999923706055,10565,0.0,0.0,2023-07-05
2041,2023-07-05 10:40:00-04:00,7.204999923706055,7.224999904632568,7.204999923706055,7.224999904632568,2818,0.0,0.0,2023-07-05
2042,2023-07-05 10:45:00-04:00,7.224999904632568,7.228000164031982,7.215000152587891,7.215000152587891,3293,0.0,0.0,2023-07-05
2043,2023-07-05 10:50:00-04:00,7.215000152587891,7.235000133514404,7.215000152587891,7.235000133514404,9596,0.0,0.0,2023-07-05
2044,2023-07-05 10:55:00-04:00,7.239999771118164,7.25,7.235000133514404,7.244999885559082,2934,0.0,0.0,2023-07-05
2045,2023-07-05 11:00:00-04:00,7.244999885559082,7.244999885559082,7.224999904632568,7.224999904632568,4878,0.0,0.0,2023-07-05
2046,2023-07-05 11:05:00-04:00,7.21999979019165,7.21999979019165,7.210000038146973,7.210000038146973,2458,0.0,0.0,2023-07-05
2047,2023-07-05 11:10:00-04:00,7.210000038146973,7.210000038146973,7.199999809265137,7.199999809265137,2542,0.0,0.0,2023-07-05
2048,2023-07-05 11:15:00-04:00,7.204999923706055,7.204999923706055,7.195000171661377,7.195000171661377,1730,0.0,0.0,2023-07-05
2049,2023-07-05 11:20:00-04:00,7.190000057220459,7.204999923706055,7.179999828338623,7.204999923706055,7804,0.0,0.0,2023-07-05
2050,2023-07-05 11:25:00-04:00,7.199999809265137,7.215000152587891,7.199999809265137,7.204999923706055,5242,0.0,0.0,2023-07-05
2051,2023-07-05 11:30:00-04:00,7.204999923706055,7.215000152587891,7.204999923706055,7.215000152587891,2687,0.0,0.0,2023-07-05
2052,2023-07-05 11:35:00-04:00,7.215000152587891,7.215000152587891,7.204999923706055,7.204999923706055,5204,0.0,0.0,2023-07-05
2053,2023-07-05 11:40:00-04:00,7.204999923706055,7.204999923706055,7.204999923706055,7.204999923706055,428,0.0,0.0,2023-07-05
2054,2023-07-05 11:45:00-04:00,7.204999923706055,7.204999923706055,7.204999923706055,7.204999923706055,362,0.0,0.0,2023-07-05
2055,2023-07-05 11:50:00-04:00,7.204999923706055,7.20989990234375,7.195000171661377,7.195000171661377,3140,0.0,0.0,2023-07-05
2056,2023-07-05 11:55:00-04:00,7.195000171661377,7.195000171661377,7.195000171661377,7.195000171661377,508,0.0,0.0,2023-07-05
2057,2023-07-05 12:00:00-04:00,7.195000171661377,7.204999923706055,7.195000171661377,7.204999923706055,2615,0.0,0.0,2023-07-05
2058,2023-07-05 12:05:00-04:00,7.204999923706055,7.210000038146973,7.204999923706055,7.210000038146973,1484,0.0,0.0,2023-07-05
2059,2023-07-05 12:10:00-04:00,7.204999923706055,7.210000038146973,7.204999923706055,7.204999923706055,1266,0.0,0.0,2023-07-05
2060,2023-07-05 12:15:00-04:00,7.210000038146973,7.210000038146973,7.201000213623047,7.207499980926514,1185,0.0,0.0,2023-07-05
2061,2023-07-05 12:20:00-04:00,7.204999923706055,7.204999923706055,7.204999923706055,7.204999923706055,858,0.0,0.0,2023-07-05
2062,2023-07-05 12:25:00-04:00,7.204999923706055,7.204999923706055,7.195000171661377,7.195000171661377,3075,0.0,0.0,2023-07-05
2063,2023-07-05 12:30:00-04:00,7.190000057220459,7.199999809265137,7.190000057220459,7.195000171661377,461,0.0,0.0,2023-07-05
2064,2023-07-05 12:35:00-04:00,7.190000057220459,7.195000171661377,7.179999828338623,7.195000171661377,4689,0.0,0.0,2023-07-05
2065,2023-07-05 12:40:00-04:00,7.199999809265137,7.210000038146973,7.195000171661377,7.204999923706055,3826,0.0,0.0,2023-07-05
2066,2023-07-05 12:45:00-04:00,7.204999923706055,7.215000152587891,7.204999923706055,7.215000152587891,3242,0.0,0.0,2023-07-05
2067,2023-07-05 12:50:00-04:00,7.215000152587891,7.215000152587891,7.215000152587891,7.215000152587891,1229,0.0,0.0,2023-07-05
2068,2023-07-05 12:55:00-04:00,7.215000152587891,7.21999979019165,7.215000152587891,7.215000152587891,2354,0.0,0.0,2023-07-05
2069,2023-07-05 13:00:00-04:00,7.215000152587891,7.21999979019165,7.215000152587891,7.215000152587891,963,0.0,0.0,2023-07-05
2070,2023-07-05 13:05:00-04:00,7.215000152587891,7.215000152587891,7.204999923706055,7.204999923706055,4110,0.0,0.0,2023-07-05
2071,2023-07-05 13:10:00-04:00,7.195000171661377,7.195000171661377,7.184999942779541,7.190000057220459,4942,0.0,0.0,2023-07-05
2072,2023-07-05 13:15:00-04:00,7.199999809265137,7.210000038146973,7.199999809265137,7.210000038146973,650,0.0,0.0,2023-07-05
2073,2023-07-05 13:20:00-04:00,7.210000038146973,7.21999979019165,7.210000038146973,7.215000152587891,1765,0.0,0.0,2023-07-05
2074,2023-07-05 13:25:00-04:00,7.210000038146973,7.210000038146973,7.199999809265137,7.204999923706055,5351,0.0,0.0,2023-07-05
2075,2023-07-05 13:30:00-04:00,7.210000038146973,7.230000019073486,7.210000038146973,7.224999904632568,2383,0.0,0.0,2023-07-05
2076,2023-07-05 13:35:00-04:00,7.235000133514404,7.239999771118164,7.235000133514404,7.235000133514404,1204,0.0,0.0,2023-07-05
2077,2023-07-05 13:40:00-04:00,7.235000133514404,7.239999771118164,7.235000133514404,7.235000133514404,1833,0.0,0.0,2023-07-05
2078,2023-07-05 13:45:00-04:00,7.239999771118164,7.25,7.224999904632568,7.224999904632568,6800,0.0,0.0,2023-07-05
2079,2023-07-05 13:50:00-04:00,7.224999904632568,7.230000019073486,7.215000152587891,7.215000152587891,2694,0.0,0.0,2023-07-05
2080,2023-07-05 13:55:00-04:00,7.215000152587891,7.21999979019165,7.204999923706055,7.21999979019165,7754,0.0,0.0,2023-07-05
2081,2023-07-05 14:00:00-04:00,7.224999904632568,7.224999904632568,7.210000038146973,7.21999979019165,2307,0.0,0.0,2023-07-05
2082,2023-07-05 14:05:00-04:00,7.224999904632568,7.230000019073486,7.224999904632568,7.224999904632568,1049,0.0,0.0,2023-07-05
2083,2023-07-05 14:10:00-04:00,7.235000133514404,7.235000133514404,7.235000133514404,7.235000133514404,158,0.0,0.0,2023-07-05
2084,2023-07-05 14:15:00-04:00,7.230000019073486,7.230000019073486,7.215000152587891,7.215000152587891,3408,0.0,0.0,2023-07-05
2085,2023-07-05 14:20:00-04:00,7.215000152587891,7.215000152587891,7.215000152587891,7.215000152587891,404,0.0,0.0,2023-07-05
2086,2023-07-05 14:25:00-04:00,7.215000152587891,7.215000152587891,7.199999809265137,7.204999923706055,5434,0.0,0.0,2023-07-05
2087,2023-07-05 14:30:00-04:00,7.215000152587891,7.215000152587891,7.215000152587891,7.215000152587891,484,0.0,0.0,2023-07-05
2088,2023-07-05 14:35:00-04:00,7.215000152587891,7.215000152587891,7.210000038146973,7.215000152587891,6050,0.0,0.0,2023-07-05
2089,2023-07-05 14:40:00-04:00,7.21999979019165,7.21999979019165,7.215000152587891,7.219200134277344,2816,0.0,0.0,2023-07-05
2090,2023-07-05 14:45:00-04:00,7.215000152587891,7.215000152587891,7.215000152587891,7.215000152587891,1601,0.0,0.0,2023-07-05
2091,2023-07-05 14:50:00-04:00,7.215000152587891,7.215000152587891,7.204999923706055,7.204999923706055,6329,0.0,0.0,2023-07-05
2092,2023-07-05 14:55:00-04:00,7.199999809265137,7.210000038146973,7.199999809265137,7.210000038146973,1001,0.0,0.0,2023-07-05
2093,2023-07-05 15:00:00-04:00,7.204999923706055,7.210000038146973,7.204999923706055,7.204999923706055,1254,0.0,0.0,2023-07-05
2094,2023-07-05 15:05:00-04:00,7.204999923706055,7.210000038146973,7.195000171661377,7.195000171661377,6792,0.0,0.0,2023-07-05
2095,2023-07-05 15:10:00-04:00,7.195000171661377,7.195000171661377,7.195000171661377,7.195000171661377,668,0.0,0.0,2023-07-05
2096,2023-07-05 15:15:00-04:00,7.190000057220459,7.199999809265137,7.190000057220459,7.195000171661377,767,0.0,0.0,2023-07-05
2097,2023-07-05 15:20:00-04:00,7.199999809265137,7.210000038146973,7.199999809265137,7.210000038146973,3459,0.0,0.0,2023-07-05
2098,2023-07-05 15:25:00-04:00,7.210000038146973,7.210000038146973,7.204999923706055,7.210000038146973,1200,0.0,0.0,2023-07-05
2099,2023-07-05 15:30:00-04:00,7.204999923706055,7.210000038146973,7.195000171661377,7.197500228881836,5975,0.0,0.0,2023-07-05
2100,2023-07-05 15:35:00-04:00,7.199999809265137,7.199999809265137,7.190000057220459,7.190000057220459,1270,0.0,0.0,2023-07-05
2101,2023-07-05 15:40:00-04:00,7.195000171661377,7.195000171661377,7.179999828338623,7.184999942779541,3665,0.0,0.0,2023-07-05
2102,2023-07-05 15:45:00-04:00,7.179999828338623,7.190000057220459,7.179999828338623,7.190000057220459,7150,0.0,0.0,2023-07-05
2103,2023-07-05 15:50:00-04:00,7.184999942779541,7.190000057220459,7.179999828338623,7.179999828338623,17746,0.0,0.0,2023-07-05
2104,2023-07-05 15:55:00-04:00,7.179999828338623,7.179999828338623,7.130000114440918,7.150000095367432,25586,0.0,0.0,2023-07-05
2105,2023-07-06 09:30:00-04:00,7.039999961853027,7.039999961853027,7.0,7.010000228881836,3687,0.0,0.0,2023-07-06
2106,2023-07-06 09:35:00-04:00,7.019999980926514,7.050000190734863,7.019999980926514,7.03000020980835,2302,0.0,0.0,2023-07-06
2107,2023-07-06 09:40:00-04:00,7.03000020980835,7.03000020980835,7.0,7.010000228881836,2311,0.0,0.0,2023-07-06
2108,2023-07-06 09:45:00-04:00,7.0,7.025000095367432,6.994999885559082,7.025000095367432,3330,0.0,0.0,2023-07-06
2109,2023-07-06 09:50:00-04:00,7.03000020980835,7.034999847412109,7.019999980926514,7.019999980926514,2680,0.0,0.0,2023-07-06
2110,2023-07-06 09:55:00-04:00,7.010000228881836,7.010000228881836,7.005000114440918,7.005000114440918,1324,0.0,0.0,2023-07-06
2111,2023-07-06 10:00:00-04:00,7.010000228881836,7.010000228881836,7.0,7.0,1105,0.0,0.0,2023-07-06
2112,2023-07-06 10:05:00-04:00,7.0,7.0,6.989999771118164,6.989999771118164,3447,0.0,0.0,2023-07-06
2113,2023-07-06 10:10:00-04:00,6.980000019073486,6.980000019073486,6.980000019073486,6.980000019073486,2257,0.0,0.0,2023-07-06
2114,2023-07-06 10:15:00-04:00,6.980000019073486,6.980000019073486,6.929999828338623,6.929999828338623,3918,0.0,0.0,2023-07-06
2115,2023-07-06 10:20:00-04:00,6.929200172424316,6.949999809265137,6.925000190734863,6.949999809265137,4290,0.0,0.0,2023-07-06
2116,2023-07-06 10:25:00-04:00,6.954999923706055,6.960000038146973,6.940000057220459,6.949999809265137,2881,0.0,0.0,2023-07-06
2117,2023-07-06 10:30:00-04:00,6.949999809265137,6.954999923706055,6.949999809265137,6.954999923706055,1478,0.0,0.0,2023-07-06
2118,2023-07-06 10:35:00-04:00,6.949999809265137,6.949999809265137,6.934999942779541,6.934999942779541,1777,0.0,0.0,2023-07-06
2119,2023-07-06 10:40:00-04:00,6.914999961853027,6.914999961853027,6.909999847412109,6.909999847412109,1063,0.0,0.0,2023-07-06
2120,2023-07-06 10:45:00-04:00,6.920000076293945,6.925000190734863,6.920000076293945,6.920000076293945,2604,0.0,0.0,2023-07-06
2121,2023-07-06 10:50:00-04:00,6.909999847412109,6.909999847412109,6.909999847412109,6.909999847412109,1274,0.0,0.0,2023-07-06
2122,2023-07-06 10:55:00-04:00,6.869999885559082,6.885000228881836,6.869999885559082,6.875,17208,0.0,0.0,2023-07-06
2123,2023-07-06 11:00:00-04:00,6.869999885559082,6.869999885559082,6.860000133514404,6.860000133514404,1097,0.0,0.0,2023-07-06
2124,2023-07-06 11:05:00-04:00,6.860000133514404,6.864999771118164,6.860000133514404,6.864999771118164,1008,0.0,0.0,2023-07-06
2125,2023-07-06 11:10:00-04:00,6.864999771118164,6.869999885559082,6.864999771118164,6.869999885559082,2511,0.0,0.0,2023-07-06
2126,2023-07-06 11:15:00-04:00,6.855000019073486,6.860000133514404,6.855000019073486,6.860000133514404,1220,0.0,0.0,2023-07-06
2127,2023-07-06 11:20:00-04:00,6.860000133514404,6.864999771118164,6.84499979019165,6.849999904632568,2369,0.0,0.0,2023-07-06
2128,2023-07-06 11:25:00-04:00,6.849999904632568,6.855000019073486,6.849999904632568,6.849999904632568,1411,0.0,0.0,2023-07-06
2129,2023-07-06 11:30:00-04:00,6.860000133514404,6.869999885559082,6.860000133514404,6.869999885559082,833,0.0,0.0,2023-07-06
2130,2023-07-06 11:35:00-04:00,6.869999885559082,6.869999885559082,6.860000133514404,6.860000133514404,551,0.0,0.0,2023-07-06
2131,2023-07-06 11:40:00-04:00,6.855000019073486,6.869999885559082,6.855000019073486,6.855000019073486,2116,0.0,0.0,2023-07-06
2132,2023-07-06 11:45:00-04:00,6.855000019073486,6.880000114440918,6.855000019073486,6.880000114440918,3077,0.0,0.0,2023-07-06
2133,2023-07-06 11:50:00-04:00,6.880000114440918,6.889999866485596,6.880000114440918,6.889999866485596,439,0.0,0.0,2023-07-06
2134,2023-07-06 11:55:00-04:00,6.889999866485596,6.900000095367432,6.889999866485596,6.900000095367432,460,0.0,0.0,2023-07-06
2135,2023-07-06 12:00:00-04:00,6.90500020980835,6.909999847412109,6.90500020980835,6.909999847412109,359,0.0,0.0,2023-07-06
2136,2023-07-06 12:05:00-04:00,6.90500020980835,6.909999847412109,6.900000095367432,6.900000095367432,1066,0.0,0.0,2023-07-06
2137,2023-07-06 12:10:00-04:00,6.90500020980835,6.90500020980835,6.90500020980835,6.90500020980835,482,0.0,0.0,2023-07-06
2138,2023-07-06 12:15:00-04:00,6.909999847412109,6.920000076293945,6.909999847412109,6.920000076293945,960,0.0,0.0,2023-07-06
2139,2023-07-06 12:20:00-04:00,6.920000076293945,6.934999942779541,6.920000076293945,6.934999942779541,3028,0.0,0.0,2023-07-06
2140,2023-07-06 12:25:00-04:00,6.940000057220459,6.945000171661377,6.929999828338623,6.934999942779541,4143,0.0,0.0,2023-07-06
2141,2023-07-06 12:30:00-04:00,6.949999809265137,6.949999809265137,6.949999809265137,6.949999809265137,440,0.0,0.0,2023-07-06
2142,2023-07-06 12:35:00-04:00,6.954999923706055,6.960000038146973,6.949999809265137,6.949999809265137,2992,0.0,0.0,2023-07-06
2143,2023-07-06 12:40:00-04:00,6.949999809265137,6.96999979019165,6.949999809265137,6.96999979019165,691,0.0,0.0,2023-07-06
2144,2023-07-06 12:45:00-04:00,6.96999979019165,6.96999979019165,6.96999979019165,6.96999979019165,731,0.0,0.0,2023-07-06
2145,2023-07-06 12:50:00-04:00,6.96999979019165,6.980000019073486,6.96999979019165,6.980000019073486,1418,0.0,0.0,2023-07-06
2146,2023-07-06 12:55:00-04:00,6.989999771118164,6.994999885559082,6.989999771118164,6.994999885559082,950,0.0,0.0,2023-07-06
2147,2023-07-06 13:00:00-04:00,6.994999885559082,7.005000114440918,6.994999885559082,6.994999885559082,2478,0.0,0.0,2023-07-06
2148,2023-07-06 13:05:00-04:00,6.994999885559082,7.010000228881836,6.994999885559082,7.010000228881836,2773,0.0,0.0,2023-07-06
2149,2023-07-06 13:10:00-04:00,7.019999980926514,7.019999980926514,7.014999866485596,7.014999866485596,319,0.0,0.0,2023-07-06
2150,2023-07-06 13:15:00-04:00,7.019999980926514,7.019999980926514,7.005000114440918,7.019700050354004,6001,0.0,0.0,2023-07-06
2151,2023-07-06 13:20:00-04:00,7.014999866485596,7.03000020980835,7.014999866485596,7.03000020980835,798,0.0,0.0,2023-07-06
2152,2023-07-06 13:25:00-04:00,7.034999847412109,7.034999847412109,7.025000095367432,7.025000095367432,1106,0.0,0.0,2023-07-06
2153,2023-07-06 13:30:00-04:00,7.03000020980835,7.034999847412109,7.03000020980835,7.034999847412109,521,0.0,0.0,2023-07-06
2154,2023-07-06 13:35:00-04:00,7.039999961853027,7.039999961853027,7.039999961853027,7.039999961853027,2730,0.0,0.0,2023-07-06
2155,2023-07-06 13:40:00-04:00,7.050000190734863,7.050000190734863,7.050000190734863,7.050000190734863,753,0.0,0.0,2023-07-06
2156,2023-07-06 13:45:00-04:00,7.045000076293945,7.050000190734863,7.045000076293945,7.050000190734863,417,0.0,0.0,2023-07-06
2157,2023-07-06 13:50:00-04:00,7.054999828338623,7.054999828338623,7.054999828338623,7.054999828338623,292,0.0,0.0,2023-07-06
2158,2023-07-06 13:55:00-04:00,7.059999942779541,7.059999942779541,7.045000076293945,7.045000076293945,2218,0.0,0.0,2023-07-06
2159,2023-07-06 14:00:00-04:00,7.045000076293945,7.045000076293945,7.039999961853027,7.039999961853027,257,0.0,0.0,2023-07-06
2160,2023-07-06 14:05:00-04:00,7.045000076293945,7.045000076293945,7.039999961853027,7.039999961853027,1307,0.0,0.0,2023-07-06
2161,2023-07-06 14:10:00-04:00,7.03000020980835,7.034999847412109,7.010000228881836,7.010000228881836,4719,0.0,0.0,2023-07-06
2162,2023-07-06 14:15:00-04:00,7.014999866485596,7.025000095367432,7.010000228881836,7.025000095367432,1091,0.0,0.0,2023-07-06
2163,2023-07-06 14:20:00-04:00,7.025000095367432,7.025000095367432,7.012499809265137,7.012499809265137,2288,0.0,0.0,2023-07-06
2164,2023-07-06 14:30:00-04:00,7.019999980926514,7.025000095367432,7.019999980926514,7.025000095367432,1395,0.0,0.0,2023-07-06
2165,2023-07-06 14:40:00-04:00,7.03000020980835,7.034999847412109,7.03000020980835,7.034999847412109,1627,0.0,0.0,2023-07-06
2166,2023-07-06 14:45:00-04:00,7.03000020980835,7.039999961853027,7.03000020980835,7.039999961853027,1148,0.0,0.0,2023-07-06
2167,2023-07-06 14:50:00-04:00,7.034999847412109,7.039999961853027,7.034999847412109,7.039999961853027,476,0.0,0.0,2023-07-06
2168,2023-07-06 14:55:00-04:00,7.039999961853027,7.039999961853027,7.03000020980835,7.034999847412109,3085,0.0,0.0,2023-07-06
2169,2023-07-06 15:00:00-04:00,7.025000095367432,7.03000020980835,7.025000095367432,7.03000020980835,874,0.0,0.0,2023-07-06
2170,2023-07-06 15:05:00-04:00,7.034999847412109,7.039999961853027,7.034999847412109,7.039999961853027,890,0.0,0.0,2023-07-06
2171,2023-07-06 15:10:00-04:00,7.034999847412109,7.034999847412109,7.034999847412109,7.034999847412109,1062,0.0,0.0,2023-07-06
2172,2023-07-06 15:15:00-04:00,7.034999847412109,7.034999847412109,7.034999847412109,7.034999847412109,823,0.0,0.0,2023-07-06
2173,2023-07-06 15:20:00-04:00,7.039999961853027,7.039999961853027,7.03000020980835,7.03000020980835,5598,0.0,0.0,2023-07-06
2174,2023-07-06 15:25:00-04:00,7.03000020980835,7.03000020980835,7.019999980926514,7.025000095367432,2796,0.0,0.0,2023-07-06
2175,2023-07-06 15:30:00-04:00,7.025000095367432,7.03000020980835,7.025000095367432,7.03000020980835,2439,0.0,0.0,2023-07-06
2176,2023-07-06 15:35:00-04:00,7.03000020980835,7.03000020980835,7.014999866485596,7.03000020980835,3975,0.0,0.0,2023-07-06
2177,2023-07-06 15:40:00-04:00,7.019999980926514,7.025000095367432,7.005000114440918,7.005000114440918,8284,0.0,0.0,2023-07-06
2178,2023-07-06 15:45:00-04:00,7.010000228881836,7.010000228881836,6.994999885559082,7.005000114440918,8633,0.0,0.0,2023-07-06
2179,2023-07-06 15:50:00-04:00,7.010000228881836,7.019999980926514,7.005000114440918,7.014999866485596,6981,0.0,0.0,2023-07-06
2180,2023-07-06 15:55:00-04:00,7.019999980926514,7.050000190734863,7.019999980926514,7.039999961853027,30205,0.0,0.0,2023-07-06
2181,2023-07-07 09:30:00-04:00,7.039999961853027,7.130000114440918,7.039999961853027,7.130000114440918,2327,0.0,0.0,2023-07-07
2182,2023-07-07 09:35:00-04:00,7.164999961853027,7.190000057220459,7.164999961853027,7.168600082397461,3779,0.0,0.0,2023-07-07
2183,2023-07-07 09:40:00-04:00,7.159999847412109,7.159999847412109,7.110000133514404,7.119999885559082,2628,0.0,0.0,2023-07-07
2184,2023-07-07 09:45:00-04:00,7.105000019073486,7.139999866485596,7.105000019073486,7.139999866485596,3775,0.0,0.0,2023-07-07
2185,2023-07-07 09:50:00-04:00,7.150000095367432,7.150000095367432,7.150000095367432,7.150000095367432,285,0.0,0.0,2023-07-07
2186,2023-07-07 09:55:00-04:00,7.130000114440918,7.139999866485596,7.130000114440918,7.139999866485596,656,0.0,0.0,2023-07-07
2187,2023-07-07 10:00:00-04:00,7.150000095367432,7.150000095367432,7.144999980926514,7.144999980926514,1642,0.0,0.0,2023-07-07
2188,2023-07-07 10:05:00-04:00,7.139999866485596,7.139999866485596,7.110000133514404,7.119999885559082,4190,0.0,0.0,2023-07-07
2189,2023-07-07 10:10:00-04:00,7.130000114440918,7.130000114440918,7.114999771118164,7.119999885559082,4776,0.0,0.0,2023-07-07
2190,2023-07-07 10:15:00-04:00,7.114999771118164,7.130000114440918,7.110000133514404,7.130000114440918,3776,0.0,0.0,2023-07-07
2191,2023-07-07 10:25:00-04:00,7.130000114440918,7.130000114440918,7.125,7.130000114440918,5307,0.0,0.0,2023-07-07
2192,2023-07-07 10:30:00-04:00,7.119999885559082,7.119999885559082,7.110000133514404,7.110899925231934,3018,0.0,0.0,2023-07-07
2193,2023-07-07 10:35:00-04:00,7.119999885559082,7.130000114440918,7.119999885559082,7.125,4479,0.0,0.0,2023-07-07
2194,2023-07-07 10:40:00-04:00,7.125,7.125,7.125,7.125,1095,0.0,0.0,2023-07-07
2195,2023-07-07 10:45:00-04:00,7.119999885559082,7.119999885559082,7.114999771118164,7.114999771118164,1242,0.0,0.0,2023-07-07
2196,2023-07-07 10:50:00-04:00,7.114999771118164,7.119999885559082,7.114999771118164,7.114999771118164,1229,0.0,0.0,2023-07-07
2197,2023-07-07 10:55:00-04:00,7.114999771118164,7.125,7.114999771118164,7.125,4547,0.0,0.0,2023-07-07
2198,2023-07-07 11:00:00-04:00,7.125,7.135000228881836,7.125,7.135000228881836,3081,0.0,0.0,2023-07-07
2199,2023-07-07 11:05:00-04:00,7.135000228881836,7.164999961853027,7.135000228881836,7.15500020980835,6231,0.0,0.0,2023-07-07
2200,2023-07-07 11:10:00-04:00,7.15500020980835,7.159999847412109,7.15500020980835,7.15500020980835,807,0.0,0.0,2023-07-07
2201,2023-07-07 11:15:00-04:00,7.159999847412109,7.184999942779541,7.15500020980835,7.175000190734863,7108,0.0,0.0,2023-07-07
2202,2023-07-07 11:20:00-04:00,7.175000190734863,7.199999809265137,7.175000190734863,7.195000171661377,6012,0.0,0.0,2023-07-07
2203,2023-07-07 11:25:00-04:00,7.199999809265137,7.199999809265137,7.195000171661377,7.195000171661377,1728,0.0,0.0,2023-07-07
2204,2023-07-07 11:30:00-04:00,7.195000171661377,7.199999809265137,7.195000171661377,7.195000171661377,533,0.0,0.0,2023-07-07
2205,2023-07-07 11:35:00-04:00,7.195000171661377,7.195000171661377,7.184999942779541,7.184999942779541,2017,0.0,0.0,2023-07-07
2206,2023-07-07 11:40:00-04:00,7.179999828338623,7.179999828338623,7.170000076293945,7.170000076293945,3184,0.0,0.0,2023-07-07
2207,2023-07-07 11:45:00-04:00,7.170000076293945,7.184999942779541,7.170000076293945,7.184999942779541,1903,0.0,0.0,2023-07-07
2208,2023-07-07 11:50:00-04:00,7.184999942779541,7.184999942779541,7.179999828338623,7.184999942779541,2243,0.0,0.0,2023-07-07
2209,2023-07-07 11:55:00-04:00,7.184999942779541,7.190000057220459,7.175000190734863,7.175000190734863,4611,0.0,0.0,2023-07-07
2210,2023-07-07 12:05:00-04:00,7.175000190734863,7.179999828338623,7.175000190734863,7.175000190734863,1061,0.0,0.0,2023-07-07
2211,2023-07-07 12:10:00-04:00,7.170000076293945,7.170000076293945,7.150000095367432,7.164999961853027,4008,0.0,0.0,2023-07-07
2212,2023-07-07 12:15:00-04:00,7.164999961853027,7.164999961853027,7.164999961853027,7.164999961853027,360,0.0,0.0,2023-07-07
2213,2023-07-07 12:20:00-04:00,7.164999961853027,7.164999961853027,7.164999961853027,7.164999961853027,345,0.0,0.0,2023-07-07
2214,2023-07-07 12:25:00-04:00,7.164999961853027,7.179999828338623,7.164999961853027,7.179999828338623,3463,0.0,0.0,2023-07-07
2215,2023-07-07 12:30:00-04:00,7.175000190734863,7.179999828338623,7.164999961853027,7.164999961853027,6486,0.0,0.0,2023-07-07
2216,2023-07-07 12:35:00-04:00,7.164999961853027,7.190000057220459,7.164999961853027,7.184999942779541,2310,0.0,0.0,2023-07-07
2217,2023-07-07 12:40:00-04:00,7.184999942779541,7.199999809265137,7.184999942779541,7.195000171661377,3125,0.0,0.0,2023-07-07
2218,2023-07-07 12:45:00-04:00,7.190000057220459,7.195000171661377,7.184999942779541,7.195000171661377,2019,0.0,0.0,2023-07-07
2219,2023-07-07 12:50:00-04:00,7.199999809265137,7.210000038146973,7.199999809265137,7.210000038146973,1112,0.0,0.0,2023-07-07
2220,2023-07-07 12:55:00-04:00,7.215000152587891,7.21999979019165,7.215000152587891,7.215000152587891,1633,0.0,0.0,2023-07-07
2221,2023-07-07 13:00:00-04:00,7.215000152587891,7.21999979019165,7.215000152587891,7.215000152587891,734,0.0,0.0,2023-07-07
2222,2023-07-07 13:05:00-04:00,7.21999979019165,7.21999979019165,7.204999923706055,7.215000152587891,3143,0.0,0.0,2023-07-07
2223,2023-07-07 13:10:00-04:00,7.215000152587891,7.21999979019165,7.210000038146973,7.210000038146973,2270,0.0,0.0,2023-07-07
2224,2023-07-07 13:15:00-04:00,7.204999923706055,7.210000038146973,7.204999923706055,7.204999923706055,6272,0.0,0.0,2023-07-07
2225,2023-07-07 13:20:00-04:00,7.210000038146973,7.210000038146973,7.204999923706055,7.204999923706055,3174,0.0,0.0,2023-07-07
2226,2023-07-07 13:25:00-04:00,7.204999923706055,7.210000038146973,7.201900005340576,7.210000038146973,943,0.0,0.0,2023-07-07
2227,2023-07-07 13:30:00-04:00,7.204999923706055,7.210000038146973,7.195000171661377,7.195000171661377,3338,0.0,0.0,2023-07-07
2228,2023-07-07 13:35:00-04:00,7.195000171661377,7.197500228881836,7.184999942779541,7.190000057220459,3221,0.0,0.0,2023-07-07
2229,2023-07-07 13:40:00-04:00,7.199999809265137,7.210000038146973,7.195000171661377,7.204999923706055,3854,0.0,0.0,2023-07-07
2230,2023-07-07 13:45:00-04:00,7.204999923706055,7.204999923706055,7.204999923706055,7.204999923706055,226,0.0,0.0,2023-07-07
2231,2023-07-07 13:50:00-04:00,7.210000038146973,7.210000038146973,7.195000171661377,7.195000171661377,6827,0.0,0.0,2023-07-07
2232,2023-07-07 13:55:00-04:00,7.195000171661377,7.199999809265137,7.190000057220459,7.195000171661377,3323,0.0,0.0,2023-07-07
2233,2023-07-07 14:00:00-04:00,7.195000171661377,7.199999809265137,7.190000057220459,7.190000057220459,1338,0.0,0.0,2023-07-07
2234,2023-07-07 14:05:00-04:00,7.195000171661377,7.195000171661377,7.184999942779541,7.190000057220459,3230,0.0,0.0,2023-07-07
2235,2023-07-07 14:10:00-04:00,7.190000057220459,7.195000171661377,7.190000057220459,7.195000171661377,1769,0.0,0.0,2023-07-07
2236,2023-07-07 14:15:00-04:00,7.195000171661377,7.199999809265137,7.195000171661377,7.195000171661377,650,0.0,0.0,2023-07-07
2237,2023-07-07 14:20:00-04:00,7.195000171661377,7.195000171661377,7.179999828338623,7.190000057220459,6276,0.0,0.0,2023-07-07
2238,2023-07-07 14:25:00-04:00,7.184999942779541,7.190000057220459,7.175000190734863,7.184999942779541,8669,0.0,0.0,2023-07-07
2239,2023-07-07 14:30:00-04:00,7.184999942779541,7.190000057220459,7.179999828338623,7.184999942779541,2534,0.0,0.0,2023-07-07
2240,2023-07-07 14:35:00-04:00,7.184999942779541,7.190000057220459,7.184999942779541,7.184999942779541,562,0.0,0.0,2023-07-07
2241,2023-07-07 14:40:00-04:00,7.184999942779541,7.184999942779541,7.175000190734863,7.175000190734863,2650,0.0,0.0,2023-07-07
2242,2023-07-07 14:45:00-04:00,7.179999828338623,7.179999828338623,7.175000190734863,7.179999828338623,818,0.0,0.0,2023-07-07
2243,2023-07-07 14:50:00-04:00,7.175000190734863,7.175000190734863,7.175000190734863,7.175000190734863,328,0.0,0.0,2023-07-07
2244,2023-07-07 14:55:00-04:00,7.175000190734863,7.179999828338623,7.175000190734863,7.175000190734863,1007,0.0,0.0,2023-07-07
2245,2023-07-07 15:00:00-04:00,7.175000190734863,7.179999828338623,7.175000190734863,7.179999828338623,413,0.0,0.0,2023-07-07
2246,2023-07-07 15:05:00-04:00,7.175000190734863,7.175000190734863,7.170000076293945,7.170000076293945,859,0.0,0.0,2023-07-07
2247,2023-07-07 15:10:00-04:00,7.179999828338623,7.179999828338623,7.164999961853027,7.164999961853027,2877,0.0,0.0,2023-07-07
2248,2023-07-07 15:15:00-04:00,7.164999961853027,7.170000076293945,7.164999961853027,7.170000076293945,3050,0.0,0.0,2023-07-07
2249,2023-07-07 15:20:00-04:00,7.170000076293945,7.170000076293945,7.164999961853027,7.164999961853027,1293,0.0,0.0,2023-07-07
2250,2023-07-07 15:25:00-04:00,7.164999961853027,7.179999828338623,7.159999847412109,7.175000190734863,7226,0.0,0.0,2023-07-07
2251,2023-07-07 15:30:00-04:00,7.175000190734863,7.175000190734863,7.175000190734863,7.175000190734863,2299,0.0,0.0,2023-07-07
2252,2023-07-07 15:35:00-04:00,7.175000190734863,7.175000190734863,7.159999847412109,7.164999961853027,12224,0.0,0.0,2023-07-07
2253,2023-07-07 15:40:00-04:00,7.164999961853027,7.164999961853027,7.150000095367432,7.164999961853027,10175,0.0,0.0,2023-07-07
2254,2023-07-07 15:45:00-04:00,7.164999961853027,7.164999961853027,7.159999847412109,7.164999961853027,3312,0.0,0.0,2023-07-07
2255,2023-07-07 15:50:00-04:00,7.170000076293945,7.170000076293945,7.144999980926514,7.144999980926514,9217,0.0,0.0,2023-07-07
2256,2023-07-07 15:55:00-04:00,7.139999866485596,7.150000095367432,7.119999885559082,7.150000095367432,19557,0.0,0.0,2023-07-07
2257,2023-07-10 09:30:00-04:00,7.110000133514404,7.170000076293945,7.110000133514404,7.170000076293945,4033,0.0,0.0,2023-07-10
2258,2023-07-10 09:35:00-04:00,7.150000095367432,7.150000095367432,7.140100002288818,7.144999980926514,2786,0.0,0.0,2023-07-10
2259,2023-07-10 09:40:00-04:00,7.150000095367432,7.179999828338623,7.150000095367432,7.179999828338623,3907,0.0,0.0,2023-07-10
2260,2023-07-10 09:45:00-04:00,7.199999809265137,7.199999809265137,7.159999847412109,7.170000076293945,3488,0.0,0.0,2023-07-10
2261,2023-07-10 09:50:00-04:00,7.184999942779541,7.21999979019165,7.184999942779541,7.204999923706055,1446,0.0,0.0,2023-07-10
2262,2023-07-10 09:55:00-04:00,7.210000038146973,7.21999979019165,7.204999923706055,7.204999923706055,1875,0.0,0.0,2023-07-10
2263,2023-07-10 10:00:00-04:00,7.210000038146973,7.21999979019165,7.210000038146973,7.21999979019165,1452,0.0,0.0,2023-07-10
2264,2023-07-10 10:05:00-04:00,7.224999904632568,7.224999904632568,7.215000152587891,7.21999979019165,3324,0.0,0.0,2023-07-10
2265,2023-07-10 10:10:00-04:00,7.224999904632568,7.224999904632568,7.210000038146973,7.215000152587891,2204,0.0,0.0,2023-07-10
2266,2023-07-10 10:15:00-04:00,7.199999809265137,7.210000038146973,7.190000057220459,7.199999809265137,4654,0.0,0.0,2023-07-10
2267,2023-07-10 10:20:00-04:00,7.210000038146973,7.210000038146973,7.199999809265137,7.199999809265137,2510,0.0,0.0,2023-07-10
2268,2023-07-10 10:25:00-04:00,7.199999809265137,7.199999809265137,7.199999809265137,7.199999809265137,434,0.0,0.0,2023-07-10
2269,2023-07-10 10:30:00-04:00,7.179999828338623,7.190000057220459,7.179999828338623,7.190000057220459,1833,0.0,0.0,2023-07-10
2270,2023-07-10 10:35:00-04:00,7.179999828338623,7.210000038146973,7.179999828338623,7.204999923706055,3285,0.0,0.0,2023-07-10
2271,2023-07-10 10:40:00-04:00,7.210000038146973,7.210000038146973,7.204999923706055,7.210000038146973,1285,0.0,0.0,2023-07-10
2272,2023-07-10 10:45:00-04:00,7.204999923706055,7.210000038146973,7.204999923706055,7.210000038146973,1259,0.0,0.0,2023-07-10
2273,2023-07-10 10:50:00-04:00,7.210000038146973,7.210000038146973,7.199999809265137,7.204999923706055,2135,0.0,0.0,2023-07-10
2274,2023-07-10 10:55:00-04:00,7.199999809265137,7.210000038146973,7.199999809265137,7.210000038146973,1164,0.0,0.0,2023-07-10
2275,2023-07-10 11:00:00-04:00,7.21999979019165,7.230000019073486,7.215000152587891,7.230000019073486,3637,0.0,0.0,2023-07-10
2276,2023-07-10 11:05:00-04:00,7.230000019073486,7.230000019073486,7.204999923706055,7.204999923706055,2234,0.0,0.0,2023-07-10
2277,2023-07-10 11:10:00-04:00,7.204999923706055,7.215000152587891,7.199999809265137,7.215000152587891,1065,0.0,0.0,2023-07-10
2278,2023-07-10 11:15:00-04:00,7.215000152587891,7.215000152587891,7.199999809265137,7.199999809265137,593,0.0,0.0,2023-07-10
2279,2023-07-10 11:20:00-04:00,7.195000171661377,7.199999809265137,7.195000171661377,7.199999809265137,1566,0.0,0.0,2023-07-10
2280,2023-07-10 11:25:00-04:00,7.204999923706055,7.210000038146973,7.204999923706055,7.204999923706055,772,0.0,0.0,2023-07-10
2281,2023-07-10 11:30:00-04:00,7.204999923706055,7.204999923706055,7.204999923706055,7.204999923706055,822,0.0,0.0,2023-07-10
2282,2023-07-10 11:35:00-04:00,7.204999923706055,7.210000038146973,7.204999923706055,7.204999923706055,2117,0.0,0.0,2023-07-10
2283,2023-07-10 11:40:00-04:00,7.204999923706055,7.204999923706055,7.204999923706055,7.204999923706055,365,0.0,0.0,2023-07-10
2284,2023-07-10 11:45:00-04:00,7.210000038146973,7.21999979019165,7.210000038146973,7.215000152587891,2762,0.0,0.0,2023-07-10
2285,2023-07-10 11:50:00-04:00,7.224999904632568,7.224999904632568,7.224999904632568,7.224999904632568,438,0.0,0.0,2023-07-10
2286,2023-07-10 11:55:00-04:00,7.224999904632568,7.224999904632568,7.224999904632568,7.224999904632568,390,0.0,0.0,2023-07-10
2287,2023-07-10 12:00:00-04:00,7.230000019073486,7.230000019073486,7.224999904632568,7.224999904632568,2880,0.0,0.0,2023-07-10
2288,2023-07-10 12:05:00-04:00,7.230000019073486,7.230000019073486,7.210000038146973,7.210000038146973,2145,0.0,0.0,2023-07-10
2289,2023-07-10 12:10:00-04:00,7.204999923706055,7.204999923706055,7.204999923706055,7.204999923706055,300,0.0,0.0,2023-07-10
2290,2023-07-10 12:15:00-04:00,7.204999923706055,7.204999923706055,7.204999923706055,7.204999923706055,555,0.0,0.0,2023-07-10
2291,2023-07-10 12:20:00-04:00,7.207300186157227,7.210000038146973,7.204999923706055,7.204999923706055,5880,0.0,0.0,2023-07-10
2292,2023-07-10 12:25:00-04:00,7.204999923706055,7.215000152587891,7.204999923706055,7.215000152587891,2411,0.0,0.0,2023-07-10
2293,2023-07-10 12:30:00-04:00,7.215000152587891,7.215000152587891,7.215000152587891,7.215000152587891,841,0.0,0.0,2023-07-10
2294,2023-07-10 12:35:00-04:00,7.215000152587891,7.215000152587891,7.210000038146973,7.210000038146973,1199,0.0,0.0,2023-07-10
2295,2023-07-10 12:40:00-04:00,7.199999809265137,7.204999923706055,7.199999809265137,7.204999923706055,1650,0.0,0.0,2023-07-10
2296,2023-07-10 12:45:00-04:00,7.204999923706055,7.215000152587891,7.204999923706055,7.215000152587891,427,0.0,0.0,2023-07-10
2297,2023-07-10 12:55:00-04:00,7.210000038146973,7.210000038146973,7.190000057220459,7.190000057220459,2314,0.0,0.0,2023-07-10
2298,2023-07-10 13:00:00-04:00,7.184999942779541,7.184999942779541,7.184999942779541,7.184999942779541,201,0.0,0.0,2023-07-10
2299,2023-07-10 13:05:00-04:00,7.179999828338623,7.179999828338623,7.179999828338623,7.179999828338623,741,0.0,0.0,2023-07-10
2300,2023-07-10 13:10:00-04:00,7.184999942779541,7.190000057220459,7.184999942779541,7.190000057220459,507,0.0,0.0,2023-07-10
2301,2023-07-10 13:15:00-04:00,7.199999809265137,7.199999809265137,7.199999809265137,7.199999809265137,346,0.0,0.0,2023-07-10
2302,2023-07-10 13:25:00-04:00,7.195000171661377,7.195000171661377,7.195000171661377,7.195000171661377,197,0.0,0.0,2023-07-10
2303,2023-07-10 13:30:00-04:00,7.199999809265137,7.204999923706055,7.199999809265137,7.204999923706055,3852,0.0,0.0,2023-07-10
2304,2023-07-10 13:40:00-04:00,7.210000038146973,7.210000038146973,7.210000038146973,7.210000038146973,157,0.0,0.0,2023-07-10
2305,2023-07-10 13:50:00-04:00,7.210000038146973,7.210000038146973,7.204999923706055,7.204999923706055,1081,0.0,0.0,2023-07-10
2306,2023-07-10 13:55:00-04:00,7.204999923706055,7.204999923706055,7.199999809265137,7.204999923706055,476,0.0,0.0,2023-07-10
2307,2023-07-10 14:00:00-04:00,7.204999923706055,7.204999923706055,7.199999809265137,7.204999923706055,635,0.0,0.0,2023-07-10
2308,2023-07-10 14:05:00-04:00,7.210000038146973,7.210000038146973,7.199999809265137,7.199999809265137,3522,0.0,0.0,2023-07-10
2309,2023-07-10 14:10:00-04:00,7.190000057220459,7.199900150299072,7.190000057220459,7.195000171661377,620,0.0,0.0,2023-07-10
2310,2023-07-10 14:15:00-04:00,7.195000171661377,7.199999809265137,7.195000171661377,7.199999809265137,1616,0.0,0.0,2023-07-10
2311,2023-07-10 14:20:00-04:00,7.199999809265137,7.199999809265137,7.199999809265137,7.199999809265137,2485,0.0,0.0,2023-07-10
2312,2023-07-10 14:25:00-04:00,7.204999923706055,7.204999923706055,7.204999923706055,7.204999923706055,1474,0.0,0.0,2023-07-10
2313,2023-07-10 14:40:00-04:00,7.199999809265137,7.199999809265137,7.179999828338623,7.179999828338623,2364,0.0,0.0,2023-07-10
2314,2023-07-10 14:45:00-04:00,7.170000076293945,7.179999828338623,7.170000076293945,7.179999828338623,1781,0.0,0.0,2023-07-10
2315,2023-07-10 14:50:00-04:00,7.179999828338623,7.224999904632568,7.179999828338623,7.224999904632568,20634,0.0,0.0,2023-07-10
2316,2023-07-10 14:55:00-04:00,7.224999904632568,7.224999904632568,7.199999809265137,7.204999923706055,4970,0.0,0.0,2023-07-10
2317,2023-07-10 15:00:00-04:00,7.204999923706055,7.210000038146973,7.204999923706055,7.204999923706055,3123,0.0,0.0,2023-07-10
2318,2023-07-10 15:05:00-04:00,7.204999923706055,7.215000152587891,7.199999809265137,7.215000152587891,10233,0.0,0.0,2023-07-10
2319,2023-07-10 15:10:00-04:00,7.215000152587891,7.215000152587891,7.210000038146973,7.215000152587891,2838,0.0,0.0,2023-07-10
2320,2023-07-10 15:15:00-04:00,7.215000152587891,7.21999979019165,7.204999923706055,7.204999923706055,7280,0.0,0.0,2023-07-10
2321,2023-07-10 15:20:00-04:00,7.204999923706055,7.204999923706055,7.204999923706055,7.204999923706055,1367,0.0,0.0,2023-07-10
2322,2023-07-10 15:25:00-04:00,7.199999809265137,7.21999979019165,7.199999809265137,7.21999979019165,3023,0.0,0.0,2023-07-10
2323,2023-07-10 15:30:00-04:00,7.21999979019165,7.230000019073486,7.21999979019165,7.224999904632568,770,0.0,0.0,2023-07-10
2324,2023-07-10 15:35:00-04:00,7.230000019073486,7.239999771118164,7.230000019073486,7.239999771118164,4329,0.0,0.0,2023-07-10
2325,2023-07-10 15:40:00-04:00,7.239999771118164,7.25,7.239999771118164,7.25,2598,0.0,0.0,2023-07-10
2326,2023-07-10 15:45:00-04:00,7.244999885559082,7.25,7.244999885559082,7.25,1020,0.0,0.0,2023-07-10
2327,2023-07-10 15:50:00-04:00,7.239999771118164,7.25,7.235000133514404,7.239999771118164,7774,0.0,0.0,2023-07-10
2328,2023-07-10 15:55:00-04:00,7.25,7.269999980926514,7.238999843597412,7.264999866485596,22319,0.0,0.0,2023-07-10
2329,2023-07-11 09:30:00-04:00,7.269999980926514,7.300000190734863,7.255000114440918,7.28000020980835,3574,0.0,0.0,2023-07-11
2330,2023-07-11 09:35:00-04:00,7.269999980926514,7.269999980926514,7.25,7.269999980926514,1043,0.0,0.0,2023-07-11
2331,2023-07-11 09:40:00-04:00,7.269999980926514,7.28000020980835,7.241099834442139,7.244999885559082,5456,0.0,0.0,2023-07-11
2332,2023-07-11 09:45:00-04:00,7.255000114440918,7.264999866485596,7.255000114440918,7.264999866485596,2208,0.0,0.0,2023-07-11
2333,2023-07-11 09:50:00-04:00,7.264999866485596,7.28000020980835,7.25,7.275000095367432,4997,0.0,0.0,2023-07-11
2334,2023-07-11 09:55:00-04:00,7.275000095367432,7.28000020980835,7.275000095367432,7.275000095367432,353,0.0,0.0,2023-07-11
2335,2023-07-11 10:00:00-04:00,7.284999847412109,7.289999961853027,7.284999847412109,7.284999847412109,1277,0.0,0.0,2023-07-11
2336,2023-07-11 10:05:00-04:00,7.284999847412109,7.289999961853027,7.284999847412109,7.284999847412109,1152,0.0,0.0,2023-07-11
2337,2023-07-11 10:10:00-04:00,7.289999961853027,7.304999828338623,7.289999961853027,7.304999828338623,3169,0.0,0.0,2023-07-11
2338,2023-07-11 10:15:00-04:00,7.304999828338623,7.309999942779541,7.304999828338623,7.304999828338623,3174,0.0,0.0,2023-07-11
2339,2023-07-11 10:20:00-04:00,7.309999942779541,7.309999942779541,7.300000190734863,7.300000190734863,3628,0.0,0.0,2023-07-11
2340,2023-07-11 10:25:00-04:00,7.304999828338623,7.309999942779541,7.300000190734863,7.300000190734863,889,0.0,0.0,2023-07-11
2341,2023-07-11 10:30:00-04:00,7.289999961853027,7.289999961853027,7.264999866485596,7.264999866485596,992,0.0,0.0,2023-07-11
2342,2023-07-11 10:35:00-04:00,7.264999866485596,7.264999866485596,7.260000228881836,7.260000228881836,2285,0.0,0.0,2023-07-11
2343,2023-07-11 10:40:00-04:00,7.255000114440918,7.269999980926514,7.255000114440918,7.269999980926514,2528,0.0,0.0,2023-07-11
2344,2023-07-11 10:45:00-04:00,7.264999866485596,7.275000095367432,7.264999866485596,7.275000095367432,903,0.0,0.0,2023-07-11
2345,2023-07-11 10:50:00-04:00,7.275000095367432,7.28000020980835,7.275000095367432,7.275000095367432,1446,0.0,0.0,2023-07-11
2346,2023-07-11 10:55:00-04:00,7.28000020980835,7.28000020980835,7.264999866485596,7.264999866485596,3315,0.0,0.0,2023-07-11
2347,2023-07-11 11:00:00-04:00,7.269999980926514,7.275000095367432,7.255000114440918,7.255000114440918,2478,0.0,0.0,2023-07-11
2348,2023-07-11 11:05:00-04:00,7.260000228881836,7.260000228881836,7.255000114440918,7.255000114440918,1619,0.0,0.0,2023-07-11
2349,2023-07-11 11:10:00-04:00,7.260000228881836,7.260000228881836,7.255000114440918,7.255000114440918,1718,0.0,0.0,2023-07-11
2350,2023-07-11 11:15:00-04:00,7.25,7.25,7.244999885559082,7.244999885559082,1879,0.0,0.0,2023-07-11
2351,2023-07-11 11:20:00-04:00,7.25,7.255000114440918,7.244999885559082,7.255000114440918,1644,0.0,0.0,2023-07-11
2352,2023-07-11 11:25:00-04:00,7.25,7.260000228881836,7.25,7.255000114440918,3852,0.0,0.0,2023-07-11
2353,2023-07-11 11:30:00-04:00,7.260000228881836,7.260000228881836,7.255000114440918,7.255000114440918,563,0.0,0.0,2023-07-11
2354,2023-07-11 11:35:00-04:00,7.269899845123291,7.28000020980835,7.269899845123291,7.275000095367432,2196,0.0,0.0,2023-07-11
2355,2023-07-11 11:40:00-04:00,7.289999961853027,7.289999961853027,7.289999961853027,7.289999961853027,573,0.0,0.0,2023-07-11
2356,2023-07-11 11:50:00-04:00,7.295000076293945,7.295000076293945,7.28000020980835,7.28000020980835,3998,0.0,0.0,2023-07-11
2357,2023-07-11 11:55:00-04:00,7.269999980926514,7.28000020980835,7.269999980926514,7.275000095367432,650,0.0,0.0,2023-07-11
2358,2023-07-11 12:00:00-04:00,7.284999847412109,7.289999961853027,7.269999980926514,7.275000095367432,3689,0.0,0.0,2023-07-11
2359,2023-07-11 12:05:00-04:00,7.28000020980835,7.28000020980835,7.275000095367432,7.275000095367432,2495,0.0,0.0,2023-07-11
2360,2023-07-11 12:10:00-04:00,7.284999847412109,7.284999847412109,7.284999847412109,7.284999847412109,320,0.0,0.0,2023-07-11
2361,2023-07-11 12:15:00-04:00,7.284999847412109,7.309999942779541,7.284999847412109,7.300899982452393,3534,0.0,0.0,2023-07-11
2362,2023-07-11 12:20:00-04:00,7.304699897766113,7.304699897766113,7.304699897766113,7.304699897766113,367,0.0,0.0,2023-07-11
2363,2023-07-11 12:25:00-04:00,7.300000190734863,7.309999942779541,7.300000190734863,7.304999828338623,5878,0.0,0.0,2023-07-11
2364,2023-07-11 12:30:00-04:00,7.304999828338623,7.304999828338623,7.304999828338623,7.304999828338623,1339,0.0,0.0,2023-07-11
2365,2023-07-11 12:35:00-04:00,7.300000190734863,7.300000190734863,7.295000076293945,7.295000076293945,2056,0.0,0.0,2023-07-11
2366,2023-07-11 12:40:00-04:00,7.289999961853027,7.289999961853027,7.284999847412109,7.284999847412109,2082,0.0,0.0,2023-07-11
2367,2023-07-11 12:45:00-04:00,7.289999961853027,7.295000076293945,7.289999961853027,7.295000076293945,621,0.0,0.0,2023-07-11
2368,2023-07-11 12:50:00-04:00,7.295000076293945,7.300000190734863,7.295000076293945,7.300000190734863,1030,0.0,0.0,2023-07-11
2369,2023-07-11 12:55:00-04:00,7.304999828338623,7.309999942779541,7.304999828338623,7.304999828338623,347,0.0,0.0,2023-07-11
2370,2023-07-11 13:00:00-04:00,7.300000190734863,7.304999828338623,7.300000190734863,7.304999828338623,912,0.0,0.0,2023-07-11
2371,2023-07-11 13:05:00-04:00,7.300000190734863,7.300000190734863,7.300000190734863,7.300000190734863,117,0.0,0.0,2023-07-11
2372,2023-07-11 13:10:00-04:00,7.300000190734863,7.309999942779541,7.300000190734863,7.309999942779541,2479,0.0,0.0,2023-07-11
2373,2023-07-11 13:15:00-04:00,7.309999942779541,7.309999942779541,7.304999828338623,7.304999828338623,2967,0.0,0.0,2023-07-11
2374,2023-07-11 13:20:00-04:00,7.304999828338623,7.320000171661377,7.304999828338623,7.315000057220459,1359,0.0,0.0,2023-07-11
2375,2023-07-11 13:25:00-04:00,7.309999942779541,7.309999942779541,7.309999942779541,7.309999942779541,3888,0.0,0.0,2023-07-11
2376,2023-07-11 13:30:00-04:00,7.309999942779541,7.309999942779541,7.309999942779541,7.309999942779541,297,0.0,0.0,2023-07-11
2377,2023-07-11 13:40:00-04:00,7.309999942779541,7.309999942779541,7.309999942779541,7.309999942779541,2203,0.0,0.0,2023-07-11
2378,2023-07-11 13:45:00-04:00,7.309999942779541,7.309999942779541,7.309999942779541,7.309999942779541,1428,0.0,0.0,2023-07-11
2379,2023-07-11 13:50:00-04:00,7.309999942779541,7.309999942779541,7.309999942779541,7.309999942779541,415,0.0,0.0,2023-07-11
2380,2023-07-11 13:55:00-04:00,7.309999942779541,7.309999942779541,7.309999942779541,7.309999942779541,2193,0.0,0.0,2023-07-11
2381,2023-07-11 14:00:00-04:00,7.309999942779541,7.315000057220459,7.300000190734863,7.304999828338623,10159,0.0,0.0,2023-07-11
2382,2023-07-11 14:05:00-04:00,7.300000190734863,7.308000087738037,7.300000190734863,7.300000190734863,3731,0.0,0.0,2023-07-11
2383,2023-07-11 14:10:00-04:00,7.300000190734863,7.304999828338623,7.300000190734863,7.304999828338623,4386,0.0,0.0,2023-07-11
2384,2023-07-11 14:15:00-04:00,7.300000190734863,7.308899879455566,7.300000190734863,7.300000190734863,1177,0.0,0.0,2023-07-11
2385,2023-07-11 14:20:00-04:00,7.300000190734863,7.304999828338623,7.300000190734863,7.300000190734863,1587,0.0,0.0,2023-07-11
2386,2023-07-11 14:25:00-04:00,7.300000190734863,7.309999942779541,7.300000190734863,7.300000190734863,2796,0.0,0.0,2023-07-11
2387,2023-07-11 14:30:00-04:00,7.301000118255615,7.303800106048584,7.301000118255615,7.303800106048584,1639,0.0,0.0,2023-07-11
2388,2023-07-11 14:35:00-04:00,7.304999828338623,7.309999942779541,7.300000190734863,7.304999828338623,896,0.0,0.0,2023-07-11
2389,2023-07-11 14:40:00-04:00,7.300000190734863,7.320000171661377,7.300000190734863,7.309999942779541,3423,0.0,0.0,2023-07-11
2390,2023-07-11 14:45:00-04:00,7.313199996948242,7.315000057220459,7.309999942779541,7.309999942779541,2465,0.0,0.0,2023-07-11
2391,2023-07-11 14:50:00-04:00,7.309999942779541,7.309999942779541,7.300000190734863,7.309999942779541,3080,0.0,0.0,2023-07-11
2392,2023-07-11 14:55:00-04:00,7.315000057220459,7.34499979019165,7.309999942779541,7.34499979019165,8965,0.0,0.0,2023-07-11
2393,2023-07-11 15:00:00-04:00,7.349999904632568,7.375,7.34499979019165,7.375,4420,0.0,0.0,2023-07-11
2394,2023-07-11 15:05:00-04:00,7.369999885559082,7.369999885559082,7.34499979019165,7.355000019073486,5853,0.0,0.0,2023-07-11
2395,2023-07-11 15:15:00-04:00,7.355000019073486,7.360000133514404,7.349999904632568,7.355000019073486,3107,0.0,0.0,2023-07-11
2396,2023-07-11 15:20:00-04:00,7.364999771118164,7.364999771118164,7.364999771118164,7.364999771118164,124,0.0,0.0,2023-07-11
2397,2023-07-11 15:25:00-04:00,7.364999771118164,7.364999771118164,7.364999771118164,7.364999771118164,506,0.0,0.0,2023-07-11
2398,2023-07-11 15:30:00-04:00,7.364999771118164,7.364999771118164,7.364999771118164,7.364999771118164,863,0.0,0.0,2023-07-11
2399,2023-07-11 15:35:00-04:00,7.364999771118164,7.364999771118164,7.364999771118164,7.364999771118164,968,0.0,0.0,2023-07-11
2400,2023-07-11 15:40:00-04:00,7.364999771118164,7.364999771118164,7.364999771118164,7.364999771118164,1656,0.0,0.0,2023-07-11
2401,2023-07-11 15:45:00-04:00,7.360000133514404,7.369999885559082,7.34499979019165,7.349999904632568,11585,0.0,0.0,2023-07-11
2402,2023-07-11 15:50:00-04:00,7.34499979019165,7.369999885559082,7.34499979019165,7.369999885559082,12855,0.0,0.0,2023-07-11
2403,2023-07-11 15:55:00-04:00,7.364999771118164,7.380000114440918,7.360000133514404,7.380000114440918,15324,0.0,0.0,2023-07-11
2404,2023-07-12 09:30:00-04:00,7.489999771118164,7.53000020980835,7.449999809265137,7.519999980926514,28349,0.0,0.0,2023-07-12
2405,2023-07-12 09:35:00-04:00,7.550000190734863,7.550000190734863,7.519999980926514,7.519999980926514,4852,0.0,0.0,2023-07-12
2406,2023-07-12 09:40:00-04:00,7.5,7.510000228881836,7.489999771118164,7.489999771118164,2496,0.0,0.0,2023-07-12
2407,2023-07-12 09:45:00-04:00,7.485000133514404,7.489999771118164,7.46999979019165,7.485000133514404,1360,0.0,0.0,2023-07-12
2408,2023-07-12 09:50:00-04:00,7.480000019073486,7.510000228881836,7.480000019073486,7.510000228881836,2055,0.0,0.0,2023-07-12
2409,2023-07-12 09:55:00-04:00,7.489999771118164,7.5,7.489999771118164,7.489999771118164,1313,0.0,0.0,2023-07-12
2410,2023-07-12 10:00:00-04:00,7.489999771118164,7.5,7.480000019073486,7.480000019073486,3073,0.0,0.0,2023-07-12
2411,2023-07-12 10:05:00-04:00,7.46999979019165,7.474999904632568,7.460000038146973,7.474999904632568,1333,0.0,0.0,2023-07-12
2412,2023-07-12 10:10:00-04:00,7.480000019073486,7.480000019073486,7.46999979019165,7.46999979019165,1988,0.0,0.0,2023-07-12
2413,2023-07-12 10:15:00-04:00,7.485000133514404,7.485000133514404,7.46999979019165,7.46999979019165,1337,0.0,0.0,2023-07-12
2414,2023-07-12 10:20:00-04:00,7.465000152587891,7.480000019073486,7.465000152587891,7.46999979019165,1807,0.0,0.0,2023-07-12
2415,2023-07-12 10:25:00-04:00,7.46999979019165,7.5,7.46999979019165,7.5,1721,0.0,0.0,2023-07-12
2416,2023-07-12 10:30:00-04:00,7.510000228881836,7.519999980926514,7.510000228881836,7.519999980926514,1115,0.0,0.0,2023-07-12
2417,2023-07-12 10:35:00-04:00,7.519999980926514,7.525000095367432,7.519999980926514,7.519999980926514,1261,0.0,0.0,2023-07-12
2418,2023-07-12 10:40:00-04:00,7.514999866485596,7.514999866485596,7.510000228881836,7.510000228881836,761,0.0,0.0,2023-07-12
2419,2023-07-12 10:45:00-04:00,7.519999980926514,7.53000020980835,7.514999866485596,7.53000020980835,1720,0.0,0.0,2023-07-12
2420,2023-07-12 10:50:00-04:00,7.53000020980835,7.53000020980835,7.525000095367432,7.53000020980835,508,0.0,0.0,2023-07-12
2421,2023-07-12 10:55:00-04:00,7.539999961853027,7.539999961853027,7.539999961853027,7.539999961853027,1205,0.0,0.0,2023-07-12
2422,2023-07-12 11:00:00-04:00,7.550000190734863,7.550000190734863,7.543000221252441,7.543000221252441,2215,0.0,0.0,2023-07-12
2423,2023-07-12 11:05:00-04:00,7.550000190734863,7.550000190734863,7.539999961853027,7.539999961853027,2546,0.0,0.0,2023-07-12
2424,2023-07-12 11:10:00-04:00,7.539999961853027,7.550000190734863,7.539999961853027,7.550000190734863,1423,0.0,0.0,2023-07-12
2425,2023-07-12 11:15:00-04:00,7.539999961853027,7.539999961853027,7.534999847412109,7.539999961853027,773,0.0,0.0,2023-07-12
2426,2023-07-12 11:20:00-04:00,7.550000190734863,7.550000190734863,7.539999961853027,7.539999961853027,907,0.0,0.0,2023-07-12
2427,2023-07-12 11:25:00-04:00,7.554999828338623,7.559999942779541,7.554999828338623,7.559999942779541,444,0.0,0.0,2023-07-12
2428,2023-07-12 11:30:00-04:00,7.554999828338623,7.570000171661377,7.554999828338623,7.570000171661377,1530,0.0,0.0,2023-07-12
2429,2023-07-12 11:35:00-04:00,7.570000171661377,7.570000171661377,7.570000171661377,7.570000171661377,486,0.0,0.0,2023-07-12
2430,2023-07-12 11:40:00-04:00,7.565000057220459,7.565000057220459,7.554999828338623,7.559999942779541,1110,0.0,0.0,2023-07-12
2431,2023-07-12 11:45:00-04:00,7.554999828338623,7.570000171661377,7.554999828338623,7.570000171661377,757,0.0,0.0,2023-07-12
2432,2023-07-12 11:55:00-04:00,7.574999809265137,7.574999809265137,7.559999942779541,7.559999942779541,2803,0.0,0.0,2023-07-12
2433,2023-07-12 12:00:00-04:00,7.570000171661377,7.574999809265137,7.570000171661377,7.574999809265137,591,0.0,0.0,2023-07-12
2434,2023-07-12 12:05:00-04:00,7.570000171661377,7.579999923706055,7.570000171661377,7.579999923706055,1273,0.0,0.0,2023-07-12
2435,2023-07-12 12:10:00-04:00,7.579999923706055,7.585000038146973,7.579999923706055,7.585000038146973,1226,0.0,0.0,2023-07-12
2436,2023-07-12 12:15:00-04:00,7.579999923706055,7.579999923706055,7.574999809265137,7.574999809265137,502,0.0,0.0,2023-07-12
2437,2023-07-12 12:20:00-04:00,7.570000171661377,7.579999923706055,7.570000171661377,7.579999923706055,815,0.0,0.0,2023-07-12
2438,2023-07-12 12:30:00-04:00,7.590000152587891,7.590000152587891,7.585000038146973,7.585000038146973,342,0.0,0.0,2023-07-12
2439,2023-07-12 12:35:00-04:00,7.590000152587891,7.590000152587891,7.590000152587891,7.590000152587891,1331,0.0,0.0,2023-07-12
2440,2023-07-12 12:40:00-04:00,7.59499979019165,7.599999904632568,7.59499979019165,7.599999904632568,556,0.0,0.0,2023-07-12
2441,2023-07-12 12:45:00-04:00,7.599999904632568,7.599999904632568,7.599999904632568,7.599999904632568,128,0.0,0.0,2023-07-12
2442,2023-07-12 12:50:00-04:00,7.59499979019165,7.610000133514404,7.59499979019165,7.605000019073486,1547,0.0,0.0,2023-07-12
2443,2023-07-12 12:55:00-04:00,7.605000019073486,7.605000019073486,7.590000152587891,7.590000152587891,1728,0.0,0.0,2023-07-12
2444,2023-07-12 13:00:00-04:00,7.590000152587891,7.590000152587891,7.570000171661377,7.570000171661377,1809,0.0,0.0,2023-07-12
2445,2023-07-12 13:05:00-04:00,7.570000171661377,7.579999923706055,7.570000171661377,7.579999923706055,1261,0.0,0.0,2023-07-12
2446,2023-07-12 13:10:00-04:00,7.574999809265137,7.590000152587891,7.574999809265137,7.589900016784668,3590,0.0,0.0,2023-07-12
2447,2023-07-12 13:15:00-04:00,7.585000038146973,7.599999904632568,7.585000038146973,7.599999904632568,536,0.0,0.0,2023-07-12
2448,2023-07-12 13:20:00-04:00,7.599999904632568,7.599999904632568,7.59499979019165,7.59499979019165,361,0.0,0.0,2023-07-12
2449,2023-07-12 13:25:00-04:00,7.59499979019165,7.610000133514404,7.590000152587891,7.599999904632568,4688,0.0,0.0,2023-07-12
2450,2023-07-12 13:30:00-04:00,7.605000019073486,7.610000133514404,7.605000019073486,7.610000133514404,943,0.0,0.0,2023-07-12
2451,2023-07-12 13:35:00-04:00,7.614999771118164,7.619999885559082,7.611100196838379,7.611100196838379,970,0.0,0.0,2023-07-12
2452,2023-07-12 13:40:00-04:00,7.614999771118164,7.614999771118164,7.614999771118164,7.614999771118164,100,0.0,0.0,2023-07-12
2453,2023-07-12 13:45:00-04:00,7.619999885559082,7.619999885559082,7.614999771118164,7.614999771118164,316,0.0,0.0,2023-07-12
2454,2023-07-12 13:50:00-04:00,7.614999771118164,7.619999885559082,7.605000019073486,7.619999885559082,3099,0.0,0.0,2023-07-12
2455,2023-07-12 13:55:00-04:00,7.614999771118164,7.614999771118164,7.599999904632568,7.599999904632568,1116,0.0,0.0,2023-07-12
2456,2023-07-12 14:00:00-04:00,7.610000133514404,7.610000133514404,7.610000133514404,7.610000133514404,1455,0.0,0.0,2023-07-12
2457,2023-07-12 14:05:00-04:00,7.610000133514404,7.610000133514404,7.610000133514404,7.610000133514404,740,0.0,0.0,2023-07-12
2458,2023-07-12 14:10:00-04:00,7.619999885559082,7.630000114440918,7.619999885559082,7.630000114440918,1148,0.0,0.0,2023-07-12
2459,2023-07-12 14:15:00-04:00,7.625,7.625,7.625,7.625,251,0.0,0.0,2023-07-12
2460,2023-07-12 14:20:00-04:00,7.630000114440918,7.630000114440918,7.630000114440918,7.630000114440918,1521,0.0,0.0,2023-07-12
2461,2023-07-12 14:25:00-04:00,7.630000114440918,7.630000114440918,7.630000114440918,7.630000114440918,392,0.0,0.0,2023-07-12
2462,2023-07-12 14:35:00-04:00,7.625,7.625,7.625,7.625,167,0.0,0.0,2023-07-12
2463,2023-07-12 14:40:00-04:00,7.620999813079834,7.630000114440918,7.620999813079834,7.630000114440918,468,0.0,0.0,2023-07-12
2464,2023-07-12 14:45:00-04:00,7.619999885559082,7.630000114440918,7.619999885559082,7.630000114440918,367,0.0,0.0,2023-07-12
2465,2023-07-12 14:50:00-04:00,7.630000114440918,7.630000114440918,7.630000114440918,7.630000114440918,2590,0.0,0.0,2023-07-12
2466,2023-07-12 14:55:00-04:00,7.625,7.639999866485596,7.625,7.639999866485596,2793,0.0,0.0,2023-07-12
2467,2023-07-12 15:00:00-04:00,7.630000114440918,7.630000114440918,7.630000114440918,7.630000114440918,1110,0.0,0.0,2023-07-12
2468,2023-07-12 15:05:00-04:00,7.630000114440918,7.630000114440918,7.630000114440918,7.630000114440918,141,0.0,0.0,2023-07-12
2469,2023-07-12 15:10:00-04:00,7.630000114440918,7.630000114440918,7.614999771118164,7.619999885559082,4656,0.0,0.0,2023-07-12
2470,2023-07-12 15:15:00-04:00,7.619999885559082,7.619999885559082,7.619999885559082,7.619999885559082,1748,0.0,0.0,2023-07-12
2471,2023-07-12 15:20:00-04:00,7.619999885559082,7.619999885559082,7.605000019073486,7.610000133514404,2305,0.0,0.0,2023-07-12
2472,2023-07-12 15:25:00-04:00,7.610000133514404,7.614999771118164,7.605000019073486,7.612599849700928,2915,0.0,0.0,2023-07-12
2473,2023-07-12 15:30:00-04:00,7.613100051879883,7.614999771118164,7.610000133514404,7.610000133514404,1842,0.0,0.0,2023-07-12
2474,2023-07-12 15:35:00-04:00,7.610000133514404,7.614999771118164,7.605000019073486,7.610000133514404,5571,0.0,0.0,2023-07-12
2475,2023-07-12 15:40:00-04:00,7.614999771118164,7.630000114440918,7.614999771118164,7.630000114440918,2366,0.0,0.0,2023-07-12
2476,2023-07-12 15:45:00-04:00,7.635000228881836,7.635000228881836,7.610000133514404,7.630000114440918,5855,0.0,0.0,2023-07-12
2477,2023-07-12 15:50:00-04:00,7.619999885559082,7.630000114440918,7.614999771118164,7.619999885559082,5862,0.0,0.0,2023-07-12
2478,2023-07-12 15:55:00-04:00,7.619999885559082,7.630000114440918,7.610000133514404,7.630000114440918,12846,0.0,0.0,2023-07-12
2479,2023-07-13 09:30:00-04:00,7.690000057220459,7.75,7.679999828338623,7.730000019073486,9705,0.0,0.0,2023-07-13
2480,2023-07-13 09:35:00-04:00,7.730000019073486,7.730000019073486,7.679999828338623,7.710000038146973,3917,0.0,0.0,2023-07-13
2481,2023-07-13 09:40:00-04:00,7.71999979019165,7.739999771118164,7.699999809265137,7.71999979019165,4229,0.0,0.0,2023-07-13
2482,2023-07-13 09:45:00-04:00,7.71999979019165,7.71999979019165,7.699999809265137,7.699999809265137,2108,0.0,0.0,2023-07-13
2483,2023-07-13 09:50:00-04:00,7.699999809265137,7.710000038146973,7.699999809265137,7.710000038146973,1685,0.0,0.0,2023-07-13
2484,2023-07-13 09:55:00-04:00,7.718699932098389,7.71999979019165,7.710000038146973,7.71999979019165,939,0.0,0.0,2023-07-13
2485,2023-07-13 10:00:00-04:00,7.710000038146973,7.730000019073486,7.699999809265137,7.730000019073486,1862,0.0,0.0,2023-07-13
2486,2023-07-13 10:05:00-04:00,7.739999771118164,7.744999885559082,7.724999904632568,7.724999904632568,1797,0.0,0.0,2023-07-13
2487,2023-07-13 10:10:00-04:00,7.71999979019165,7.71999979019165,7.699999809265137,7.710000038146973,4388,0.0,0.0,2023-07-13
2488,2023-07-13 10:15:00-04:00,7.710000038146973,7.710000038146973,7.710000038146973,7.710000038146973,174,0.0,0.0,2023-07-13
2489,2023-07-13 10:20:00-04:00,7.690000057220459,7.690000057220459,7.690000057220459,7.690000057220459,476,0.0,0.0,2023-07-13
2490,2023-07-13 10:25:00-04:00,7.699999809265137,7.704999923706055,7.679999828338623,7.679999828338623,7735,0.0,0.0,2023-07-13
2491,2023-07-13 10:30:00-04:00,7.690000057220459,7.699999809265137,7.690000057220459,7.699999809265137,1385,0.0,0.0,2023-07-13
2492,2023-07-13 10:35:00-04:00,7.710000038146973,7.71999979019165,7.710000038146973,7.710000038146973,2425,0.0,0.0,2023-07-13
2493,2023-07-13 10:40:00-04:00,7.699999809265137,7.699999809265137,7.699999809265137,7.699999809265137,1032,0.0,0.0,2023-07-13
2494,2023-07-13 10:45:00-04:00,7.710000038146973,7.710000038146973,7.699999809265137,7.699999809265137,1007,0.0,0.0,2023-07-13
2495,2023-07-13 10:50:00-04:00,7.690000057220459,7.690000057220459,7.690000057220459,7.690000057220459,532,0.0,0.0,2023-07-13
2496,2023-07-13 10:55:00-04:00,7.684999942779541,7.684999942779541,7.684999942779541,7.684999942779541,161,0.0,0.0,2023-07-13
2497,2023-07-13 11:00:00-04:00,7.690000057220459,7.697500228881836,7.670000076293945,7.670000076293945,2221,0.0,0.0,2023-07-13
2498,2023-07-13 11:05:00-04:00,7.659999847412109,7.664999961853027,7.659999847412109,7.664999961853027,940,0.0,0.0,2023-07-13
2499,2023-07-13 11:10:00-04:00,7.659999847412109,7.659999847412109,7.650000095367432,7.650000095367432,608,0.0,0.0,2023-07-13
2500,2023-07-13 11:15:00-04:00,7.650000095367432,7.65500020980835,7.650000095367432,7.650000095367432,848,0.0,0.0,2023-07-13
2501,2023-07-13 11:20:00-04:00,7.650000095367432,7.650000095367432,7.650000095367432,7.650000095367432,406,0.0,0.0,2023-07-13
2502,2023-07-13 11:25:00-04:00,7.650000095367432,7.659999847412109,7.650000095367432,7.659999847412109,1304,0.0,0.0,2023-07-13
2503,2023-07-13 11:30:00-04:00,7.659999847412109,7.659999847412109,7.659999847412109,7.659999847412109,395,0.0,0.0,2023-07-13
2504,2023-07-13 11:35:00-04:00,7.65500020980835,7.659999847412109,7.65500020980835,7.659999847412109,478,0.0,0.0,2023-07-13
2505,2023-07-13 11:40:00-04:00,7.659999847412109,7.670000076293945,7.659999847412109,7.670000076293945,1001,0.0,0.0,2023-07-13
2506,2023-07-13 11:45:00-04:00,7.659999847412109,7.659999847412109,7.659999847412109,7.659999847412109,103,0.0,0.0,2023-07-13
2507,2023-07-13 11:50:00-04:00,7.659999847412109,7.664999961853027,7.659999847412109,7.664999961853027,915,0.0,0.0,2023-07-13
2508,2023-07-13 11:55:00-04:00,7.670000076293945,7.670000076293945,7.669899940490723,7.670000076293945,1400,0.0,0.0,2023-07-13
2509,2023-07-13 12:00:00-04:00,7.679999828338623,7.679999828338623,7.679999828338623,7.679999828338623,1276,0.0,0.0,2023-07-13
2510,2023-07-13 12:05:00-04:00,7.679999828338623,7.679999828338623,7.675000190734863,7.675000190734863,883,0.0,0.0,2023-07-13
2511,2023-07-13 12:10:00-04:00,7.670000076293945,7.670000076293945,7.670000076293945,7.670000076293945,188,0.0,0.0,2023-07-13
2512,2023-07-13 12:15:00-04:00,7.670000076293945,7.690000057220459,7.670000076293945,7.690000057220459,1668,0.0,0.0,2023-07-13
2513,2023-07-13 12:20:00-04:00,7.681300163269043,7.695000171661377,7.681300163269043,7.684999942779541,2586,0.0,0.0,2023-07-13
2514,2023-07-13 12:25:00-04:00,7.684999942779541,7.684999942779541,7.684999942779541,7.684999942779541,102,0.0,0.0,2023-07-13
2515,2023-07-13 12:30:00-04:00,7.684999942779541,7.684999942779541,7.679999828338623,7.684999942779541,2041,0.0,0.0,2023-07-13
2516,2023-07-13 12:40:00-04:00,7.684999942779541,7.684999942779541,7.684999942779541,7.684999942779541,344,0.0,0.0,2023-07-13
2517,2023-07-13 12:45:00-04:00,7.690000057220459,7.690000057220459,7.690000057220459,7.690000057220459,142,0.0,0.0,2023-07-13
2518,2023-07-13 12:50:00-04:00,7.690000057220459,7.690000057220459,7.684999942779541,7.690000057220459,515,0.0,0.0,2023-07-13
2519,2023-07-13 12:55:00-04:00,7.679999828338623,7.679999828338623,7.679999828338623,7.679999828338623,313,0.0,0.0,2023-07-13
2520,2023-07-13 13:00:00-04:00,7.675000190734863,7.679999828338623,7.670000076293945,7.670000076293945,2648,0.0,0.0,2023-07-13
2521,2023-07-13 13:05:00-04:00,7.675000190734863,7.675000190734863,7.670000076293945,7.670000076293945,427,0.0,0.0,2023-07-13
2522,2023-07-13 13:10:00-04:00,7.664999961853027,7.664999961853027,7.664999961853027,7.664999961853027,143,0.0,0.0,2023-07-13
2523,2023-07-13 13:15:00-04:00,7.664999961853027,7.664999961853027,7.659999847412109,7.659999847412109,225,0.0,0.0,2023-07-13
2524,2023-07-13 13:25:00-04:00,7.659999847412109,7.659999847412109,7.650000095367432,7.650000095367432,942,0.0,0.0,2023-07-13
2525,2023-07-13 13:30:00-04:00,7.650000095367432,7.650000095367432,7.650000095367432,7.650000095367432,127,0.0,0.0,2023-07-13
2526,2023-07-13 13:35:00-04:00,7.650000095367432,7.659999847412109,7.640999794006348,7.65500020980835,3687,0.0,0.0,2023-07-13
2527,2023-07-13 13:40:00-04:00,7.650000095367432,7.65500020980835,7.650000095367432,7.65500020980835,687,0.0,0.0,2023-07-13
2528,2023-07-13 13:45:00-04:00,7.65500020980835,7.65500020980835,7.65500020980835,7.65500020980835,128,0.0,0.0,2023-07-13
2529,2023-07-13 13:50:00-04:00,7.65500020980835,7.659999847412109,7.65500020980835,7.659999847412109,2118,0.0,0.0,2023-07-13
2530,2023-07-13 13:55:00-04:00,7.670000076293945,7.670000076293945,7.664999961853027,7.664999961853027,384,0.0,0.0,2023-07-13
2531,2023-07-13 14:00:00-04:00,7.664999961853027,7.670000076293945,7.664999961853027,7.670000076293945,721,0.0,0.0,2023-07-13
2532,2023-07-13 14:05:00-04:00,7.664999961853027,7.664999961853027,7.659999847412109,7.659999847412109,679,0.0,0.0,2023-07-13
2533,2023-07-13 14:10:00-04:00,7.659999847412109,7.659999847412109,7.659999847412109,7.659999847412109,439,0.0,0.0,2023-07-13
2534,2023-07-13 14:20:00-04:00,7.65500020980835,7.65500020980835,7.650000095367432,7.650000095367432,392,0.0,0.0,2023-07-13
2535,2023-07-13 14:25:00-04:00,7.650000095367432,7.650000095367432,7.650000095367432,7.650000095367432,278,0.0,0.0,2023-07-13
2536,2023-07-13 14:30:00-04:00,7.650000095367432,7.659999847412109,7.650000095367432,7.65500020980835,2004,0.0,0.0,2023-07-13
2537,2023-07-13 14:35:00-04:00,7.65500020980835,7.65500020980835,7.65500020980835,7.65500020980835,469,0.0,0.0,2023-07-13
2538,2023-07-13 14:40:00-04:00,7.659999847412109,7.659999847412109,7.65500020980835,7.65500020980835,301,0.0,0.0,2023-07-13
2539,2023-07-13 14:45:00-04:00,7.65500020980835,7.659999847412109,7.65500020980835,7.659999847412109,1243,0.0,0.0,2023-07-13
2540,2023-07-13 14:50:00-04:00,7.65500020980835,7.65500020980835,7.650000095367432,7.650000095367432,673,0.0,0.0,2023-07-13
2541,2023-07-13 14:55:00-04:00,7.65500020980835,7.65500020980835,7.65500020980835,7.65500020980835,326,0.0,0.0,2023-07-13
2542,2023-07-13 15:00:00-04:00,7.659999847412109,7.659999847412109,7.659999847412109,7.659999847412109,398,0.0,0.0,2023-07-13
2543,2023-07-13 15:05:00-04:00,7.659999847412109,7.659999847412109,7.650000095367432,7.650000095367432,516,0.0,0.0,2023-07-13
2544,2023-07-13 15:10:00-04:00,7.650000095367432,7.650000095367432,7.635000228881836,7.635000228881836,3229,0.0,0.0,2023-07-13
2545,2023-07-13 15:15:00-04:00,7.619999885559082,7.619999885559082,7.614999771118164,7.614999771118164,2147,0.0,0.0,2023-07-13
2546,2023-07-13 15:20:00-04:00,7.614999771118164,7.625,7.614999771118164,7.625,3561,0.0,0.0,2023-07-13
2547,2023-07-13 15:25:00-04:00,7.625,7.630000114440918,7.625,7.630000114440918,476,0.0,0.0,2023-07-13
2548,2023-07-13 15:30:00-04:00,7.630000114440918,7.639999866485596,7.630000114440918,7.639999866485596,5022,0.0,0.0,2023-07-13
2549,2023-07-13 15:35:00-04:00,7.639999866485596,7.650000095367432,7.639999866485596,7.650000095367432,1988,0.0,0.0,2023-07-13
2550,2023-07-13 15:40:00-04:00,7.650000095367432,7.650000095367432,7.644999980926514,7.644999980926514,1275,0.0,0.0,2023-07-13
2551,2023-07-13 15:45:00-04:00,7.644999980926514,7.650000095367432,7.635000228881836,7.650000095367432,8406,0.0,0.0,2023-07-13
2552,2023-07-13 15:50:00-04:00,7.644999980926514,7.650000095367432,7.639999866485596,7.639999866485596,3324,0.0,0.0,2023-07-13
2553,2023-07-13 15:55:00-04:00,7.644999980926514,7.659999847412109,7.644999980926514,7.659999847412109,18667,0.0,0.0,2023-07-13
2554,2023-07-14 09:30:00-04:00,7.639999866485596,7.639999866485596,7.579999923706055,7.630000114440918,4630,0.0,0.0,2023-07-14
2555,2023-07-14 09:35:00-04:00,7.599999904632568,7.599999904632568,7.590000152587891,7.590000152587891,894,0.0,0.0,2023-07-14
2556,2023-07-14 09:40:00-04:00,7.570000171661377,7.599999904632568,7.570000171661377,7.599999904632568,1743,0.0,0.0,2023-07-14
2557,2023-07-14 09:45:00-04:00,7.619999885559082,7.619999885559082,7.579999923706055,7.579999923706055,1747,0.0,0.0,2023-07-14
2558,2023-07-14 09:50:00-04:00,7.579999923706055,7.579999923706055,7.570000171661377,7.570000171661377,787,0.0,0.0,2023-07-14
2559,2023-07-14 10:00:00-04:00,7.550000190734863,7.550000190734863,7.539999961853027,7.539999961853027,449,0.0,0.0,2023-07-14
2560,2023-07-14 10:05:00-04:00,7.53000020980835,7.539999961853027,7.53000020980835,7.539999961853027,1264,0.0,0.0,2023-07-14
2561,2023-07-14 10:10:00-04:00,7.539999961853027,7.539999961853027,7.539999961853027,7.539999961853027,2229,0.0,0.0,2023-07-14
2562,2023-07-14 10:15:00-04:00,7.534999847412109,7.550000190734863,7.534999847412109,7.539999961853027,1199,0.0,0.0,2023-07-14
2563,2023-07-14 10:20:00-04:00,7.53000020980835,7.539999961853027,7.519999980926514,7.53000020980835,4151,0.0,0.0,2023-07-14
2564,2023-07-14 10:25:00-04:00,7.53000020980835,7.53000020980835,7.519999980926514,7.519999980926514,1145,0.0,0.0,2023-07-14
2565,2023-07-14 10:30:00-04:00,7.519999980926514,7.519999980926514,7.510000228881836,7.510000228881836,2424,0.0,0.0,2023-07-14
2566,2023-07-14 10:35:00-04:00,7.5,7.505000114440918,7.494999885559082,7.5,1532,0.0,0.0,2023-07-14
2567,2023-07-14 10:40:00-04:00,7.489999771118164,7.489999771118164,7.489999771118164,7.489999771118164,102,0.0,0.0,2023-07-14
2568,2023-07-14 10:45:00-04:00,7.489999771118164,7.489999771118164,7.480000019073486,7.480000019073486,1255,0.0,0.0,2023-07-14
2569,2023-07-14 10:50:00-04:00,7.480000019073486,7.510000228881836,7.480000019073486,7.510000228881836,2573,0.0,0.0,2023-07-14
2570,2023-07-14 10:55:00-04:00,7.525000095367432,7.525000095367432,7.519999980926514,7.519999980926514,1154,0.0,0.0,2023-07-14
2571,2023-07-14 11:00:00-04:00,7.510000228881836,7.510000228881836,7.510000228881836,7.510000228881836,559,0.0,0.0,2023-07-14
2572,2023-07-14 11:05:00-04:00,7.510000228881836,7.510000228881836,7.5,7.510000228881836,2087,0.0,0.0,2023-07-14
2573,2023-07-14 11:10:00-04:00,7.510000228881836,7.510000228881836,7.510000228881836,7.510000228881836,962,0.0,0.0,2023-07-14
2574,2023-07-14 11:20:00-04:00,7.5,7.5,7.489999771118164,7.489999771118164,789,0.0,0.0,2023-07-14
2575,2023-07-14 11:25:00-04:00,7.489999771118164,7.5,7.489999771118164,7.5,1642,0.0,0.0,2023-07-14
2576,2023-07-14 11:30:00-04:00,7.494999885559082,7.494999885559082,7.489999771118164,7.489999771118164,729,0.0,0.0,2023-07-14
2577,2023-07-14 11:35:00-04:00,7.5,7.5,7.5,7.5,1357,0.0,0.0,2023-07-14
2578,2023-07-14 11:40:00-04:00,7.5,7.5,7.489999771118164,7.489999771118164,1643,0.0,0.0,2023-07-14
2579,2023-07-14 11:45:00-04:00,7.480000019073486,7.480000019073486,7.480000019073486,7.480000019073486,399,0.0,0.0,2023-07-14
2580,2023-07-14 11:50:00-04:00,7.46999979019165,7.46999979019165,7.460000038146973,7.460000038146973,1454,0.0,0.0,2023-07-14
2581,2023-07-14 11:55:00-04:00,7.460000038146973,7.460000038146973,7.460000038146973,7.460000038146973,1102,0.0,0.0,2023-07-14
2582,2023-07-14 12:00:00-04:00,7.460000038146973,7.465000152587891,7.460000038146973,7.465000152587891,851,0.0,0.0,2023-07-14
2583,2023-07-14 12:05:00-04:00,7.460000038146973,7.46999979019165,7.449999809265137,7.46999979019165,2658,0.0,0.0,2023-07-14
2584,2023-07-14 12:10:00-04:00,7.46999979019165,7.5,7.46999979019165,7.5,3905,0.0,0.0,2023-07-14
2585,2023-07-14 12:15:00-04:00,7.5,7.505000114440918,7.5,7.505000114440918,1256,0.0,0.0,2023-07-14
2586,2023-07-14 12:20:00-04:00,7.510000228881836,7.514999866485596,7.510000228881836,7.514999866485596,769,0.0,0.0,2023-07-14
2587,2023-07-14 12:25:00-04:00,7.519199848175049,7.53000020980835,7.519199848175049,7.53000020980835,2426,0.0,0.0,2023-07-14
2588,2023-07-14 12:30:00-04:00,7.53000020980835,7.545000076293945,7.53000020980835,7.545000076293945,1700,0.0,0.0,2023-07-14
2589,2023-07-14 12:35:00-04:00,7.550000190734863,7.550000190734863,7.545000076293945,7.550000190734863,778,0.0,0.0,2023-07-14
2590,2023-07-14 12:40:00-04:00,7.545000076293945,7.545000076293945,7.545000076293945,7.545000076293945,105,0.0,0.0,2023-07-14
2591,2023-07-14 12:45:00-04:00,7.550000190734863,7.554999828338623,7.550000190734863,7.554999828338623,1032,0.0,0.0,2023-07-14
2592,2023-07-14 12:50:00-04:00,7.550000190734863,7.550000190734863,7.545000076293945,7.550000190734863,3061,0.0,0.0,2023-07-14
2593,2023-07-14 13:00:00-04:00,7.554999828338623,7.554999828338623,7.550000190734863,7.554999828338623,1942,0.0,0.0,2023-07-14
2594,2023-07-14 13:05:00-04:00,7.554999828338623,7.554999828338623,7.554999828338623,7.554999828338623,348,0.0,0.0,2023-07-14
2595,2023-07-14 13:10:00-04:00,7.559999942779541,7.559999942779541,7.554999828338623,7.559999942779541,1215,0.0,0.0,2023-07-14
2596,2023-07-14 13:15:00-04:00,7.565000057220459,7.565000057220459,7.559999942779541,7.559999942779541,991,0.0,0.0,2023-07-14
2597,2023-07-14 13:20:00-04:00,7.554999828338623,7.565000057220459,7.554999828338623,7.565000057220459,1843,0.0,0.0,2023-07-14
2598,2023-07-14 13:25:00-04:00,7.559999942779541,7.559999942779541,7.559999942779541,7.559999942779541,131,0.0,0.0,2023-07-14
2599,2023-07-14 13:30:00-04:00,7.559999942779541,7.559999942779541,7.559999942779541,7.559999942779541,168,0.0,0.0,2023-07-14
2600,2023-07-14 13:35:00-04:00,7.565000057220459,7.565000057220459,7.559999942779541,7.559999942779541,214,0.0,0.0,2023-07-14
2601,2023-07-14 13:40:00-04:00,7.565000057220459,7.565000057220459,7.559999942779541,7.565000057220459,526,0.0,0.0,2023-07-14
2602,2023-07-14 13:45:00-04:00,7.559999942779541,7.559999942779541,7.559999942779541,7.559999942779541,286,0.0,0.0,2023-07-14
2603,2023-07-14 13:50:00-04:00,7.5625,7.5625,7.559999942779541,7.559999942779541,577,0.0,0.0,2023-07-14
2604,2023-07-14 13:55:00-04:00,7.559999942779541,7.559999942779541,7.554999828338623,7.554999828338623,950,0.0,0.0,2023-07-14
2605,2023-07-14 14:00:00-04:00,7.550000190734863,7.550000190734863,7.545000076293945,7.550000190734863,3040,0.0,0.0,2023-07-14
2606,2023-07-14 14:05:00-04:00,7.545000076293945,7.545000076293945,7.545000076293945,7.545000076293945,175,0.0,0.0,2023-07-14
2607,2023-07-14 14:10:00-04:00,7.545000076293945,7.545000076293945,7.542500019073486,7.542500019073486,413,0.0,0.0,2023-07-14
2608,2023-07-14 14:20:00-04:00,7.542500019073486,7.545000076293945,7.542500019073486,7.545000076293945,318,0.0,0.0,2023-07-14
2609,2023-07-14 14:25:00-04:00,7.545000076293945,7.545000076293945,7.545000076293945,7.545000076293945,308,0.0,0.0,2023-07-14
2610,2023-07-14 14:30:00-04:00,7.545000076293945,7.545000076293945,7.542500019073486,7.542500019073486,745,0.0,0.0,2023-07-14
2611,2023-07-14 14:35:00-04:00,7.539999961853027,7.554999828338623,7.539999961853027,7.554999828338623,3364,0.0,0.0,2023-07-14
2612,2023-07-14 14:40:00-04:00,7.559999942779541,7.559999942779541,7.554999828338623,7.554999828338623,225,0.0,0.0,2023-07-14
2613,2023-07-14 14:45:00-04:00,7.554999828338623,7.554999828338623,7.554999828338623,7.554999828338623,443,0.0,0.0,2023-07-14
2614,2023-07-14 14:50:00-04:00,7.554999828338623,7.554999828338623,7.554999828338623,7.554999828338623,213,0.0,0.0,2023-07-14
2615,2023-07-14 14:55:00-04:00,7.554999828338623,7.554999828338623,7.550000190734863,7.554999828338623,971,0.0,0.0,2023-07-14
2616,2023-07-14 15:00:00-04:00,7.554999828338623,7.554999828338623,7.539999961853027,7.539999961853027,2184,0.0,0.0,2023-07-14
2617,2023-07-14 15:05:00-04:00,7.539999961853027,7.539999961853027,7.539999961853027,7.539999961853027,669,0.0,0.0,2023-07-14
2618,2023-07-14 15:10:00-04:00,7.545000076293945,7.550000190734863,7.539999961853027,7.550000190734863,3761,0.0,0.0,2023-07-14
2619,2023-07-14 15:15:00-04:00,7.554999828338623,7.554999828338623,7.534999847412109,7.534999847412109,7812,0.0,0.0,2023-07-14
2620,2023-07-14 15:20:00-04:00,7.534999847412109,7.539999961853027,7.534999847412109,7.539999961853027,4621,0.0,0.0,2023-07-14
2621,2023-07-14 15:25:00-04:00,7.545000076293945,7.545000076293945,7.545000076293945,7.545000076293945,302,0.0,0.0,2023-07-14
2622,2023-07-14 15:30:00-04:00,7.545000076293945,7.545000076293945,7.539999961853027,7.539999961853027,2137,0.0,0.0,2023-07-14
2623,2023-07-14 15:35:00-04:00,7.545000076293945,7.565000057220459,7.534999847412109,7.565000057220459,14663,0.0,0.0,2023-07-14
2624,2023-07-14 15:40:00-04:00,7.565000057220459,7.570000171661377,7.565000057220459,7.570000171661377,4064,0.0,0.0,2023-07-14
2625,2023-07-14 15:45:00-04:00,7.559999942779541,7.570000171661377,7.554999828338623,7.565000057220459,4355,0.0,0.0,2023-07-14
2626,2023-07-14 15:50:00-04:00,7.559999942779541,7.574999809265137,7.550000190734863,7.574999809265137,16674,0.0,0.0,2023-07-14
2627,2023-07-14 15:55:00-04:00,7.579999923706055,7.599999904632568,7.570000171661377,7.599999904632568,12196,0.0,0.0,2023-07-14
2628,2023-07-17 09:30:00-04:00,7.559999942779541,7.559999942779541,7.539999961853027,7.539999961853027,3456,0.0,0.0,2023-07-17
2629,2023-07-17 09:35:00-04:00,7.550000190734863,7.565000057220459,7.550000190734863,7.565000057220459,1364,0.0,0.0,2023-07-17
2630,2023-07-17 09:40:00-04:00,7.550000190734863,7.550000190734863,7.53000020980835,7.53000020980835,6121,0.0,0.0,2023-07-17
2631,2023-07-17 09:45:00-04:00,7.53000020980835,7.53000020980835,7.53000020980835,7.53000020980835,4650,0.0,0.0,2023-07-17
2632,2023-07-17 09:50:00-04:00,7.53000020980835,7.554999828338623,7.53000020980835,7.545000076293945,15573,0.0,0.0,2023-07-17
2633,2023-07-17 09:55:00-04:00,7.550000190734863,7.550000190734863,7.550000190734863,7.550000190734863,2285,0.0,0.0,2023-07-17
2634,2023-07-17 10:00:00-04:00,7.574999809265137,7.579999923706055,7.574999809265137,7.579999923706055,1326,0.0,0.0,2023-07-17
2635,2023-07-17 10:05:00-04:00,7.579999923706055,7.585000038146973,7.570000171661377,7.585000038146973,2335,0.0,0.0,2023-07-17
2636,2023-07-17 10:10:00-04:00,7.579999923706055,7.598999977111816,7.579999923706055,7.598999977111816,2252,0.0,0.0,2023-07-17
2637,2023-07-17 10:15:00-04:00,7.605000019073486,7.605000019073486,7.605000019073486,7.605000019073486,191,0.0,0.0,2023-07-17
2638,2023-07-17 10:20:00-04:00,7.610000133514404,7.610000133514404,7.610000133514404,7.610000133514404,597,0.0,0.0,2023-07-17
2639,2023-07-17 10:25:00-04:00,7.599999904632568,7.605000019073486,7.59499979019165,7.605000019073486,3441,0.0,0.0,2023-07-17
2640,2023-07-17 10:30:00-04:00,7.599999904632568,7.614999771118164,7.599999904632568,7.605000019073486,1421,0.0,0.0,2023-07-17
2641,2023-07-17 10:35:00-04:00,7.598999977111816,7.598999977111816,7.598999977111816,7.598999977111816,936,0.0,0.0,2023-07-17
2642,2023-07-17 10:40:00-04:00,7.605000019073486,7.614999771118164,7.605000019073486,7.614999771118164,527,0.0,0.0,2023-07-17
2643,2023-07-17 10:45:00-04:00,7.619999885559082,7.619999885559082,7.619999885559082,7.619999885559082,648,0.0,0.0,2023-07-17
2644,2023-07-17 10:50:00-04:00,7.630000114440918,7.630000114440918,7.625,7.625,422,0.0,0.0,2023-07-17
2645,2023-07-17 10:55:00-04:00,7.630000114440918,7.630000114440918,7.610000133514404,7.614999771118164,2148,0.0,0.0,2023-07-17
2646,2023-07-17 11:00:00-04:00,7.610000133514404,7.610000133514404,7.610000133514404,7.610000133514404,895,0.0,0.0,2023-07-17
2647,2023-07-17 11:05:00-04:00,7.610000133514404,7.610000133514404,7.610000133514404,7.610000133514404,466,0.0,0.0,2023-07-17
2648,2023-07-17 11:10:00-04:00,7.610000133514404,7.610000133514404,7.610000133514404,7.610000133514404,690,0.0,0.0,2023-07-17
2649,2023-07-17 11:15:00-04:00,7.614999771118164,7.619999885559082,7.614999771118164,7.619999885559082,433,0.0,0.0,2023-07-17
2650,2023-07-17 11:20:00-04:00,7.625,7.625,7.625,7.625,353,0.0,0.0,2023-07-17
2651,2023-07-17 11:25:00-04:00,7.630000114440918,7.630000114440918,7.590000152587891,7.59499979019165,18656,0.0,0.0,2023-07-17
2652,2023-07-17 11:30:00-04:00,7.585000038146973,7.614999771118164,7.579999923706055,7.614999771118164,7671,0.0,0.0,2023-07-17
2653,2023-07-17 11:35:00-04:00,7.619999885559082,7.624599933624268,7.619999885559082,7.624599933624268,837,0.0,0.0,2023-07-17
2654,2023-07-17 11:40:00-04:00,7.630000114440918,7.630000114440918,7.630000114440918,7.630000114440918,165,0.0,0.0,2023-07-17
2655,2023-07-17 11:45:00-04:00,7.630000114440918,7.639999866485596,7.630000114440918,7.639999866485596,2151,0.0,0.0,2023-07-17
2656,2023-07-17 11:50:00-04:00,7.630000114440918,7.644999980926514,7.630000114440918,7.644999980926514,1515,0.0,0.0,2023-07-17
2657,2023-07-17 11:55:00-04:00,7.644999980926514,7.644999980926514,7.635000228881836,7.639999866485596,4758,0.0,0.0,2023-07-17
2658,2023-07-17 12:00:00-04:00,7.639999866485596,7.64900016784668,7.639999866485596,7.64900016784668,854,0.0,0.0,2023-07-17
2659,2023-07-17 12:05:00-04:00,7.650000095367432,7.65500020980835,7.650000095367432,7.65500020980835,638,0.0,0.0,2023-07-17
2660,2023-07-17 12:10:00-04:00,7.664999961853027,7.664999961853027,7.664999961853027,7.664999961853027,529,0.0,0.0,2023-07-17
2661,2023-07-17 12:15:00-04:00,7.659999847412109,7.659999847412109,7.650000095367432,7.650000095367432,1120,0.0,0.0,2023-07-17
2662,2023-07-17 12:20:00-04:00,7.639999866485596,7.639999866485596,7.639999866485596,7.639999866485596,311,0.0,0.0,2023-07-17
2663,2023-07-17 12:30:00-04:00,7.644999980926514,7.644999980926514,7.644999980926514,7.644999980926514,313,0.0,0.0,2023-07-17
2664,2023-07-17 12:35:00-04:00,7.650000095367432,7.65500020980835,7.650000095367432,7.65500020980835,1048,0.0,0.0,2023-07-17
2665,2023-07-17 12:40:00-04:00,7.65500020980835,7.65500020980835,7.635000228881836,7.635000228881836,2499,0.0,0.0,2023-07-17
2666,2023-07-17 12:45:00-04:00,7.630000114440918,7.630000114440918,7.619999885559082,7.619999885559082,1842,0.0,0.0,2023-07-17
2667,2023-07-17 12:50:00-04:00,7.619999885559082,7.630000114440918,7.619999885559082,7.630000114440918,1378,0.0,0.0,2023-07-17
2668,2023-07-17 12:55:00-04:00,7.630000114440918,7.635000228881836,7.630000114440918,7.635000228881836,477,0.0,0.0,2023-07-17
2669,2023-07-17 13:00:00-04:00,7.635000228881836,7.635000228881836,7.635000228881836,7.635000228881836,509,0.0,0.0,2023-07-17
2670,2023-07-17 13:05:00-04:00,7.630000114440918,7.639999866485596,7.625,7.639999866485596,1739,0.0,0.0,2023-07-17
2671,2023-07-17 13:15:00-04:00,7.639999866485596,7.639999866485596,7.639999866485596,7.639999866485596,564,0.0,0.0,2023-07-17
2672,2023-07-17 13:25:00-04:00,7.635000228881836,7.635000228881836,7.599999904632568,7.610000133514404,10826,0.0,0.0,2023-07-17
2673,2023-07-17 13:30:00-04:00,7.610000133514404,7.619999885559082,7.605000019073486,7.619999885559082,2182,0.0,0.0,2023-07-17
2674,2023-07-17 13:35:00-04:00,7.614999771118164,7.619999885559082,7.610000133514404,7.619999885559082,2088,0.0,0.0,2023-07-17
2675,2023-07-17 13:40:00-04:00,7.610000133514404,7.610000133514404,7.610000133514404,7.610000133514404,831,0.0,0.0,2023-07-17
2676,2023-07-17 13:45:00-04:00,7.605000019073486,7.605000019073486,7.605000019073486,7.605000019073486,250,0.0,0.0,2023-07-17
2677,2023-07-17 13:50:00-04:00,7.610000133514404,7.610000133514404,7.610000133514404,7.610000133514404,344,0.0,0.0,2023-07-17
2678,2023-07-17 13:55:00-04:00,7.605000019073486,7.605000019073486,7.605000019073486,7.605000019073486,526,0.0,0.0,2023-07-17
2679,2023-07-17 14:00:00-04:00,7.610000133514404,7.610000133514404,7.610000133514404,7.610000133514404,268,0.0,0.0,2023-07-17
2680,2023-07-17 14:05:00-04:00,7.610000133514404,7.610000133514404,7.599999904632568,7.603799819946289,478,0.0,0.0,2023-07-17
2681,2023-07-17 14:10:00-04:00,7.610000133514404,7.610000133514404,7.599999904632568,7.599999904632568,512,0.0,0.0,2023-07-17
2682,2023-07-17 14:15:00-04:00,7.605000019073486,7.610000133514404,7.605000019073486,7.610000133514404,347,0.0,0.0,2023-07-17
2683,2023-07-17 14:20:00-04:00,7.599999904632568,7.610000133514404,7.599999904632568,7.610000133514404,439,0.0,0.0,2023-07-17
2684,2023-07-17 14:25:00-04:00,7.599999904632568,7.599999904632568,7.599999904632568,7.599999904632568,461,0.0,0.0,2023-07-17
2685,2023-07-17 14:30:00-04:00,7.605000019073486,7.610000133514404,7.599999904632568,7.599999904632568,4604,0.0,0.0,2023-07-17
2686,2023-07-17 14:35:00-04:00,7.605000019073486,7.610000133514404,7.59499979019165,7.59499979019165,2969,0.0,0.0,2023-07-17
2687,2023-07-17 14:40:00-04:00,7.599999904632568,7.610000133514404,7.59499979019165,7.610000133514404,3206,0.0,0.0,2023-07-17
2688,2023-07-17 14:45:00-04:00,7.614999771118164,7.614999771118164,7.614999771118164,7.614999771118164,225,0.0,0.0,2023-07-17
2689,2023-07-17 14:50:00-04:00,7.614999771118164,7.619999885559082,7.614999771118164,7.614999771118164,620,0.0,0.0,2023-07-17
2690,2023-07-17 14:55:00-04:00,7.614999771118164,7.619999885559082,7.610000133514404,7.610000133514404,1048,0.0,0.0,2023-07-17
2691,2023-07-17 15:00:00-04:00,7.610000133514404,7.610000133514404,7.605000019073486,7.610000133514404,2677,0.0,0.0,2023-07-17
2692,2023-07-17 15:05:00-04:00,7.619999885559082,7.619999885559082,7.610000133514404,7.610000133514404,743,0.0,0.0,2023-07-17
2693,2023-07-17 15:10:00-04:00,7.605000019073486,7.610000133514404,7.603799819946289,7.610000133514404,1261,0.0,0.0,2023-07-17
2694,2023-07-17 15:15:00-04:00,7.610000133514404,7.610000133514404,7.605000019073486,7.605000019073486,703,0.0,0.0,2023-07-17
2695,2023-07-17 15:20:00-04:00,7.610000133514404,7.610000133514404,7.59499979019165,7.599999904632568,8241,0.0,0.0,2023-07-17
2696,2023-07-17 15:25:00-04:00,7.605000019073486,7.610000133514404,7.605000019073486,7.610000133514404,891,0.0,0.0,2023-07-17
2697,2023-07-17 15:30:00-04:00,7.599999904632568,7.610000133514404,7.599999904632568,7.599999904632568,2676,0.0,0.0,2023-07-17
2698,2023-07-17 15:35:00-04:00,7.599999904632568,7.610000133514404,7.59499979019165,7.605000019073486,7330,0.0,0.0,2023-07-17
2699,2023-07-17 15:40:00-04:00,7.610000133514404,7.610000133514404,7.605000019073486,7.605000019073486,2393,0.0,0.0,2023-07-17
2700,2023-07-17 15:45:00-04:00,7.599999904632568,7.610000133514404,7.599999904632568,7.599999904632568,2550,0.0,0.0,2023-07-17
2701,2023-07-17 15:50:00-04:00,7.605000019073486,7.610000133514404,7.590000152587891,7.599999904632568,16713,0.0,0.0,2023-07-17
2702,2023-07-17 15:55:00-04:00,7.579999923706055,7.590000152587891,7.570000171661377,7.570000171661377,28118,0.0,0.0,2023-07-17
2703,2023-07-18 09:30:00-04:00,7.599999904632568,7.670000076293945,7.599999904632568,7.670000076293945,16486,0.0,0.0,2023-07-18
2704,2023-07-18 09:35:00-04:00,7.670000076293945,7.718999862670898,7.670000076293945,7.718999862670898,1635,0.0,0.0,2023-07-18
2705,2023-07-18 09:40:00-04:00,7.710000038146973,7.760000228881836,7.710000038146973,7.760000228881836,2962,0.0,0.0,2023-07-18
2706,2023-07-18 09:45:00-04:00,7.730000019073486,7.730000019073486,7.699999809265137,7.710000038146973,1817,0.0,0.0,2023-07-18
2707,2023-07-18 09:50:00-04:00,7.71999979019165,7.71999979019165,7.710000038146973,7.718999862670898,3051,0.0,0.0,2023-07-18
2708,2023-07-18 09:55:00-04:00,7.744999885559082,7.744999885559082,7.739999771118164,7.739999771118164,949,0.0,0.0,2023-07-18
2709,2023-07-18 10:00:00-04:00,7.739999771118164,7.760000228881836,7.739999771118164,7.760000228881836,2084,0.0,0.0,2023-07-18
2710,2023-07-18 10:10:00-04:00,7.769999980926514,7.769999980926514,7.755000114440918,7.760000228881836,1285,0.0,0.0,2023-07-18
2711,2023-07-18 10:15:00-04:00,7.739999771118164,7.739999771118164,7.71999979019165,7.71999979019165,950,0.0,0.0,2023-07-18
2712,2023-07-18 10:20:00-04:00,7.730000019073486,7.739999771118164,7.730000019073486,7.739999771118164,2380,0.0,0.0,2023-07-18
2713,2023-07-18 10:25:00-04:00,7.739999771118164,7.739999771118164,7.710000038146973,7.710000038146973,3442,0.0,0.0,2023-07-18
2714,2023-07-18 10:30:00-04:00,7.699999809265137,7.699999809265137,7.679999828338623,7.679999828338623,1631,0.0,0.0,2023-07-18
2715,2023-07-18 10:35:00-04:00,7.679999828338623,7.679999828338623,7.659999847412109,7.659999847412109,1812,0.0,0.0,2023-07-18
2716,2023-07-18 10:40:00-04:00,7.670000076293945,7.675000190734863,7.670000076293945,7.670000076293945,3253,0.0,0.0,2023-07-18
2717,2023-07-18 10:45:00-04:00,7.670000076293945,7.670000076293945,7.65500020980835,7.659999847412109,1766,0.0,0.0,2023-07-18
2718,2023-07-18 10:50:00-04:00,7.670000076293945,7.690000057220459,7.670000076293945,7.690000057220459,1241,0.0,0.0,2023-07-18
2719,2023-07-18 10:55:00-04:00,7.679999828338623,7.679999828338623,7.679999828338623,7.679999828338623,1927,0.0,0.0,2023-07-18
2720,2023-07-18 11:00:00-04:00,7.670000076293945,7.670000076293945,7.670000076293945,7.670000076293945,258,0.0,0.0,2023-07-18
2721,2023-07-18 11:05:00-04:00,7.670000076293945,7.670000076293945,7.670000076293945,7.670000076293945,143,0.0,0.0,2023-07-18
2722,2023-07-18 11:10:00-04:00,7.659999847412109,7.670000076293945,7.65500020980835,7.670000076293945,3034,0.0,0.0,2023-07-18
2723,2023-07-18 11:15:00-04:00,7.670000076293945,7.679999828338623,7.670000076293945,7.675000190734863,1328,0.0,0.0,2023-07-18
2724,2023-07-18 11:20:00-04:00,7.679999828338623,7.679999828338623,7.679999828338623,7.679999828338623,268,0.0,0.0,2023-07-18
2725,2023-07-18 11:25:00-04:00,7.679999828338623,7.679999828338623,7.679999828338623,7.679999828338623,1831,0.0,0.0,2023-07-18
2726,2023-07-18 11:30:00-04:00,7.670000076293945,7.670000076293945,7.659999847412109,7.659999847412109,1333,0.0,0.0,2023-07-18
2727,2023-07-18 11:35:00-04:00,7.650000095367432,7.650000095367432,7.650000095367432,7.650000095367432,1614,0.0,0.0,2023-07-18
2728,2023-07-18 11:40:00-04:00,7.650000095367432,7.650000095367432,7.639999866485596,7.639999866485596,780,0.0,0.0,2023-07-18
2729,2023-07-18 11:45:00-04:00,7.630000114440918,7.635000228881836,7.630000114440918,7.635000228881836,605,0.0,0.0,2023-07-18
2730,2023-07-18 11:50:00-04:00,7.630000114440918,7.630000114440918,7.630000114440918,7.630000114440918,1249,0.0,0.0,2023-07-18
2731,2023-07-18 11:55:00-04:00,7.630000114440918,7.639999866485596,7.630000114440918,7.639999866485596,856,0.0,0.0,2023-07-18
2732,2023-07-18 12:00:00-04:00,7.639999866485596,7.639999866485596,7.630000114440918,7.630000114440918,1150,0.0,0.0,2023-07-18
2733,2023-07-18 12:05:00-04:00,7.630000114440918,7.630000114440918,7.630000114440918,7.630000114440918,104,0.0,0.0,2023-07-18
2734,2023-07-18 12:10:00-04:00,7.619999885559082,7.619999885559082,7.619999885559082,7.619999885559082,1448,0.0,0.0,2023-07-18
2735,2023-07-18 12:15:00-04:00,7.630000114440918,7.630000114440918,7.630000114440918,7.630000114440918,400,0.0,0.0,2023-07-18
2736,2023-07-18 12:20:00-04:00,7.635000228881836,7.635000228881836,7.630000114440918,7.630000114440918,690,0.0,0.0,2023-07-18
2737,2023-07-18 12:30:00-04:00,7.625,7.625,7.625,7.625,614,0.0,0.0,2023-07-18
2738,2023-07-18 12:35:00-04:00,7.610000133514404,7.619999885559082,7.610000133514404,7.610000133514404,1710,0.0,0.0,2023-07-18
2739,2023-07-18 12:40:00-04:00,7.610000133514404,7.610000133514404,7.610000133514404,7.610000133514404,1376,0.0,0.0,2023-07-18
2740,2023-07-18 12:45:00-04:00,7.610000133514404,7.610000133514404,7.599999904632568,7.599999904632568,3353,0.0,0.0,2023-07-18
2741,2023-07-18 12:50:00-04:00,7.599999904632568,7.599999904632568,7.599999904632568,7.599999904632568,100,0.0,0.0,2023-07-18
2742,2023-07-18 12:55:00-04:00,7.610000133514404,7.619999885559082,7.605000019073486,7.619999885559082,1365,0.0,0.0,2023-07-18
2743,2023-07-18 13:00:00-04:00,7.619999885559082,7.619999885559082,7.619999885559082,7.619999885559082,221,0.0,0.0,2023-07-18
2744,2023-07-18 13:05:00-04:00,7.619999885559082,7.619999885559082,7.610000133514404,7.614999771118164,846,0.0,0.0,2023-07-18
2745,2023-07-18 13:10:00-04:00,7.610000133514404,7.610099792480469,7.610000133514404,7.610099792480469,379,0.0,0.0,2023-07-18
2746,2023-07-18 13:15:00-04:00,7.614999771118164,7.614999771118164,7.614999771118164,7.614999771118164,212,0.0,0.0,2023-07-18
2747,2023-07-18 13:20:00-04:00,7.610000133514404,7.630000114440918,7.610000133514404,7.630000114440918,2379,0.0,0.0,2023-07-18
2748,2023-07-18 13:25:00-04:00,7.630000114440918,7.630000114440918,7.625,7.625,389,0.0,0.0,2023-07-18
2749,2023-07-18 13:30:00-04:00,7.619999885559082,7.619999885559082,7.590000152587891,7.590000152587891,2780,0.0,0.0,2023-07-18
2750,2023-07-18 13:35:00-04:00,7.590000152587891,7.59499979019165,7.590000152587891,7.59499979019165,1552,0.0,0.0,2023-07-18
2751,2023-07-18 13:40:00-04:00,7.599999904632568,7.610000133514404,7.599999904632568,7.605000019073486,1193,0.0,0.0,2023-07-18
2752,2023-07-18 13:45:00-04:00,7.605000019073486,7.605000019073486,7.605000019073486,7.605000019073486,107,0.0,0.0,2023-07-18
2753,2023-07-18 13:50:00-04:00,7.610000133514404,7.610000133514404,7.605000019073486,7.605000019073486,569,0.0,0.0,2023-07-18
2754,2023-07-18 13:55:00-04:00,7.599999904632568,7.599999904632568,7.590000152587891,7.590000152587891,708,0.0,0.0,2023-07-18
2755,2023-07-18 14:00:00-04:00,7.590000152587891,7.605000019073486,7.590000152587891,7.605000019073486,1389,0.0,0.0,2023-07-18
2756,2023-07-18 14:05:00-04:00,7.599999904632568,7.599999904632568,7.590000152587891,7.590000152587891,3036,0.0,0.0,2023-07-18
2757,2023-07-18 14:10:00-04:00,7.599999904632568,7.599999904632568,7.599999904632568,7.599999904632568,349,0.0,0.0,2023-07-18
2758,2023-07-18 14:15:00-04:00,7.599999904632568,7.599999904632568,7.59499979019165,7.59499979019165,459,0.0,0.0,2023-07-18
2759,2023-07-18 14:20:00-04:00,7.599999904632568,7.614999771118164,7.599999904632568,7.614999771118164,3698,0.0,0.0,2023-07-18
2760,2023-07-18 14:25:00-04:00,7.610000133514404,7.610000133514404,7.610000133514404,7.610000133514404,282,0.0,0.0,2023-07-18
2761,2023-07-18 14:30:00-04:00,7.619999885559082,7.619999885559082,7.619999885559082,7.619999885559082,907,0.0,0.0,2023-07-18
2762,2023-07-18 14:40:00-04:00,7.619999885559082,7.619999885559082,7.599999904632568,7.605000019073486,3430,0.0,0.0,2023-07-18
2763,2023-07-18 14:45:00-04:00,7.599999904632568,7.599999904632568,7.599999904632568,7.599999904632568,1231,0.0,0.0,2023-07-18
2764,2023-07-18 14:50:00-04:00,7.605000019073486,7.605000019073486,7.605000019073486,7.605000019073486,232,0.0,0.0,2023-07-18
2765,2023-07-18 14:55:00-04:00,7.599999904632568,7.599999904632568,7.599999904632568,7.599999904632568,315,0.0,0.0,2023-07-18
2766,2023-07-18 15:00:00-04:00,7.610000133514404,7.610000133514404,7.599999904632568,7.610000133514404,2759,0.0,0.0,2023-07-18
2767,2023-07-18 15:05:00-04:00,7.619999885559082,7.619999885559082,7.614999771118164,7.614999771118164,451,0.0,0.0,2023-07-18
2768,2023-07-18 15:10:00-04:00,7.619999885559082,7.619999885559082,7.619999885559082,7.619999885559082,330,0.0,0.0,2023-07-18
2769,2023-07-18 15:15:00-04:00,7.619999885559082,7.625,7.619999885559082,7.625,1581,0.0,0.0,2023-07-18
2770,2023-07-18 15:20:00-04:00,7.619999885559082,7.619999885559082,7.616799831390381,7.616799831390381,1856,0.0,0.0,2023-07-18
2771,2023-07-18 15:25:00-04:00,7.614999771118164,7.614999771118164,7.614999771118164,7.614999771118164,150,0.0,0.0,2023-07-18
2772,2023-07-18 15:30:00-04:00,7.610000133514404,7.614999771118164,7.605000019073486,7.614999771118164,4654,0.0,0.0,2023-07-18
2773,2023-07-18 15:35:00-04:00,7.614999771118164,7.614999771118164,7.610000133514404,7.614999771118164,2681,0.0,0.0,2023-07-18
2774,2023-07-18 15:40:00-04:00,7.619999885559082,7.619999885559082,7.614999771118164,7.614999771118164,464,0.0,0.0,2023-07-18
2775,2023-07-18 15:45:00-04:00,7.619999885559082,7.639999866485596,7.619999885559082,7.630000114440918,5525,0.0,0.0,2023-07-18
2776,2023-07-18 15:50:00-04:00,7.630000114440918,7.630000114440918,7.619999885559082,7.625,4897,0.0,0.0,2023-07-18
2777,2023-07-18 15:55:00-04:00,7.619999885559082,7.635000228881836,7.619999885559082,7.635000228881836,13601,0.0,0.0,2023-07-18
2778,2023-07-19 09:30:00-04:00,7.670000076293945,7.769999980926514,7.670000076293945,7.739999771118164,2272,0.0,0.0,2023-07-19
2779,2023-07-19 09:35:00-04:00,7.710000038146973,7.710000038146973,7.690000057220459,7.690000057220459,545,0.0,0.0,2023-07-19
2780,2023-07-19 09:40:00-04:00,7.695199966430664,7.695199966430664,7.670000076293945,7.679999828338623,1184,0.0,0.0,2023-07-19
2781,2023-07-19 09:45:00-04:00,7.690000057220459,7.71999979019165,7.690000057220459,7.715000152587891,3862,0.0,0.0,2023-07-19
2782,2023-07-19 09:55:00-04:00,7.735000133514404,7.739999771118164,7.710000038146973,7.71999979019165,1532,0.0,0.0,2023-07-19
2783,2023-07-19 10:00:00-04:00,7.724999904632568,7.724999904632568,7.715000152587891,7.715000152587891,393,0.0,0.0,2023-07-19
2784,2023-07-19 10:05:00-04:00,7.710000038146973,7.744999885559082,7.710000038146973,7.744999885559082,1394,0.0,0.0,2023-07-19
2785,2023-07-19 10:10:00-04:00,7.739999771118164,7.755000114440918,7.739999771118164,7.755000114440918,1388,0.0,0.0,2023-07-19
2786,2023-07-19 10:15:00-04:00,7.755000114440918,7.764999866485596,7.755000114440918,7.764999866485596,1402,0.0,0.0,2023-07-19
2787,2023-07-19 10:20:00-04:00,7.769999980926514,7.775000095367432,7.75,7.75,5926,0.0,0.0,2023-07-19
2788,2023-07-19 10:25:00-04:00,7.744999885559082,7.75,7.744999885559082,7.75,701,0.0,0.0,2023-07-19
2789,2023-07-19 10:30:00-04:00,7.744999885559082,7.744999885559082,7.744999885559082,7.744999885559082,221,0.0,0.0,2023-07-19
2790,2023-07-19 10:35:00-04:00,7.739999771118164,7.739999771118164,7.71999979019165,7.71999979019165,1242,0.0,0.0,2023-07-19
2791,2023-07-19 10:40:00-04:00,7.71999979019165,7.730000019073486,7.71999979019165,7.730000019073486,210,0.0,0.0,2023-07-19
2792,2023-07-19 10:45:00-04:00,7.724999904632568,7.730000019073486,7.724999904632568,7.724999904632568,831,0.0,0.0,2023-07-19
2793,2023-07-19 10:50:00-04:00,7.724999904632568,7.724999904632568,7.724999904632568,7.724999904632568,100,0.0,0.0,2023-07-19
2794,2023-07-19 10:55:00-04:00,7.71999979019165,7.730000019073486,7.71999979019165,7.724999904632568,1335,0.0,0.0,2023-07-19
2795,2023-07-19 11:00:00-04:00,7.724999904632568,7.724999904632568,7.71999979019165,7.724999904632568,1466,0.0,0.0,2023-07-19
2796,2023-07-19 11:05:00-04:00,7.724999904632568,7.724999904632568,7.724999904632568,7.724999904632568,845,0.0,0.0,2023-07-19
2797,2023-07-19 11:10:00-04:00,7.724999904632568,7.724999904632568,7.715000152587891,7.715000152587891,1129,0.0,0.0,2023-07-19
2798,2023-07-19 11:15:00-04:00,7.710000038146973,7.710000038146973,7.699999809265137,7.704999923706055,1269,0.0,0.0,2023-07-19
2799,2023-07-19 11:20:00-04:00,7.704999923706055,7.715000152587891,7.704999923706055,7.715000152587891,1735,0.0,0.0,2023-07-19
2800,2023-07-19 11:25:00-04:00,7.715000152587891,7.71999979019165,7.715000152587891,7.71999979019165,475,0.0,0.0,2023-07-19
2801,2023-07-19 11:35:00-04:00,7.730000019073486,7.730000019073486,7.71999979019165,7.730000019073486,1893,0.0,0.0,2023-07-19
2802,2023-07-19 11:40:00-04:00,7.724999904632568,7.724999904632568,7.724999904632568,7.724999904632568,348,0.0,0.0,2023-07-19
2803,2023-07-19 11:45:00-04:00,7.730000019073486,7.730000019073486,7.730000019073486,7.730000019073486,123,0.0,0.0,2023-07-19
2804,2023-07-19 11:50:00-04:00,7.724999904632568,7.724999904632568,7.724999904632568,7.724999904632568,369,0.0,0.0,2023-07-19
2805,2023-07-19 12:00:00-04:00,7.728899955749512,7.728899955749512,7.724999904632568,7.724999904632568,1162,0.0,0.0,2023-07-19
2806,2023-07-19 12:05:00-04:00,7.730000019073486,7.730000019073486,7.730000019073486,7.730000019073486,225,0.0,0.0,2023-07-19
2807,2023-07-19 12:10:00-04:00,7.730000019073486,7.739999771118164,7.730000019073486,7.735000133514404,1476,0.0,0.0,2023-07-19
2808,2023-07-19 12:15:00-04:00,7.739999771118164,7.744999885559082,7.739999771118164,7.744999885559082,1220,0.0,0.0,2023-07-19
2809,2023-07-19 12:20:00-04:00,7.739999771118164,7.739999771118164,7.739999771118164,7.739999771118164,259,0.0,0.0,2023-07-19
2810,2023-07-19 12:25:00-04:00,7.730000019073486,7.730000019073486,7.724999904632568,7.730000019073486,2568,0.0,0.0,2023-07-19
2811,2023-07-19 12:30:00-04:00,7.71999979019165,7.71999979019165,7.710000038146973,7.715000152587891,407,0.0,0.0,2023-07-19
2812,2023-07-19 12:35:00-04:00,7.710000038146973,7.710000038146973,7.704999923706055,7.704999923706055,613,0.0,0.0,2023-07-19
2813,2023-07-19 12:40:00-04:00,7.699999809265137,7.71999979019165,7.699999809265137,7.71999979019165,1448,0.0,0.0,2023-07-19
2814,2023-07-19 12:45:00-04:00,7.724999904632568,7.730000019073486,7.724999904632568,7.730000019073486,1036,0.0,0.0,2023-07-19
2815,2023-07-19 12:50:00-04:00,7.739999771118164,7.739999771118164,7.739999771118164,7.739999771118164,241,0.0,0.0,2023-07-19
2816,2023-07-19 12:55:00-04:00,7.739999771118164,7.744999885559082,7.735000133514404,7.735000133514404,1371,0.0,0.0,2023-07-19
2817,2023-07-19 13:00:00-04:00,7.735000133514404,7.735000133514404,7.735000133514404,7.735000133514404,540,0.0,0.0,2023-07-19
2818,2023-07-19 13:05:00-04:00,7.730000019073486,7.730000019073486,7.724999904632568,7.724999904632568,397,0.0,0.0,2023-07-19
2819,2023-07-19 13:10:00-04:00,7.71999979019165,7.724999904632568,7.71999979019165,7.724999904632568,270,0.0,0.0,2023-07-19
2820,2023-07-19 13:15:00-04:00,7.71999979019165,7.724999904632568,7.71999979019165,7.71999979019165,1039,0.0,0.0,2023-07-19
2821,2023-07-19 13:20:00-04:00,7.724999904632568,7.730000019073486,7.724999904632568,7.730000019073486,1334,0.0,0.0,2023-07-19
2822,2023-07-19 13:25:00-04:00,7.735000133514404,7.735000133514404,7.735000133514404,7.735000133514404,187,0.0,0.0,2023-07-19
2823,2023-07-19 13:30:00-04:00,7.735000133514404,7.735000133514404,7.735000133514404,7.735000133514404,574,0.0,0.0,2023-07-19
2824,2023-07-19 13:35:00-04:00,7.735000133514404,7.735000133514404,7.735000133514404,7.735000133514404,364,0.0,0.0,2023-07-19
2825,2023-07-19 13:40:00-04:00,7.730000019073486,7.739999771118164,7.730000019073486,7.739999771118164,326,0.0,0.0,2023-07-19
2826,2023-07-19 13:45:00-04:00,7.730000019073486,7.735000133514404,7.730000019073486,7.730000019073486,731,0.0,0.0,2023-07-19
2827,2023-07-19 13:50:00-04:00,7.735000133514404,7.735000133514404,7.730000019073486,7.735000133514404,2128,0.0,0.0,2023-07-19
2828,2023-07-19 13:55:00-04:00,7.730000019073486,7.730000019073486,7.730000019073486,7.730000019073486,108,0.0,0.0,2023-07-19
2829,2023-07-19 14:00:00-04:00,7.739999771118164,7.744999885559082,7.739999771118164,7.744999885559082,2025,0.0,0.0,2023-07-19
2830,2023-07-19 14:05:00-04:00,7.744999885559082,7.75,7.744999885559082,7.744999885559082,12217,0.0,0.0,2023-07-19
2831,2023-07-19 14:10:00-04:00,7.75,7.75,7.744999885559082,7.744999885559082,1627,0.0,0.0,2023-07-19
2832,2023-07-19 14:15:00-04:00,7.75,7.75,7.744999885559082,7.744999885559082,423,0.0,0.0,2023-07-19
2833,2023-07-19 14:20:00-04:00,7.744999885559082,7.75,7.744999885559082,7.75,1291,0.0,0.0,2023-07-19
2834,2023-07-19 14:25:00-04:00,7.75,7.75,7.75,7.75,728,0.0,0.0,2023-07-19
2835,2023-07-19 14:30:00-04:00,7.744999885559082,7.744999885559082,7.744999885559082,7.744999885559082,877,0.0,0.0,2023-07-19
2836,2023-07-19 14:35:00-04:00,7.739999771118164,7.744999885559082,7.739999771118164,7.744999885559082,1561,0.0,0.0,2023-07-19
2837,2023-07-19 14:40:00-04:00,7.744999885559082,7.744999885559082,7.744999885559082,7.744999885559082,658,0.0,0.0,2023-07-19
2838,2023-07-19 14:45:00-04:00,7.744999885559082,7.744999885559082,7.744999885559082,7.744999885559082,1814,0.0,0.0,2023-07-19
2839,2023-07-19 14:50:00-04:00,7.744999885559082,7.744999885559082,7.744999885559082,7.744999885559082,707,0.0,0.0,2023-07-19
2840,2023-07-19 14:55:00-04:00,7.744999885559082,7.744999885559082,7.739999771118164,7.744999885559082,1580,0.0,0.0,2023-07-19
2841,2023-07-19 15:00:00-04:00,7.744999885559082,7.75,7.744999885559082,7.75,5755,0.0,0.0,2023-07-19
2842,2023-07-19 15:05:00-04:00,7.760000228881836,7.769999980926514,7.760000228881836,7.769999980926514,1688,0.0,0.0,2023-07-19
2843,2023-07-19 15:10:00-04:00,7.764999866485596,7.775000095367432,7.764999866485596,7.775000095367432,1185,0.0,0.0,2023-07-19
2844,2023-07-19 15:15:00-04:00,7.78000020980835,7.784999847412109,7.78000020980835,7.784999847412109,1831,0.0,0.0,2023-07-19
2845,2023-07-19 15:20:00-04:00,7.78249979019165,7.784999847412109,7.78249979019165,7.784999847412109,620,0.0,0.0,2023-07-19
2846,2023-07-19 15:25:00-04:00,7.78249979019165,7.789999961853027,7.78000020980835,7.78000020980835,878,0.0,0.0,2023-07-19
2847,2023-07-19 15:30:00-04:00,7.784999847412109,7.784999847412109,7.769999980926514,7.775000095367432,5312,0.0,0.0,2023-07-19
2848,2023-07-19 15:35:00-04:00,7.775000095367432,7.78000020980835,7.772500038146973,7.78000020980835,1434,0.0,0.0,2023-07-19
2849,2023-07-19 15:40:00-04:00,7.78000020980835,7.800000190734863,7.78000020980835,7.795000076293945,5006,0.0,0.0,2023-07-19
2850,2023-07-19 15:45:00-04:00,7.795000076293945,7.809999942779541,7.789999961853027,7.804999828338623,7518,0.0,0.0,2023-07-19
2851,2023-07-19 15:50:00-04:00,7.809000015258789,7.809999942779541,7.800000190734863,7.804999828338623,8895,0.0,0.0,2023-07-19
2852,2023-07-19 15:55:00-04:00,7.804999828338623,7.820000171661377,7.800000190734863,7.815000057220459,15235,0.0,0.0,2023-07-19
2853,2023-07-20 09:30:00-04:00,7.880000114440918,7.880000114440918,7.789999961853027,7.809999942779541,3872,0.0,0.0,2023-07-20
2854,2023-07-20 09:35:00-04:00,7.820000171661377,7.820000171661377,7.789999961853027,7.809999942779541,717,0.0,0.0,2023-07-20
2855,2023-07-20 09:40:00-04:00,7.789999961853027,7.800000190734863,7.764999866485596,7.764999866485596,1573,0.0,0.0,2023-07-20
2856,2023-07-20 09:45:00-04:00,7.75,7.760000228881836,7.735000133514404,7.760000228881836,1625,0.0,0.0,2023-07-20
2857,2023-07-20 09:50:00-04:00,7.769999980926514,7.78000020980835,7.769999980926514,7.769999980926514,3629,0.0,0.0,2023-07-20
2858,2023-07-20 09:55:00-04:00,7.78000020980835,7.78000020980835,7.766200065612793,7.769999980926514,1914,0.0,0.0,2023-07-20
2859,2023-07-20 10:00:00-04:00,7.764999866485596,7.764999866485596,7.760000228881836,7.760000228881836,442,0.0,0.0,2023-07-20
2860,2023-07-20 10:05:00-04:00,7.75,7.764999866485596,7.75,7.75,1448,0.0,0.0,2023-07-20
2861,2023-07-20 10:10:00-04:00,7.739999771118164,7.739999771118164,7.71999979019165,7.722700119018555,1415,0.0,0.0,2023-07-20
2862,2023-07-20 10:15:00-04:00,7.71999979019165,7.71999979019165,7.704999923706055,7.71999979019165,2054,0.0,0.0,2023-07-20
2863,2023-07-20 10:20:00-04:00,7.71999979019165,7.71999979019165,7.699999809265137,7.699999809265137,3225,0.0,0.0,2023-07-20
2864,2023-07-20 10:25:00-04:00,7.690000057220459,7.690000057220459,7.690000057220459,7.690000057220459,115,0.0,0.0,2023-07-20
2865,2023-07-20 10:30:00-04:00,7.695000171661377,7.695000171661377,7.679999828338623,7.679999828338623,1527,0.0,0.0,2023-07-20
2866,2023-07-20 10:35:00-04:00,7.679999828338623,7.679999828338623,7.670000076293945,7.670000076293945,4024,0.0,0.0,2023-07-20
2867,2023-07-20 10:40:00-04:00,7.659999847412109,7.659999847412109,7.650000095367432,7.650000095367432,1501,0.0,0.0,2023-07-20
2868,2023-07-20 10:45:00-04:00,7.65500020980835,7.65500020980835,7.644999980926514,7.644999980926514,438,0.0,0.0,2023-07-20
2869,2023-07-20 10:50:00-04:00,7.650000095367432,7.670000076293945,7.650000095367432,7.670000076293945,1131,0.0,0.0,2023-07-20
2870,2023-07-20 10:55:00-04:00,7.670000076293945,7.670000076293945,7.65500020980835,7.65500020980835,1002,0.0,0.0,2023-07-20
2871,2023-07-20 11:00:00-04:00,7.670000076293945,7.670000076293945,7.670000076293945,7.670000076293945,770,0.0,0.0,2023-07-20
2872,2023-07-20 11:05:00-04:00,7.670000076293945,7.670000076293945,7.65500020980835,7.65500020980835,1738,0.0,0.0,2023-07-20
2873,2023-07-20 11:10:00-04:00,7.65500020980835,7.65500020980835,7.65500020980835,7.65500020980835,403,0.0,0.0,2023-07-20
2874,2023-07-20 11:20:00-04:00,7.650000095367432,7.650000095367432,7.639999866485596,7.639999866485596,1236,0.0,0.0,2023-07-20
2875,2023-07-20 11:25:00-04:00,7.639999866485596,7.639999866485596,7.639999866485596,7.639999866485596,588,0.0,0.0,2023-07-20
2876,2023-07-20 11:30:00-04:00,7.639999866485596,7.639999866485596,7.639999866485596,7.639999866485596,178,0.0,0.0,2023-07-20
2877,2023-07-20 11:35:00-04:00,7.639999866485596,7.639999866485596,7.639999866485596,7.639999866485596,566,0.0,0.0,2023-07-20
2878,2023-07-20 11:40:00-04:00,7.639999866485596,7.644999980926514,7.639999866485596,7.644999980926514,441,0.0,0.0,2023-07-20
2879,2023-07-20 11:45:00-04:00,7.639999866485596,7.670000076293945,7.639999866485596,7.670000076293945,5970,0.0,0.0,2023-07-20
2880,2023-07-20 11:50:00-04:00,7.690000057220459,7.690000057220459,7.690000057220459,7.690000057220459,1287,0.0,0.0,2023-07-20
2881,2023-07-20 11:55:00-04:00,7.699999809265137,7.710000038146973,7.699999809265137,7.704999923706055,1771,0.0,0.0,2023-07-20
2882,2023-07-20 12:00:00-04:00,7.704999923706055,7.71999979019165,7.704999923706055,7.71999979019165,1033,0.0,0.0,2023-07-20
2883,2023-07-20 12:05:00-04:00,7.710000038146973,7.71999979019165,7.710000038146973,7.71999979019165,2441,0.0,0.0,2023-07-20
2884,2023-07-20 12:10:00-04:00,7.730000019073486,7.730000019073486,7.730000019073486,7.730000019073486,364,0.0,0.0,2023-07-20
2885,2023-07-20 12:15:00-04:00,7.71999979019165,7.71999979019165,7.71999979019165,7.71999979019165,866,0.0,0.0,2023-07-20
2886,2023-07-20 12:20:00-04:00,7.710000038146973,7.710000038146973,7.704999923706055,7.704999923706055,746,0.0,0.0,2023-07-20
2887,2023-07-20 12:25:00-04:00,7.699999809265137,7.710000038146973,7.699999809265137,7.710000038146973,908,0.0,0.0,2023-07-20
2888,2023-07-20 12:30:00-04:00,7.710000038146973,7.710000038146973,7.704999923706055,7.710000038146973,2974,0.0,0.0,2023-07-20
2889,2023-07-20 12:35:00-04:00,7.704999923706055,7.704999923706055,7.699999809265137,7.699999809265137,225,0.0,0.0,2023-07-20
2890,2023-07-20 12:40:00-04:00,7.710000038146973,7.715000152587891,7.710000038146973,7.710000038146973,1193,0.0,0.0,2023-07-20
2891,2023-07-20 12:50:00-04:00,7.710000038146973,7.710000038146973,7.710000038146973,7.710000038146973,123,0.0,0.0,2023-07-20
2892,2023-07-20 12:55:00-04:00,7.710000038146973,7.710000038146973,7.710000038146973,7.710000038146973,515,0.0,0.0,2023-07-20
2893,2023-07-20 13:05:00-04:00,7.699999809265137,7.699999809265137,7.695000171661377,7.699999809265137,1349,0.0,0.0,2023-07-20
2894,2023-07-20 13:10:00-04:00,7.699999809265137,7.704999923706055,7.699999809265137,7.704999923706055,251,0.0,0.0,2023-07-20
2895,2023-07-20 13:15:00-04:00,7.699999809265137,7.699999809265137,7.695000171661377,7.695000171661377,673,0.0,0.0,2023-07-20
2896,2023-07-20 13:20:00-04:00,7.695000171661377,7.695000171661377,7.695000171661377,7.695000171661377,156,0.0,0.0,2023-07-20
2897,2023-07-20 13:30:00-04:00,7.695000171661377,7.695000171661377,7.690000057220459,7.690000057220459,206,0.0,0.0,2023-07-20
2898,2023-07-20 13:35:00-04:00,7.695000171661377,7.695000171661377,7.690000057220459,7.695000171661377,1086,0.0,0.0,2023-07-20
2899,2023-07-20 13:40:00-04:00,7.695000171661377,7.704999923706055,7.695000171661377,7.704999923706055,2677,0.0,0.0,2023-07-20
2900,2023-07-20 13:45:00-04:00,7.704999923706055,7.704999923706055,7.704999923706055,7.704999923706055,290,0.0,0.0,2023-07-20
2901,2023-07-20 13:50:00-04:00,7.710000038146973,7.710000038146973,7.710000038146973,7.710000038146973,192,0.0,0.0,2023-07-20
2902,2023-07-20 14:00:00-04:00,7.699999809265137,7.699999809265137,7.699999809265137,7.699999809265137,104,0.0,0.0,2023-07-20
2903,2023-07-20 14:05:00-04:00,7.704999923706055,7.710000038146973,7.704999923706055,7.704999923706055,519,0.0,0.0,2023-07-20
2904,2023-07-20 14:10:00-04:00,7.702499866485596,7.704999923706055,7.699999809265137,7.699999809265137,584,0.0,0.0,2023-07-20
2905,2023-07-20 14:15:00-04:00,7.704999923706055,7.704999923706055,7.699999809265137,7.704999923706055,623,0.0,0.0,2023-07-20
2906,2023-07-20 14:20:00-04:00,7.704999923706055,7.71999979019165,7.699999809265137,7.71999979019165,2388,0.0,0.0,2023-07-20
2907,2023-07-20 14:25:00-04:00,7.715000152587891,7.715000152587891,7.710000038146973,7.710000038146973,4763,0.0,0.0,2023-07-20
2908,2023-07-20 14:30:00-04:00,7.715000152587891,7.71999979019165,7.715000152587891,7.71999979019165,1206,0.0,0.0,2023-07-20
2909,2023-07-20 14:35:00-04:00,7.730000019073486,7.739999771118164,7.730000019073486,7.739999771118164,1029,0.0,0.0,2023-07-20
2910,2023-07-20 14:40:00-04:00,7.744999885559082,7.744999885559082,7.739999771118164,7.739999771118164,1736,0.0,0.0,2023-07-20
2911,2023-07-20 14:45:00-04:00,7.735000133514404,7.744999885559082,7.735000133514404,7.744999885559082,993,0.0,0.0,2023-07-20
2912,2023-07-20 14:50:00-04:00,7.75,7.75,7.749899864196777,7.749899864196777,914,0.0,0.0,2023-07-20
2913,2023-07-20 14:55:00-04:00,7.739999771118164,7.744999885559082,7.735000133514404,7.744999885559082,5027,0.0,0.0,2023-07-20
2914,2023-07-20 15:00:00-04:00,7.75,7.755000114440918,7.75,7.75,2833,0.0,0.0,2023-07-20
2915,2023-07-20 15:05:00-04:00,7.75,7.760000228881836,7.75,7.760000228881836,1815,0.0,0.0,2023-07-20
2916,2023-07-20 15:10:00-04:00,7.755000114440918,7.755000114440918,7.755000114440918,7.755000114440918,580,0.0,0.0,2023-07-20
2917,2023-07-20 15:15:00-04:00,7.755000114440918,7.755000114440918,7.744999885559082,7.744999885559082,1564,0.0,0.0,2023-07-20
2918,2023-07-20 15:20:00-04:00,7.739999771118164,7.739999771118164,7.735000133514404,7.739999771118164,1281,0.0,0.0,2023-07-20
2919,2023-07-20 15:25:00-04:00,7.742499828338623,7.744999885559082,7.742499828338623,7.744999885559082,315,0.0,0.0,2023-07-20
2920,2023-07-20 15:30:00-04:00,7.744999885559082,7.744999885559082,7.739999771118164,7.744999885559082,887,0.0,0.0,2023-07-20
2921,2023-07-20 15:35:00-04:00,7.739999771118164,7.744999885559082,7.739999771118164,7.739999771118164,1053,0.0,0.0,2023-07-20
2922,2023-07-20 15:40:00-04:00,7.742499828338623,7.75,7.739999771118164,7.739999771118164,2098,0.0,0.0,2023-07-20
2923,2023-07-20 15:45:00-04:00,7.744999885559082,7.764999866485596,7.742499828338623,7.764999866485596,4078,0.0,0.0,2023-07-20
2924,2023-07-20 15:50:00-04:00,7.764999866485596,7.769999980926514,7.744999885559082,7.744999885559082,13813,0.0,0.0,2023-07-20
2925,2023-07-20 15:55:00-04:00,7.75,7.760000228881836,7.75,7.75,10636,0.0,0.0,2023-07-20
2926,2023-07-21 09:30:00-04:00,7.769999980926514,7.829999923706055,7.769999980926514,7.829999923706055,26844,0.0,0.0,2023-07-21
2927,2023-07-21 09:35:00-04:00,7.78000020980835,7.78000020980835,7.78000020980835,7.78000020980835,527,0.0,0.0,2023-07-21
2928,2023-07-21 09:40:00-04:00,7.769999980926514,7.769999980926514,7.760000228881836,7.760000228881836,774,0.0,0.0,2023-07-21
2929,2023-07-21 09:45:00-04:00,7.739999771118164,7.739999771118164,7.730000019073486,7.730000019073486,324,0.0,0.0,2023-07-21
2930,2023-07-21 09:50:00-04:00,7.71999979019165,7.71999979019165,7.71999979019165,7.71999979019165,588,0.0,0.0,2023-07-21
2931,2023-07-21 10:00:00-04:00,7.739999771118164,7.739999771118164,7.730000019073486,7.730000019073486,977,0.0,0.0,2023-07-21
2932,2023-07-21 10:05:00-04:00,7.739999771118164,7.75,7.739999771118164,7.75,735,0.0,0.0,2023-07-21
2933,2023-07-21 10:10:00-04:00,7.769999980926514,7.78000020980835,7.769999980926514,7.78000020980835,444,0.0,0.0,2023-07-21
2934,2023-07-21 10:15:00-04:00,7.78000020980835,7.78000020980835,7.78000020980835,7.78000020980835,397,0.0,0.0,2023-07-21
2935,2023-07-21 10:20:00-04:00,7.784999847412109,7.784999847412109,7.775000095367432,7.775000095367432,817,0.0,0.0,2023-07-21
2936,2023-07-21 10:25:00-04:00,7.769999980926514,7.769999980926514,7.764999866485596,7.764999866485596,1280,0.0,0.0,2023-07-21
2937,2023-07-21 10:30:00-04:00,7.760000228881836,7.760000228881836,7.755000114440918,7.755000114440918,3114,0.0,0.0,2023-07-21
2938,2023-07-21 10:35:00-04:00,7.760000228881836,7.764999866485596,7.755000114440918,7.764999866485596,473,0.0,0.0,2023-07-21
2939,2023-07-21 10:40:00-04:00,7.769999980926514,7.769999980926514,7.764999866485596,7.764999866485596,700,0.0,0.0,2023-07-21
2940,2023-07-21 10:45:00-04:00,7.769999980926514,7.769999980926514,7.744999885559082,7.744999885559082,999,0.0,0.0,2023-07-21
2941,2023-07-21 10:55:00-04:00,7.739999771118164,7.739999771118164,7.724999904632568,7.730000019073486,1939,0.0,0.0,2023-07-21
2942,2023-07-21 11:05:00-04:00,7.730000019073486,7.735000133514404,7.724999904632568,7.735000133514404,1978,0.0,0.0,2023-07-21
2943,2023-07-21 11:10:00-04:00,7.724999904632568,7.730000019073486,7.724999904632568,7.724999904632568,659,0.0,0.0,2023-07-21
2944,2023-07-21 11:15:00-04:00,7.735000133514404,7.739999771118164,7.735000133514404,7.735000133514404,783,0.0,0.0,2023-07-21
2945,2023-07-21 11:20:00-04:00,7.75,7.75,7.739999771118164,7.739999771118164,702,0.0,0.0,2023-07-21
2946,2023-07-21 11:25:00-04:00,7.735000133514404,7.735000133514404,7.735000133514404,7.735000133514404,203,0.0,0.0,2023-07-21
2947,2023-07-21 11:30:00-04:00,7.735000133514404,7.735000133514404,7.735000133514404,7.735000133514404,100,0.0,0.0,2023-07-21
2948,2023-07-21 11:35:00-04:00,7.735000133514404,7.735000133514404,7.735000133514404,7.735000133514404,241,0.0,0.0,2023-07-21
2949,2023-07-21 11:40:00-04:00,7.739999771118164,7.744999885559082,7.735000133514404,7.744999885559082,4697,0.0,0.0,2023-07-21
2950,2023-07-21 11:45:00-04:00,7.75,7.755000114440918,7.744999885559082,7.755000114440918,1633,0.0,0.0,2023-07-21
2951,2023-07-21 11:50:00-04:00,7.760000228881836,7.760000228881836,7.760000228881836,7.760000228881836,1242,0.0,0.0,2023-07-21
2952,2023-07-21 11:55:00-04:00,7.760000228881836,7.760000228881836,7.755000114440918,7.755000114440918,381,0.0,0.0,2023-07-21
2953,2023-07-21 12:00:00-04:00,7.755000114440918,7.760000228881836,7.755000114440918,7.760000228881836,378,0.0,0.0,2023-07-21
2954,2023-07-21 12:15:00-04:00,7.755000114440918,7.755000114440918,7.755000114440918,7.755000114440918,163,0.0,0.0,2023-07-21
2955,2023-07-21 12:20:00-04:00,7.760000228881836,7.760000228881836,7.755000114440918,7.755000114440918,415,0.0,0.0,2023-07-21
2956,2023-07-21 12:25:00-04:00,7.755000114440918,7.755000114440918,7.739999771118164,7.739999771118164,1952,0.0,0.0,2023-07-21
2957,2023-07-21 12:30:00-04:00,7.735000133514404,7.735000133514404,7.730400085449219,7.730400085449219,1848,0.0,0.0,2023-07-21
2958,2023-07-21 12:35:00-04:00,7.724999904632568,7.724999904632568,7.724999904632568,7.724999904632568,199,0.0,0.0,2023-07-21
2959,2023-07-21 12:40:00-04:00,7.71999979019165,7.730000019073486,7.71999979019165,7.730000019073486,3152,0.0,0.0,2023-07-21
2960,2023-07-21 12:50:00-04:00,7.730000019073486,7.730000019073486,7.71999979019165,7.724999904632568,2025,0.0,0.0,2023-07-21
2961,2023-07-21 12:55:00-04:00,7.730000019073486,7.735000133514404,7.730000019073486,7.735000133514404,425,0.0,0.0,2023-07-21
2962,2023-07-21 13:05:00-04:00,7.735000133514404,7.739999771118164,7.735000133514404,7.735000133514404,758,0.0,0.0,2023-07-21
2963,2023-07-21 13:20:00-04:00,7.735000133514404,7.735000133514404,7.735000133514404,7.735000133514404,174,0.0,0.0,2023-07-21
2964,2023-07-21 13:25:00-04:00,7.730000019073486,7.730000019073486,7.724999904632568,7.724999904632568,1429,0.0,0.0,2023-07-21
2965,2023-07-21 13:30:00-04:00,7.724999904632568,7.724999904632568,7.724999904632568,7.724999904632568,155,0.0,0.0,2023-07-21
2966,2023-07-21 13:35:00-04:00,7.730000019073486,7.730000019073486,7.730000019073486,7.730000019073486,969,0.0,0.0,2023-07-21
2967,2023-07-21 13:45:00-04:00,7.735000133514404,7.735000133514404,7.735000133514404,7.735000133514404,254,0.0,0.0,2023-07-21
2968,2023-07-21 13:50:00-04:00,7.735000133514404,7.735000133514404,7.735000133514404,7.735000133514404,835,0.0,0.0,2023-07-21
2969,2023-07-21 13:55:00-04:00,7.735000133514404,7.735000133514404,7.71999979019165,7.724999904632568,5129,0.0,0.0,2023-07-21
2970,2023-07-21 14:00:00-04:00,7.724999904632568,7.724999904632568,7.724999904632568,7.724999904632568,286,0.0,0.0,2023-07-21
2971,2023-07-21 14:05:00-04:00,7.724999904632568,7.724999904632568,7.724999904632568,7.724999904632568,261,0.0,0.0,2023-07-21
2972,2023-07-21 14:10:00-04:00,7.724999904632568,7.724999904632568,7.715000152587891,7.715000152587891,1637,0.0,0.0,2023-07-21
2973,2023-07-21 14:30:00-04:00,7.715000152587891,7.715000152587891,7.704999923706055,7.710000038146973,2175,0.0,0.0,2023-07-21
2974,2023-07-21 14:35:00-04:00,7.71999979019165,7.71999979019165,7.715000152587891,7.715000152587891,350,0.0,0.0,2023-07-21
2975,2023-07-21 14:40:00-04:00,7.715000152587891,7.715000152587891,7.715000152587891,7.715000152587891,806,0.0,0.0,2023-07-21
2976,2023-07-21 14:45:00-04:00,7.715000152587891,7.715000152587891,7.715000152587891,7.715000152587891,190,0.0,0.0,2023-07-21
2977,2023-07-21 14:50:00-04:00,7.715000152587891,7.71999979019165,7.715000152587891,7.715000152587891,504,0.0,0.0,2023-07-21
2978,2023-07-21 14:55:00-04:00,7.710000038146973,7.710000038146973,7.699999809265137,7.699999809265137,3149,0.0,0.0,2023-07-21
2979,2023-07-21 15:05:00-04:00,7.699999809265137,7.710000038146973,7.695000171661377,7.699999809265137,4345,0.0,0.0,2023-07-21
2980,2023-07-21 15:10:00-04:00,7.699999809265137,7.707499980926514,7.695000171661377,7.704999923706055,2754,0.0,0.0,2023-07-21
2981,2023-07-21 15:15:00-04:00,7.710000038146973,7.710000038146973,7.704999923706055,7.704999923706055,417,0.0,0.0,2023-07-21
2982,2023-07-21 15:20:00-04:00,7.704999923706055,7.704999923706055,7.704999923706055,7.704999923706055,461,0.0,0.0,2023-07-21
2983,2023-07-21 15:25:00-04:00,7.704999923706055,7.704999923706055,7.704999923706055,7.704999923706055,672,0.0,0.0,2023-07-21
2984,2023-07-21 15:30:00-04:00,7.704999923706055,7.704999923706055,7.704999923706055,7.704999923706055,910,0.0,0.0,2023-07-21
2985,2023-07-21 15:35:00-04:00,7.704999923706055,7.704999923706055,7.704999923706055,7.704999923706055,446,0.0,0.0,2023-07-21
2986,2023-07-21 15:40:00-04:00,7.704999923706055,7.704999923706055,7.699999809265137,7.704999923706055,1834,0.0,0.0,2023-07-21
2987,2023-07-21 15:45:00-04:00,7.699999809265137,7.699999809265137,7.690000057220459,7.695000171661377,6522,0.0,0.0,2023-07-21
2988,2023-07-21 15:50:00-04:00,7.690000057220459,7.699999809265137,7.690000057220459,7.690000057220459,8653,0.0,0.0,2023-07-21
2989,2023-07-21 15:55:00-04:00,7.684999942779541,7.684999942779541,7.670000076293945,7.675000190734863,11760,0.0,0.0,2023-07-21
