,Timestamp,Open,High,Low,Close,Volume,Dividends,Stock Splits,Date
0,2023-05-24 09:30:00-04:00,14.680000305175781,14.699999809265137,14.680000305175781,14.6899995803833,17336,0.0,0.0,2023-05-24
1,2023-05-24 09:35:00-04:00,14.6899995803833,14.699999809265137,14.680000305175781,14.6850004196167,3656,0.0,0.0,2023-05-24
2,2023-05-24 09:40:00-04:00,14.680000305175781,14.6899995803833,14.680000305175781,14.680000305175781,5225,0.0,0.0,2023-05-24
3,2023-05-24 09:45:00-04:00,14.680000305175781,14.6899995803833,14.680000305175781,14.6899995803833,464453,0.0,0.0,2023-05-24
4,2023-05-24 09:50:00-04:00,14.6899995803833,14.6899995803833,14.680000305175781,14.6899995803833,717,0.0,0.0,2023-05-24
5,2023-05-24 09:55:00-04:00,14.6899995803833,14.6899995803833,14.680000305175781,14.6850004196167,250555,0.0,0.0,2023-05-24
6,2023-05-24 10:05:00-04:00,14.6850004196167,14.6899995803833,14.680000305175781,14.6850004196167,6254,0.0,0.0,2023-05-24
7,2023-05-24 10:10:00-04:00,14.6899995803833,14.6899995803833,14.680000305175781,14.6899995803833,9618,0.0,0.0,2023-05-24
8,2023-05-24 10:15:00-04:00,14.6899995803833,14.699999809265137,14.680100440979004,14.699999809265137,20264,0.0,0.0,2023-05-24
9,2023-05-24 10:20:00-04:00,14.699999809265137,14.699999809265137,14.6899995803833,14.699999809265137,4465,0.0,0.0,2023-05-24
10,2023-05-24 10:25:00-04:00,14.6899995803833,14.699999809265137,14.6899995803833,14.6899995803833,21156,0.0,0.0,2023-05-24
11,2023-05-24 10:30:00-04:00,14.699999809265137,14.699999809265137,14.690899848937988,14.699999809265137,2792,0.0,0.0,2023-05-24
12,2023-05-24 10:35:00-04:00,14.699999809265137,14.699999809265137,14.6899995803833,14.699999809265137,1730,0.0,0.0,2023-05-24
13,2023-05-24 10:40:00-04:00,14.699999809265137,14.699999809265137,14.699999809265137,14.699999809265137,313,0.0,0.0,2023-05-24
14,2023-05-24 10:45:00-04:00,14.694999694824219,14.699999809265137,14.6899995803833,14.6899995803833,6644,0.0,0.0,2023-05-24
15,2023-05-24 10:50:00-04:00,14.694999694824219,14.699999809265137,14.6899995803833,14.690099716186523,1593,0.0,0.0,2023-05-24
16,2023-05-24 10:55:00-04:00,14.6899995803833,14.6899995803833,14.6899995803833,14.6899995803833,3166,0.0,0.0,2023-05-24
17,2023-05-24 11:00:00-04:00,14.6899995803833,14.6899995803833,14.680000305175781,14.680000305175781,14068,0.0,0.0,2023-05-24
18,2023-05-24 11:05:00-04:00,14.680000305175781,14.680000305175781,14.680000305175781,14.680000305175781,686,0.0,0.0,2023-05-24
19,2023-05-24 11:10:00-04:00,14.680000305175781,14.6850004196167,14.680000305175781,14.6850004196167,5508,0.0,0.0,2023-05-24
20,2023-05-24 11:15:00-04:00,14.6850004196167,14.6850004196167,14.680000305175781,14.680000305175781,805,0.0,0.0,2023-05-24
21,2023-05-24 11:20:00-04:00,14.6899995803833,14.6899995803833,14.680000305175781,14.6850004196167,1661,0.0,0.0,2023-05-24
22,2023-05-24 11:25:00-04:00,14.6850004196167,14.6899995803833,14.680000305175781,14.6899995803833,10649,0.0,0.0,2023-05-24
23,2023-05-24 11:30:00-04:00,14.6899995803833,14.6899995803833,14.6850004196167,14.6850004196167,844,0.0,0.0,2023-05-24
24,2023-05-24 11:35:00-04:00,14.6899995803833,14.6899995803833,14.680000305175781,14.6899995803833,12021,0.0,0.0,2023-05-24
25,2023-05-24 11:40:00-04:00,14.6850004196167,14.6899995803833,14.680000305175781,14.6899995803833,2114,0.0,0.0,2023-05-24
26,2023-05-24 11:45:00-04:00,14.6899995803833,14.6899995803833,14.680000305175781,14.6899995803833,1822,0.0,0.0,2023-05-24
27,2023-05-24 11:50:00-04:00,14.6899995803833,14.6899995803833,14.680000305175781,14.6899995803833,3595,0.0,0.0,2023-05-24
28,2023-05-24 11:55:00-04:00,14.6899995803833,14.6899995803833,14.6850004196167,14.6899995803833,761,0.0,0.0,2023-05-24
29,2023-05-24 12:00:00-04:00,14.6899995803833,14.6899995803833,14.6850004196167,14.6899995803833,60060,0.0,0.0,2023-05-24
30,2023-05-24 12:05:00-04:00,14.6899995803833,14.699999809265137,14.6899995803833,14.6899995803833,17262,0.0,0.0,2023-05-24
31,2023-05-24 12:10:00-04:00,14.6899995803833,14.694999694824219,14.6899995803833,14.6899995803833,15608,0.0,0.0,2023-05-24
32,2023-05-24 12:15:00-04:00,14.6899995803833,14.694999694824219,14.6899995803833,14.6899995803833,17862,0.0,0.0,2023-05-24
33,2023-05-24 12:20:00-04:00,14.6899995803833,14.6899995803833,14.6850004196167,14.6899995803833,1834,0.0,0.0,2023-05-24
34,2023-05-24 12:30:00-04:00,14.6899995803833,14.6899995803833,14.6899995803833,14.6899995803833,360,0.0,0.0,2023-05-24
35,2023-05-24 12:35:00-04:00,14.6850004196167,14.6899995803833,14.680000305175781,14.6899995803833,1773,0.0,0.0,2023-05-24
36,2023-05-24 12:40:00-04:00,14.6899995803833,14.6899995803833,14.6850004196167,14.6899995803833,754,0.0,0.0,2023-05-24
37,2023-05-24 12:45:00-04:00,14.6899995803833,14.6899995803833,14.6850004196167,14.6899995803833,1303,0.0,0.0,2023-05-24
38,2023-05-24 12:50:00-04:00,14.6899995803833,14.6899995803833,14.6899995803833,14.6899995803833,895,0.0,0.0,2023-05-24
39,2023-05-24 12:55:00-04:00,14.6899995803833,14.6899995803833,14.680000305175781,14.680000305175781,1468,0.0,0.0,2023-05-24
40,2023-05-24 13:00:00-04:00,14.6899995803833,14.6899995803833,14.680000305175781,14.6899995803833,4305,0.0,0.0,2023-05-24
41,2023-05-24 13:05:00-04:00,14.6850004196167,14.6899995803833,14.680000305175781,14.6899995803833,3348,0.0,0.0,2023-05-24
42,2023-05-24 13:10:00-04:00,14.680000305175781,14.6899995803833,14.680000305175781,14.6899995803833,40873,0.0,0.0,2023-05-24
43,2023-05-24 13:15:00-04:00,14.6899995803833,14.6899995803833,14.680000305175781,14.6899995803833,6864,0.0,0.0,2023-05-24
44,2023-05-24 13:20:00-04:00,14.6899995803833,14.6899995803833,14.6850004196167,14.6899995803833,1690,0.0,0.0,2023-05-24
45,2023-05-24 13:25:00-04:00,14.680000305175781,14.6899995803833,14.680000305175781,14.6899995803833,4274,0.0,0.0,2023-05-24
46,2023-05-24 13:30:00-04:00,14.6899995803833,14.6899995803833,14.6899995803833,14.6899995803833,216,0.0,0.0,2023-05-24
47,2023-05-24 13:35:00-04:00,14.6899995803833,14.6899995803833,14.6899995803833,14.6899995803833,942,0.0,0.0,2023-05-24
48,2023-05-24 13:40:00-04:00,14.6850004196167,14.6899995803833,14.680000305175781,14.680000305175781,2022,0.0,0.0,2023-05-24
49,2023-05-24 13:45:00-04:00,14.6899995803833,14.6899995803833,14.680000305175781,14.6899995803833,2406,0.0,0.0,2023-05-24
50,2023-05-24 13:50:00-04:00,14.6899995803833,14.6899995803833,14.6899995803833,14.6899995803833,308,0.0,0.0,2023-05-24
51,2023-05-24 13:55:00-04:00,14.680000305175781,14.6899995803833,14.680000305175781,14.6850004196167,1312,0.0,0.0,2023-05-24
52,2023-05-24 14:00:00-04:00,14.6899995803833,14.6899995803833,14.6899995803833,14.6899995803833,647,0.0,0.0,2023-05-24
53,2023-05-24 14:05:00-04:00,14.6850004196167,14.6850004196167,14.654999732971191,14.664999961853027,67966,0.0,0.0,2023-05-24
54,2023-05-24 14:10:00-04:00,14.670000076293945,14.670000076293945,14.670000076293945,14.670000076293945,352,0.0,0.0,2023-05-24
55,2023-05-24 14:15:00-04:00,14.65999984741211,14.680000305175781,14.65999984741211,14.680000305175781,8936,0.0,0.0,2023-05-24
56,2023-05-24 14:20:00-04:00,14.680000305175781,14.680000305175781,14.675000190734863,14.675000190734863,865,0.0,0.0,2023-05-24
57,2023-05-24 14:25:00-04:00,14.680000305175781,14.680000305175781,14.670000076293945,14.675000190734863,1987,0.0,0.0,2023-05-24
58,2023-05-24 14:30:00-04:00,14.675000190734863,14.680000305175781,14.675000190734863,14.680000305175781,1145,0.0,0.0,2023-05-24
59,2023-05-24 14:35:00-04:00,14.680000305175781,14.680000305175781,14.680000305175781,14.680000305175781,3259,0.0,0.0,2023-05-24
60,2023-05-24 14:40:00-04:00,14.680000305175781,14.680000305175781,14.675000190734863,14.675000190734863,2454,0.0,0.0,2023-05-24
61,2023-05-24 14:45:00-04:00,14.680000305175781,14.680000305175781,14.675000190734863,14.680000305175781,1898,0.0,0.0,2023-05-24
62,2023-05-24 14:50:00-04:00,14.675000190734863,14.680000305175781,14.670000076293945,14.675000190734863,1746,0.0,0.0,2023-05-24
63,2023-05-24 14:55:00-04:00,14.670000076293945,14.680000305175781,14.670000076293945,14.680000305175781,10277,0.0,0.0,2023-05-24
64,2023-05-24 15:00:00-04:00,14.680000305175781,14.6899995803833,14.680000305175781,14.6899995803833,5494,0.0,0.0,2023-05-24
65,2023-05-24 15:05:00-04:00,14.6899995803833,14.6899995803833,14.6850004196167,14.6899995803833,1015,0.0,0.0,2023-05-24
66,2023-05-24 15:10:00-04:00,14.6850004196167,14.6899995803833,14.680000305175781,14.6899995803833,1753,0.0,0.0,2023-05-24
67,2023-05-24 15:15:00-04:00,14.6899995803833,14.6899995803833,14.680000305175781,14.6850004196167,14567,0.0,0.0,2023-05-24
68,2023-05-24 15:20:00-04:00,14.6850004196167,14.6899995803833,14.680399894714355,14.6850004196167,83483,0.0,0.0,2023-05-24
69,2023-05-24 15:25:00-04:00,14.6850004196167,14.6850004196167,14.680000305175781,14.6850004196167,2658,0.0,0.0,2023-05-24
70,2023-05-24 15:30:00-04:00,14.6850004196167,14.6850004196167,14.680000305175781,14.680000305175781,4598,0.0,0.0,2023-05-24
71,2023-05-24 15:35:00-04:00,14.680000305175781,14.694999694824219,14.680000305175781,14.694999694824219,20528,0.0,0.0,2023-05-24
72,2023-05-24 15:40:00-04:00,14.694999694824219,14.699999809265137,14.694999694824219,14.694999694824219,2690,0.0,0.0,2023-05-24
73,2023-05-24 15:45:00-04:00,14.694999694824219,14.699999809265137,14.6899995803833,14.694999694824219,31502,0.0,0.0,2023-05-24
74,2023-05-24 15:50:00-04:00,14.699999809265137,14.699999809265137,14.694999694824219,14.699999809265137,11960,0.0,0.0,2023-05-24
75,2023-05-24 15:55:00-04:00,14.699999809265137,14.729999542236328,14.699999809265137,14.729999542236328,19247,0.0,0.0,2023-05-24
76,2023-05-25 09:30:00-04:00,14.6899995803833,14.699999809265137,14.65999984741211,14.6899995803833,10911,0.0,0.0,2023-05-25
77,2023-05-25 09:35:00-04:00,14.699999809265137,14.699999809265137,14.65999984741211,14.670000076293945,114212,0.0,0.0,2023-05-25
78,2023-05-25 09:40:00-04:00,14.670000076293945,14.680000305175781,14.661499977111816,14.670000076293945,3505,0.0,0.0,2023-05-25
79,2023-05-25 09:45:00-04:00,14.680000305175781,14.680000305175781,14.670000076293945,14.670000076293945,12344,0.0,0.0,2023-05-25
80,2023-05-25 09:50:00-04:00,14.670000076293945,14.670000076293945,14.670000076293945,14.670000076293945,924,0.0,0.0,2023-05-25
81,2023-05-25 09:55:00-04:00,14.664999961853027,14.670000076293945,14.660099983215332,14.670000076293945,400,0.0,0.0,2023-05-25
82,2023-05-25 10:00:00-04:00,14.670000076293945,14.680000305175781,14.670000076293945,14.680000305175781,5074,0.0,0.0,2023-05-25
83,2023-05-25 10:05:00-04:00,14.680000305175781,14.680000305175781,14.670000076293945,14.670000076293945,2451,0.0,0.0,2023-05-25
84,2023-05-25 10:10:00-04:00,14.670000076293945,14.680000305175781,14.65999984741211,14.65999984741211,14507,0.0,0.0,2023-05-25
85,2023-05-25 10:15:00-04:00,14.65999984741211,14.670000076293945,14.65999984741211,14.664999961853027,710,0.0,0.0,2023-05-25
86,2023-05-25 10:20:00-04:00,14.65999984741211,14.664999961853027,14.65999984741211,14.65999984741211,28744,0.0,0.0,2023-05-25
87,2023-05-25 10:25:00-04:00,14.65999984741211,14.660099983215332,14.65999984741211,14.660099983215332,1603,0.0,0.0,2023-05-25
88,2023-05-25 10:30:00-04:00,14.65999984741211,14.670000076293945,14.65999984741211,14.670000076293945,2460,0.0,0.0,2023-05-25
89,2023-05-25 10:35:00-04:00,14.670000076293945,14.670000076293945,14.649999618530273,14.65999984741211,18071,0.0,0.0,2023-05-25
90,2023-05-25 10:40:00-04:00,14.65999984741211,14.65999984741211,14.65999984741211,14.65999984741211,2990,0.0,0.0,2023-05-25
91,2023-05-25 10:45:00-04:00,14.65999984741211,14.662699699401855,14.65999984741211,14.65999984741211,5838,0.0,0.0,2023-05-25
92,2023-05-25 10:50:00-04:00,14.670000076293945,14.670000076293945,14.670000076293945,14.670000076293945,857,0.0,0.0,2023-05-25
93,2023-05-25 10:55:00-04:00,14.670000076293945,14.670000076293945,14.670000076293945,14.670000076293945,1176,0.0,0.0,2023-05-25
94,2023-05-25 11:00:00-04:00,14.670000076293945,14.670000076293945,14.669899940490723,14.669899940490723,2769,0.0,0.0,2023-05-25
95,2023-05-25 11:05:00-04:00,14.670000076293945,14.670000076293945,14.65999984741211,14.65999984741211,2986,0.0,0.0,2023-05-25
96,2023-05-25 11:10:00-04:00,14.65999984741211,14.670000076293945,14.65999984741211,14.670000076293945,1525,0.0,0.0,2023-05-25
97,2023-05-25 11:15:00-04:00,14.664999961853027,14.664999961853027,14.649999618530273,14.649999618530273,25122,0.0,0.0,2023-05-25
98,2023-05-25 11:20:00-04:00,14.65999984741211,14.65999984741211,14.654999732971191,14.654999732971191,1129,0.0,0.0,2023-05-25
99,2023-05-25 11:25:00-04:00,14.65999984741211,14.670000076293945,14.65999984741211,14.670000076293945,3616,0.0,0.0,2023-05-25
100,2023-05-25 11:30:00-04:00,14.670000076293945,14.670000076293945,14.65999984741211,14.65999984741211,2203,0.0,0.0,2023-05-25
101,2023-05-25 11:35:00-04:00,14.670000076293945,14.670000076293945,14.670000076293945,14.670000076293945,777,0.0,0.0,2023-05-25
102,2023-05-25 11:40:00-04:00,14.670000076293945,14.670000076293945,14.65999984741211,14.65999984741211,1619,0.0,0.0,2023-05-25
103,2023-05-25 11:45:00-04:00,14.670000076293945,14.670000076293945,14.670000076293945,14.670000076293945,536,0.0,0.0,2023-05-25
104,2023-05-25 11:50:00-04:00,14.670000076293945,14.670000076293945,14.65999984741211,14.65999984741211,3830,0.0,0.0,2023-05-25
105,2023-05-25 11:55:00-04:00,14.65999984741211,14.670000076293945,14.65999984741211,14.65999984741211,2629,0.0,0.0,2023-05-25
106,2023-05-25 12:00:00-04:00,14.65999984741211,14.670000076293945,14.65999984741211,14.670000076293945,537,0.0,0.0,2023-05-25
107,2023-05-25 12:05:00-04:00,14.660099983215332,14.670000076293945,14.65999984741211,14.670000076293945,683,0.0,0.0,2023-05-25
108,2023-05-25 12:10:00-04:00,14.65999984741211,14.670000076293945,14.65999984741211,14.670000076293945,1528,0.0,0.0,2023-05-25
109,2023-05-25 12:15:00-04:00,14.670000076293945,14.670000076293945,14.65999984741211,14.65999984741211,1097,0.0,0.0,2023-05-25
110,2023-05-25 12:20:00-04:00,14.670000076293945,14.670000076293945,14.65999984741211,14.65999984741211,1373,0.0,0.0,2023-05-25
111,2023-05-25 12:25:00-04:00,14.65999984741211,14.65999984741211,14.65999984741211,14.65999984741211,2576,0.0,0.0,2023-05-25
112,2023-05-25 12:30:00-04:00,14.65999984741211,14.664999961853027,14.65999984741211,14.65999984741211,3739,0.0,0.0,2023-05-25
113,2023-05-25 12:35:00-04:00,14.670000076293945,14.670000076293945,14.670000076293945,14.670000076293945,932,0.0,0.0,2023-05-25
114,2023-05-25 12:40:00-04:00,14.670000076293945,14.670000076293945,14.65999984741211,14.65999984741211,1051,0.0,0.0,2023-05-25
115,2023-05-25 12:45:00-04:00,14.670000076293945,14.670000076293945,14.670000076293945,14.670000076293945,117,0.0,0.0,2023-05-25
116,2023-05-25 12:50:00-04:00,14.670000076293945,14.670000076293945,14.65999984741211,14.670000076293945,1206,0.0,0.0,2023-05-25
117,2023-05-25 12:55:00-04:00,14.670000076293945,14.670000076293945,14.65999984741211,14.65999984741211,2404,0.0,0.0,2023-05-25
118,2023-05-25 13:00:00-04:00,14.65999984741211,14.65999984741211,14.65999984741211,14.65999984741211,32029,0.0,0.0,2023-05-25
119,2023-05-25 13:05:00-04:00,14.65999984741211,14.65999984741211,14.65999984741211,14.65999984741211,485,0.0,0.0,2023-05-25
120,2023-05-25 13:10:00-04:00,14.664999961853027,14.670000076293945,14.619999885559082,14.625,52139,0.0,0.0,2023-05-25
121,2023-05-25 13:15:00-04:00,14.630000114440918,14.630000114440918,14.619999885559082,14.625,5422,0.0,0.0,2023-05-25
122,2023-05-25 13:20:00-04:00,14.630000114440918,14.630000114440918,14.619999885559082,14.625,13020,0.0,0.0,2023-05-25
123,2023-05-25 13:25:00-04:00,14.630000114440918,14.630000114440918,14.625,14.630000114440918,1500,0.0,0.0,2023-05-25
124,2023-05-25 13:30:00-04:00,14.630000114440918,14.630000114440918,14.619999885559082,14.630000114440918,1303,0.0,0.0,2023-05-25
125,2023-05-25 13:35:00-04:00,14.630000114440918,14.630000114440918,14.630000114440918,14.630000114440918,1378,0.0,0.0,2023-05-25
126,2023-05-25 13:40:00-04:00,14.630000114440918,14.630000114440918,14.625,14.630000114440918,1239,0.0,0.0,2023-05-25
127,2023-05-25 13:45:00-04:00,14.630000114440918,14.640000343322754,14.630000114440918,14.640000343322754,1402,0.0,0.0,2023-05-25
128,2023-05-25 13:50:00-04:00,14.640000343322754,14.640000343322754,14.630000114440918,14.640000343322754,3818,0.0,0.0,2023-05-25
129,2023-05-25 13:55:00-04:00,14.640000343322754,14.640000343322754,14.631500244140625,14.640000343322754,1148,0.0,0.0,2023-05-25
130,2023-05-25 14:00:00-04:00,14.640000343322754,14.640000343322754,14.630000114440918,14.63010025024414,20535,0.0,0.0,2023-05-25
131,2023-05-25 14:05:00-04:00,14.635000228881836,14.639900207519531,14.609999656677246,14.619999885559082,38304,0.0,0.0,2023-05-25
132,2023-05-25 14:10:00-04:00,14.619999885559082,14.622099876403809,14.619999885559082,14.619999885559082,2150,0.0,0.0,2023-05-25
133,2023-05-25 14:15:00-04:00,14.625,14.625,14.619999885559082,14.619999885559082,3276,0.0,0.0,2023-05-25
134,2023-05-25 14:20:00-04:00,14.619999885559082,14.625,14.619999885559082,14.619999885559082,5193,0.0,0.0,2023-05-25
135,2023-05-25 14:25:00-04:00,14.620599746704102,14.625,14.619999885559082,14.625,13009,0.0,0.0,2023-05-25
136,2023-05-25 14:30:00-04:00,14.621299743652344,14.640000343322754,14.621299743652344,14.640000343322754,6247,0.0,0.0,2023-05-25
137,2023-05-25 14:35:00-04:00,14.630000114440918,14.630000114440918,14.630000114440918,14.630000114440918,866,0.0,0.0,2023-05-25
138,2023-05-25 14:40:00-04:00,14.630000114440918,14.640000343322754,14.630000114440918,14.630000114440918,3400,0.0,0.0,2023-05-25
139,2023-05-25 14:45:00-04:00,14.630000114440918,14.640000343322754,14.630000114440918,14.640000343322754,2247,0.0,0.0,2023-05-25
140,2023-05-25 14:50:00-04:00,14.640000343322754,14.640000343322754,14.630000114440918,14.640000343322754,1259,0.0,0.0,2023-05-25
141,2023-05-25 14:55:00-04:00,14.640000343322754,14.649999618530273,14.619999885559082,14.630000114440918,93074,0.0,0.0,2023-05-25
142,2023-05-25 15:00:00-04:00,14.630000114440918,14.630000114440918,14.630000114440918,14.630000114440918,7990,0.0,0.0,2023-05-25
143,2023-05-25 15:05:00-04:00,14.640000343322754,14.640000343322754,14.630000114440918,14.640000343322754,1073,0.0,0.0,2023-05-25
144,2023-05-25 15:10:00-04:00,14.640000343322754,14.640000343322754,14.630000114440918,14.635000228881836,4087,0.0,0.0,2023-05-25
145,2023-05-25 15:15:00-04:00,14.635000228881836,14.635000228881836,14.630000114440918,14.630000114440918,1395,0.0,0.0,2023-05-25
146,2023-05-25 15:20:00-04:00,14.640000343322754,14.640000343322754,14.63129997253418,14.635000228881836,1796,0.0,0.0,2023-05-25
147,2023-05-25 15:25:00-04:00,14.631099700927734,14.640000343322754,14.630000114440918,14.640000343322754,4975,0.0,0.0,2023-05-25
148,2023-05-25 15:30:00-04:00,14.631199836730957,14.640000343322754,14.630000114440918,14.630000114440918,2661,0.0,0.0,2023-05-25
149,2023-05-25 15:35:00-04:00,14.640000343322754,14.640000343322754,14.630000114440918,14.640000343322754,1631,0.0,0.0,2023-05-25
150,2023-05-25 15:40:00-04:00,14.635000228881836,14.640000343322754,14.630000114440918,14.640000343322754,3738,0.0,0.0,2023-05-25
151,2023-05-25 15:45:00-04:00,14.630000114440918,14.640000343322754,14.630000114440918,14.630000114440918,3697,0.0,0.0,2023-05-25
152,2023-05-25 15:50:00-04:00,14.640000343322754,14.640000343322754,14.630000114440918,14.630000114440918,15538,0.0,0.0,2023-05-25
153,2023-05-25 15:55:00-04:00,14.630000114440918,14.640000343322754,14.630000114440918,14.635000228881836,16535,0.0,0.0,2023-05-25
154,2023-05-26 09:30:00-04:00,14.640000343322754,14.670000076293945,14.630000114440918,14.649999618530273,27893,0.0,0.0,2023-05-26
155,2023-05-26 09:35:00-04:00,14.649999618530273,14.649999618530273,14.619999885559082,14.630000114440918,33735,0.0,0.0,2023-05-26
156,2023-05-26 09:40:00-04:00,14.630000114440918,14.630000114440918,14.619999885559082,14.619999885559082,20632,0.0,0.0,2023-05-26
157,2023-05-26 09:45:00-04:00,14.619999885559082,14.619999885559082,14.600000381469727,14.609999656677246,13717,0.0,0.0,2023-05-26
158,2023-05-26 09:50:00-04:00,14.609999656677246,14.609999656677246,14.600000381469727,14.600700378417969,41259,0.0,0.0,2023-05-26
159,2023-05-26 09:55:00-04:00,14.609999656677246,14.619999885559082,14.609800338745117,14.619999885559082,15992,0.0,0.0,2023-05-26
160,2023-05-26 10:00:00-04:00,14.630000114440918,14.630000114440918,14.630000114440918,14.630000114440918,703,0.0,0.0,2023-05-26
161,2023-05-26 10:05:00-04:00,14.630000114440918,14.630000114440918,14.630000114440918,14.630000114440918,600,0.0,0.0,2023-05-26
162,2023-05-26 10:10:00-04:00,14.619999885559082,14.619999885559082,14.609999656677246,14.609999656677246,900,0.0,0.0,2023-05-26
163,2023-05-26 10:20:00-04:00,14.619999885559082,14.619999885559082,14.609999656677246,14.614100456237793,33955,0.0,0.0,2023-05-26
164,2023-05-26 10:25:00-04:00,14.619999885559082,14.619999885559082,14.609999656677246,14.609999656677246,7624,0.0,0.0,2023-05-26
165,2023-05-26 10:30:00-04:00,14.609999656677246,14.619999885559082,14.600000381469727,14.600000381469727,16993,0.0,0.0,2023-05-26
166,2023-05-26 10:40:00-04:00,14.600000381469727,14.600000381469727,14.59000015258789,14.59000015258789,46773,0.0,0.0,2023-05-26
167,2023-05-26 10:45:00-04:00,14.59000015258789,14.609999656677246,14.59000015258789,14.609999656677246,4383,0.0,0.0,2023-05-26
168,2023-05-26 10:50:00-04:00,14.600000381469727,14.600000381469727,14.59000015258789,14.59000015258789,2530,0.0,0.0,2023-05-26
169,2023-05-26 10:55:00-04:00,14.59000015258789,14.59000015258789,14.59000015258789,14.59000015258789,512,0.0,0.0,2023-05-26
170,2023-05-26 11:00:00-04:00,14.59000015258789,14.590100288391113,14.59000015258789,14.59000015258789,17464,0.0,0.0,2023-05-26
171,2023-05-26 11:05:00-04:00,14.59000015258789,14.59000015258789,14.59000015258789,14.59000015258789,755,0.0,0.0,2023-05-26
172,2023-05-26 11:10:00-04:00,14.579999923706055,14.59000015258789,14.579999923706055,14.59000015258789,1414,0.0,0.0,2023-05-26
173,2023-05-26 11:15:00-04:00,14.59000015258789,14.59000015258789,14.579999923706055,14.579999923706055,504,0.0,0.0,2023-05-26
174,2023-05-26 11:20:00-04:00,14.579999923706055,14.59000015258789,14.529999732971191,14.539999961853027,53450,0.0,0.0,2023-05-26
175,2023-05-26 11:25:00-04:00,14.529999732971191,14.53950023651123,14.5,14.510000228881836,9207,0.0,0.0,2023-05-26
176,2023-05-26 11:30:00-04:00,14.5,14.5,14.449999809265137,14.479999542236328,27014,0.0,0.0,2023-05-26
177,2023-05-26 11:35:00-04:00,14.493399620056152,14.520000457763672,14.493399620056152,14.50510025024414,3005,0.0,0.0,2023-05-26
178,2023-05-26 11:40:00-04:00,14.5,14.5,14.5,14.5,175,0.0,0.0,2023-05-26
179,2023-05-26 11:45:00-04:00,14.5,14.529999732971191,14.5,14.529999732971191,9135,0.0,0.0,2023-05-26
180,2023-05-26 11:50:00-04:00,14.529999732971191,14.550000190734863,14.5,14.550000190734863,38200,0.0,0.0,2023-05-26
181,2023-05-26 11:55:00-04:00,14.550000190734863,14.550000190734863,14.5,14.5,200,0.0,0.0,2023-05-26
182,2023-05-26 12:00:00-04:00,14.5,14.5600004196167,14.5,14.5600004196167,2201,0.0,0.0,2023-05-26
183,2023-05-26 12:05:00-04:00,14.529999732971191,14.600000381469727,14.529999732971191,14.5600004196167,2298,0.0,0.0,2023-05-26
184,2023-05-26 12:10:00-04:00,14.5600004196167,14.5600004196167,14.529999732971191,14.539999961853027,3693,0.0,0.0,2023-05-26
185,2023-05-26 12:15:00-04:00,14.529999732971191,14.529999732971191,14.529999732971191,14.529999732971191,1087,0.0,0.0,2023-05-26
186,2023-05-26 12:20:00-04:00,14.539999961853027,14.539999961853027,14.529999732971191,14.53499984741211,2698,0.0,0.0,2023-05-26
187,2023-05-26 12:25:00-04:00,14.539999961853027,14.539999961853027,14.529999732971191,14.539999961853027,1112,0.0,0.0,2023-05-26
188,2023-05-26 12:30:00-04:00,14.550000190734863,14.550000190734863,14.529999732971191,14.529999732971191,1580,0.0,0.0,2023-05-26
189,2023-05-26 12:35:00-04:00,14.529999732971191,14.545000076293945,14.529999732971191,14.529999732971191,1378,0.0,0.0,2023-05-26
190,2023-05-26 12:40:00-04:00,14.529999732971191,14.529999732971191,14.529999732971191,14.529999732971191,108,0.0,0.0,2023-05-26
191,2023-05-26 12:45:00-04:00,14.529999732971191,14.529999732971191,14.529999732971191,14.529999732971191,400,0.0,0.0,2023-05-26
192,2023-05-26 12:50:00-04:00,14.520000457763672,14.529999732971191,14.520000457763672,14.529999732971191,471,0.0,0.0,2023-05-26
193,2023-05-26 12:55:00-04:00,14.520000457763672,14.529999732971191,14.520000457763672,14.529999732971191,6543,0.0,0.0,2023-05-26
194,2023-05-26 13:00:00-04:00,14.520000457763672,14.569999694824219,14.520000457763672,14.529999732971191,9236,0.0,0.0,2023-05-26
195,2023-05-26 13:05:00-04:00,14.569999694824219,14.569999694824219,14.529999732971191,14.569999694824219,1969,0.0,0.0,2023-05-26
196,2023-05-26 13:10:00-04:00,14.579999923706055,14.579999923706055,14.5,14.520000457763672,51482,0.0,0.0,2023-05-26
197,2023-05-26 13:15:00-04:00,14.520000457763672,14.520000457763672,14.449999809265137,14.489999771118164,106618,0.0,0.0,2023-05-26
198,2023-05-26 13:20:00-04:00,14.489999771118164,14.489999771118164,14.449999809265137,14.470000267028809,15327,0.0,0.0,2023-05-26
199,2023-05-26 13:25:00-04:00,14.470000267028809,14.470000267028809,14.470000267028809,14.470000267028809,1052,0.0,0.0,2023-05-26
200,2023-05-26 13:30:00-04:00,14.470000267028809,14.5,14.470000267028809,14.5,994,0.0,0.0,2023-05-26
201,2023-05-26 13:35:00-04:00,14.5,14.5,14.470000267028809,14.479999542236328,1921,0.0,0.0,2023-05-26
202,2023-05-26 13:40:00-04:00,14.484999656677246,14.484999656677246,14.479999542236328,14.479999542236328,840,0.0,0.0,2023-05-26
203,2023-05-26 13:45:00-04:00,14.470000267028809,14.489999771118164,14.4399995803833,14.450300216674805,27565,0.0,0.0,2023-05-26
204,2023-05-26 13:50:00-04:00,14.449999809265137,14.460000038146973,14.4399995803833,14.4399995803833,2138,0.0,0.0,2023-05-26
205,2023-05-26 13:55:00-04:00,14.430000305175781,14.430000305175781,14.420000076293945,14.420000076293945,2380,0.0,0.0,2023-05-26
206,2023-05-26 14:00:00-04:00,14.420000076293945,14.449999809265137,14.420000076293945,14.449999809265137,1071,0.0,0.0,2023-05-26
207,2023-05-26 14:05:00-04:00,14.430000305175781,14.430000305175781,14.430000305175781,14.430000305175781,427,0.0,0.0,2023-05-26
208,2023-05-26 14:10:00-04:00,14.420000076293945,14.4399995803833,14.420000076293945,14.420000076293945,2656,0.0,0.0,2023-05-26
209,2023-05-26 14:15:00-04:00,14.420000076293945,14.4399995803833,14.420000076293945,14.420000076293945,3239,0.0,0.0,2023-05-26
210,2023-05-26 14:20:00-04:00,14.420000076293945,14.425000190734863,14.300000190734863,14.40999984741211,28191,0.0,0.0,2023-05-26
211,2023-05-26 14:25:00-04:00,14.404999732971191,14.449999809265137,14.404999732971191,14.449999809265137,8337,0.0,0.0,2023-05-26
212,2023-05-26 14:30:00-04:00,14.449999809265137,14.460000038146973,14.425000190734863,14.449999809265137,5852,0.0,0.0,2023-05-26
213,2023-05-26 14:35:00-04:00,14.449999809265137,14.489999771118164,14.449999809265137,14.489999771118164,4671,0.0,0.0,2023-05-26
214,2023-05-26 14:40:00-04:00,14.470000267028809,14.489999771118164,14.449999809265137,14.449999809265137,6601,0.0,0.0,2023-05-26
215,2023-05-26 14:50:00-04:00,14.460000038146973,14.470000267028809,14.460000038146973,14.460000038146973,922,0.0,0.0,2023-05-26
216,2023-05-26 14:55:00-04:00,14.449999809265137,14.470000267028809,14.430100440979004,14.470000267028809,22600,0.0,0.0,2023-05-26
217,2023-05-26 15:00:00-04:00,14.460000038146973,14.470000267028809,14.449999809265137,14.470000267028809,1581,0.0,0.0,2023-05-26
218,2023-05-26 15:05:00-04:00,14.470000267028809,14.470000267028809,14.449999809265137,14.449999809265137,24958,0.0,0.0,2023-05-26
219,2023-05-26 15:10:00-04:00,14.460000038146973,14.479999542236328,14.460000038146973,14.479999542236328,2013,0.0,0.0,2023-05-26
220,2023-05-26 15:15:00-04:00,14.479999542236328,14.5,14.470000267028809,14.5,6111,0.0,0.0,2023-05-26
221,2023-05-26 15:20:00-04:00,14.48009967803955,14.550000190734863,14.48009967803955,14.539999961853027,22994,0.0,0.0,2023-05-26
222,2023-05-26 15:25:00-04:00,14.550000190734863,14.550000190734863,14.5,14.539999961853027,2157,0.0,0.0,2023-05-26
223,2023-05-26 15:30:00-04:00,14.510000228881836,14.539999961853027,14.5,14.510000228881836,2290,0.0,0.0,2023-05-26
224,2023-05-26 15:35:00-04:00,14.539999961853027,14.550000190734863,14.5,14.520000457763672,59743,0.0,0.0,2023-05-26
225,2023-05-26 15:40:00-04:00,14.510000228881836,14.539999961853027,14.5,14.510000228881836,12408,0.0,0.0,2023-05-26
226,2023-05-26 15:45:00-04:00,14.510000228881836,14.529999732971191,14.5,14.520000457763672,10709,0.0,0.0,2023-05-26
227,2023-05-26 15:50:00-04:00,14.539999961853027,14.539999961853027,14.510000228881836,14.510000228881836,6927,0.0,0.0,2023-05-26
228,2023-05-26 15:55:00-04:00,14.520000457763672,14.529999732971191,14.5,14.5,15040,0.0,0.0,2023-05-26
229,2023-05-30 09:30:00-04:00,14.550000190734863,14.569999694824219,14.5,14.529999732971191,54269,0.0,0.0,2023-05-30
230,2023-05-30 09:35:00-04:00,14.520899772644043,14.550000190734863,14.520000457763672,14.539999961853027,1903,0.0,0.0,2023-05-30
231,2023-05-30 09:40:00-04:00,14.520000457763672,14.520000457763672,14.520000457763672,14.520000457763672,2024,0.0,0.0,2023-05-30
232,2023-05-30 09:45:00-04:00,14.510000228881836,14.529999732971191,14.510000228881836,14.520000457763672,1549,0.0,0.0,2023-05-30
233,2023-05-30 09:50:00-04:00,14.529999732971191,14.529999732971191,14.520000457763672,14.520000457763672,1424,0.0,0.0,2023-05-30
234,2023-05-30 09:55:00-04:00,14.5,14.520000457763672,14.5,14.51990032196045,2609,0.0,0.0,2023-05-30
235,2023-05-30 10:00:00-04:00,14.529999732971191,14.529999732971191,14.5,14.5,1530,0.0,0.0,2023-05-30
236,2023-05-30 10:05:00-04:00,14.5,14.520000457763672,14.5,14.520000457763672,3615,0.0,0.0,2023-05-30
237,2023-05-30 10:10:00-04:00,14.510000228881836,14.510000228881836,14.510000228881836,14.510000228881836,214,0.0,0.0,2023-05-30
238,2023-05-30 10:15:00-04:00,14.520000457763672,14.520000457763672,14.510000228881836,14.510000228881836,2518,0.0,0.0,2023-05-30
239,2023-05-30 10:20:00-04:00,14.5,14.5,14.5,14.5,406,0.0,0.0,2023-05-30
240,2023-05-30 10:25:00-04:00,14.5,14.510000228881836,14.5,14.5,9491,0.0,0.0,2023-05-30
241,2023-05-30 10:30:00-04:00,14.505000114440918,14.510000228881836,14.5,14.510000228881836,2790,0.0,0.0,2023-05-30
242,2023-05-30 10:35:00-04:00,14.5,14.529999732971191,14.5,14.529999732971191,22905,0.0,0.0,2023-05-30
243,2023-05-30 10:40:00-04:00,14.529999732971191,14.529999732971191,14.524999618530273,14.524999618530273,509,0.0,0.0,2023-05-30
244,2023-05-30 10:45:00-04:00,14.520000457763672,14.520000457763672,14.520000457763672,14.520000457763672,317,0.0,0.0,2023-05-30
245,2023-05-30 10:50:00-04:00,14.529999732971191,14.529999732971191,14.524999618530273,14.529999732971191,918,0.0,0.0,2023-05-30
246,2023-05-30 10:55:00-04:00,14.529999732971191,14.529999732971191,14.520000457763672,14.520000457763672,207,0.0,0.0,2023-05-30
247,2023-05-30 11:00:00-04:00,14.529999732971191,14.529999732971191,14.529999732971191,14.529999732971191,198,0.0,0.0,2023-05-30
248,2023-05-30 11:05:00-04:00,14.520600318908691,14.520600318908691,14.520000457763672,14.520000457763672,2200,0.0,0.0,2023-05-30
249,2023-05-30 11:10:00-04:00,14.5201997756958,14.5201997756958,14.520000457763672,14.520000457763672,2357,0.0,0.0,2023-05-30
250,2023-05-30 11:15:00-04:00,14.524999618530273,14.524999618530273,14.520000457763672,14.520000457763672,5344,0.0,0.0,2023-05-30
251,2023-05-30 11:20:00-04:00,14.524999618530273,14.529999732971191,14.520000457763672,14.524999618530273,3552,0.0,0.0,2023-05-30
252,2023-05-30 11:25:00-04:00,14.520000457763672,14.52079963684082,14.520000457763672,14.520000457763672,2549,0.0,0.0,2023-05-30
253,2023-05-30 11:30:00-04:00,14.520000457763672,14.520000457763672,14.520000457763672,14.520000457763672,100,0.0,0.0,2023-05-30
254,2023-05-30 11:35:00-04:00,14.529999732971191,14.529999732971191,14.529999732971191,14.529999732971191,796,0.0,0.0,2023-05-30
255,2023-05-30 11:45:00-04:00,14.520000457763672,14.520000457763672,14.520000457763672,14.520000457763672,100,0.0,0.0,2023-05-30
256,2023-05-30 11:50:00-04:00,14.529999732971191,14.529999732971191,14.529999732971191,14.529999732971191,587,0.0,0.0,2023-05-30
257,2023-05-30 11:55:00-04:00,14.524999618530273,14.524999618530273,14.520000457763672,14.520000457763672,697,0.0,0.0,2023-05-30
258,2023-05-30 12:00:00-04:00,14.520000457763672,14.520000457763672,14.520000457763672,14.520000457763672,103,0.0,0.0,2023-05-30
259,2023-05-30 12:05:00-04:00,14.524999618530273,14.529999732971191,14.524999618530273,14.529999732971191,477,0.0,0.0,2023-05-30
260,2023-05-30 12:20:00-04:00,14.520000457763672,14.520000457763672,14.520000457763672,14.520000457763672,352,0.0,0.0,2023-05-30
261,2023-05-30 12:30:00-04:00,14.529999732971191,14.529999732971191,14.529999732971191,14.529999732971191,701,0.0,0.0,2023-05-30
262,2023-05-30 12:35:00-04:00,14.520000457763672,14.524999618530273,14.520000457763672,14.524999618530273,1767,0.0,0.0,2023-05-30
263,2023-05-30 12:45:00-04:00,14.520000457763672,14.520000457763672,14.520000457763672,14.520000457763672,789,0.0,0.0,2023-05-30
264,2023-05-30 12:50:00-04:00,14.520000457763672,14.520000457763672,14.515000343322754,14.520000457763672,1692,0.0,0.0,2023-05-30
265,2023-05-30 12:55:00-04:00,14.5246000289917,14.5246000289917,14.520000457763672,14.520000457763672,902,0.0,0.0,2023-05-30
266,2023-05-30 13:00:00-04:00,14.520000457763672,14.520000457763672,14.5,14.505000114440918,170626,0.0,0.0,2023-05-30
267,2023-05-30 13:05:00-04:00,14.505000114440918,14.505000114440918,14.5,14.505000114440918,1618,0.0,0.0,2023-05-30
268,2023-05-30 13:10:00-04:00,14.505000114440918,14.505000114440918,14.505000114440918,14.505000114440918,910,0.0,0.0,2023-05-30
269,2023-05-30 13:15:00-04:00,14.510000228881836,14.510000228881836,14.510000228881836,14.510000228881836,483,0.0,0.0,2023-05-30
270,2023-05-30 13:20:00-04:00,14.510000228881836,14.510000228881836,14.505000114440918,14.510000228881836,2416,0.0,0.0,2023-05-30
271,2023-05-30 13:25:00-04:00,14.510000228881836,14.520000457763672,14.509699821472168,14.520000457763672,2580,0.0,0.0,2023-05-30
272,2023-05-30 13:30:00-04:00,14.520000457763672,14.520000457763672,14.515000343322754,14.520000457763672,3018,0.0,0.0,2023-05-30
273,2023-05-30 13:35:00-04:00,14.522199630737305,14.529999732971191,14.510000228881836,14.510000228881836,36908,0.0,0.0,2023-05-30
274,2023-05-30 13:40:00-04:00,14.510000228881836,14.510000228881836,14.510000228881836,14.510000228881836,418,0.0,0.0,2023-05-30
275,2023-05-30 13:45:00-04:00,14.510000228881836,14.520000457763672,14.510000228881836,14.520000457763672,1804,0.0,0.0,2023-05-30
276,2023-05-30 13:50:00-04:00,14.520000457763672,14.520000457763672,14.510100364685059,14.515000343322754,1356,0.0,0.0,2023-05-30
277,2023-05-30 13:55:00-04:00,14.520000457763672,14.520000457763672,14.510700225830078,14.51099967956543,948,0.0,0.0,2023-05-30
278,2023-05-30 14:00:00-04:00,14.520000457763672,14.520000457763672,14.5,14.520000457763672,52281,0.0,0.0,2023-05-30
279,2023-05-30 14:05:00-04:00,14.515000343322754,14.515299797058105,14.510000228881836,14.510000228881836,1326,0.0,0.0,2023-05-30
280,2023-05-30 14:10:00-04:00,14.515000343322754,14.515000343322754,14.510000228881836,14.512299537658691,2760,0.0,0.0,2023-05-30
281,2023-05-30 14:15:00-04:00,14.510600090026855,14.520000457763672,14.51039981842041,14.520000457763672,977,0.0,0.0,2023-05-30
282,2023-05-30 14:20:00-04:00,14.520000457763672,14.520000457763672,14.510000228881836,14.515000343322754,596,0.0,0.0,2023-05-30
283,2023-05-30 14:25:00-04:00,14.520000457763672,14.520000457763672,14.510000228881836,14.515000343322754,5503,0.0,0.0,2023-05-30
284,2023-05-30 14:30:00-04:00,14.515000343322754,14.520000457763672,14.510000228881836,14.520000457763672,926,0.0,0.0,2023-05-30
285,2023-05-30 14:35:00-04:00,14.520000457763672,14.529999732971191,14.520000457763672,14.529999732971191,3874,0.0,0.0,2023-05-30
286,2023-05-30 14:40:00-04:00,14.529999732971191,14.529999732971191,14.510000228881836,14.510000228881836,4394,0.0,0.0,2023-05-30
287,2023-05-30 14:45:00-04:00,14.510000228881836,14.510000228881836,14.510000228881836,14.510000228881836,276,0.0,0.0,2023-05-30
288,2023-05-30 14:50:00-04:00,14.520000457763672,14.520000457763672,14.510000228881836,14.510000228881836,1176,0.0,0.0,2023-05-30
289,2023-05-30 14:55:00-04:00,14.512499809265137,14.512499809265137,14.510000228881836,14.510000228881836,576,0.0,0.0,2023-05-30
290,2023-05-30 15:00:00-04:00,14.510000228881836,14.510000228881836,14.5,14.510000228881836,3290,0.0,0.0,2023-05-30
291,2023-05-30 15:05:00-04:00,14.510000228881836,14.510000228881836,14.5,14.500300407409668,8101,0.0,0.0,2023-05-30
292,2023-05-30 15:10:00-04:00,14.5,14.510000228881836,14.5,14.501299858093262,3764,0.0,0.0,2023-05-30
293,2023-05-30 15:15:00-04:00,14.510000228881836,14.520000457763672,14.5,14.520000457763672,2491,0.0,0.0,2023-05-30
294,2023-05-30 15:20:00-04:00,14.520000457763672,14.520000457763672,14.515000343322754,14.520000457763672,1137,0.0,0.0,2023-05-30
295,2023-05-30 15:25:00-04:00,14.520000457763672,14.529999732971191,14.520000457763672,14.529999732971191,572,0.0,0.0,2023-05-30
296,2023-05-30 15:30:00-04:00,14.524999618530273,14.524999618530273,14.510000228881836,14.515000343322754,5906,0.0,0.0,2023-05-30
297,2023-05-30 15:35:00-04:00,14.520000457763672,14.520000457763672,14.515000343322754,14.515000343322754,3495,0.0,0.0,2023-05-30
298,2023-05-30 15:40:00-04:00,14.520000457763672,14.539999961853027,14.520000457763672,14.529999732971191,6468,0.0,0.0,2023-05-30
299,2023-05-30 15:45:00-04:00,14.529999732971191,14.529999732971191,14.520000457763672,14.529999732971191,1552,0.0,0.0,2023-05-30
300,2023-05-30 15:50:00-04:00,14.539999961853027,14.539999961853027,14.520000457763672,14.520000457763672,11379,0.0,0.0,2023-05-30
301,2023-05-30 15:55:00-04:00,14.520000457763672,14.550000190734863,14.5,14.550000190734863,54543,0.0,0.0,2023-05-30
302,2023-05-31 09:30:00-04:00,14.5,14.550000190734863,14.5,14.510000228881836,0,0.0,0.0,2023-05-31
303,2023-05-31 09:35:00-04:00,14.510000228881836,14.520000457763672,14.5,14.520000457763672,4929,0.0,0.0,2023-05-31
304,2023-05-31 09:40:00-04:00,14.520000457763672,14.520000457763672,14.5,14.520000457763672,24946,0.0,0.0,2023-05-31
305,2023-05-31 09:45:00-04:00,14.520000457763672,14.520000457763672,14.5,14.510000228881836,53499,0.0,0.0,2023-05-31
306,2023-05-31 09:50:00-04:00,14.5,14.5,14.5,14.5,1549,0.0,0.0,2023-05-31
307,2023-05-31 09:55:00-04:00,14.5,14.5,14.489999771118164,14.489999771118164,840,0.0,0.0,2023-05-31
308,2023-05-31 10:00:00-04:00,14.489999771118164,14.510000228881836,14.489999771118164,14.5,1131,0.0,0.0,2023-05-31
309,2023-05-31 10:05:00-04:00,14.492600440979004,14.510000228881836,14.492600440979004,14.510000228881836,2304,0.0,0.0,2023-05-31
310,2023-05-31 10:10:00-04:00,14.520000457763672,14.520000457763672,14.5,14.510000228881836,12537,0.0,0.0,2023-05-31
311,2023-05-31 10:15:00-04:00,14.510000228881836,14.510000228881836,14.510000228881836,14.510000228881836,110,0.0,0.0,2023-05-31
312,2023-05-31 10:20:00-04:00,14.520000457763672,14.520000457763672,14.510000228881836,14.510000228881836,1234,0.0,0.0,2023-05-31
313,2023-05-31 10:25:00-04:00,14.5,14.5,14.5,14.5,1342,0.0,0.0,2023-05-31
314,2023-05-31 10:30:00-04:00,14.5,14.510000228881836,14.5,14.5068998336792,120526,0.0,0.0,2023-05-31
315,2023-05-31 10:35:00-04:00,14.5,14.5,14.5,14.5,673,0.0,0.0,2023-05-31
316,2023-05-31 10:40:00-04:00,14.505000114440918,14.510000228881836,14.5,14.510000228881836,390,0.0,0.0,2023-05-31
317,2023-05-31 10:45:00-04:00,14.505000114440918,14.510000228881836,14.505000114440918,14.505000114440918,1172,0.0,0.0,2023-05-31
318,2023-05-31 10:50:00-04:00,14.5,14.510000228881836,14.5,14.508999824523926,1261,0.0,0.0,2023-05-31
319,2023-05-31 10:55:00-04:00,14.505000114440918,14.505000114440918,14.5,14.5,16467,0.0,0.0,2023-05-31
320,2023-05-31 11:00:00-04:00,14.505000114440918,14.505000114440918,14.505000114440918,14.505000114440918,555,0.0,0.0,2023-05-31
321,2023-05-31 11:05:00-04:00,14.510000228881836,14.510000228881836,14.505000114440918,14.505000114440918,1092,0.0,0.0,2023-05-31
322,2023-05-31 11:15:00-04:00,14.505000114440918,14.505000114440918,14.505000114440918,14.505000114440918,813,0.0,0.0,2023-05-31
323,2023-05-31 11:20:00-04:00,14.510000228881836,14.510000228881836,14.505000114440918,14.505000114440918,1175,0.0,0.0,2023-05-31
324,2023-05-31 11:25:00-04:00,14.505000114440918,14.510000228881836,14.5,14.510000228881836,26278,0.0,0.0,2023-05-31
325,2023-05-31 11:30:00-04:00,14.505000114440918,14.510000228881836,14.505000114440918,14.505000114440918,1850,0.0,0.0,2023-05-31
326,2023-05-31 11:35:00-04:00,14.510000228881836,14.510000228881836,14.510000228881836,14.510000228881836,809,0.0,0.0,2023-05-31
327,2023-05-31 11:40:00-04:00,14.50790023803711,14.510000228881836,14.505000114440918,14.510000228881836,880,0.0,0.0,2023-05-31
328,2023-05-31 11:45:00-04:00,14.520000457763672,14.520000457763672,14.510000228881836,14.510000228881836,703,0.0,0.0,2023-05-31
329,2023-05-31 11:50:00-04:00,14.520000457763672,14.520000457763672,14.510000228881836,14.520000457763672,725,0.0,0.0,2023-05-31
330,2023-05-31 11:55:00-04:00,14.510000228881836,14.520000457763672,14.510000228881836,14.510000228881836,1294,0.0,0.0,2023-05-31
331,2023-05-31 12:00:00-04:00,14.520000457763672,14.520000457763672,14.510000228881836,14.520000457763672,654,0.0,0.0,2023-05-31
332,2023-05-31 12:05:00-04:00,14.510000228881836,14.510000228881836,14.5,14.5,35500,0.0,0.0,2023-05-31
333,2023-05-31 12:10:00-04:00,14.505000114440918,14.510000228881836,14.505000114440918,14.505000114440918,971,0.0,0.0,2023-05-31
334,2023-05-31 12:15:00-04:00,14.505000114440918,14.510000228881836,14.505000114440918,14.505000114440918,2056,0.0,0.0,2023-05-31
335,2023-05-31 12:20:00-04:00,14.510000228881836,14.510000228881836,14.505000114440918,14.510000228881836,1546,0.0,0.0,2023-05-31
336,2023-05-31 12:25:00-04:00,14.510000228881836,14.520000457763672,14.510000228881836,14.520000457763672,722,0.0,0.0,2023-05-31
337,2023-05-31 12:30:00-04:00,14.510000228881836,14.520000457763672,14.510000228881836,14.520000457763672,336,0.0,0.0,2023-05-31
338,2023-05-31 12:35:00-04:00,14.510000228881836,14.520000457763672,14.510000228881836,14.520000457763672,1059,0.0,0.0,2023-05-31
339,2023-05-31 12:40:00-04:00,14.510000228881836,14.520000457763672,14.5,14.510000228881836,956,0.0,0.0,2023-05-31
340,2023-05-31 12:45:00-04:00,14.510000228881836,14.520000457763672,14.510000228881836,14.520000457763672,508,0.0,0.0,2023-05-31
341,2023-05-31 12:50:00-04:00,14.520000457763672,14.520000457763672,14.510000228881836,14.510000228881836,1492,0.0,0.0,2023-05-31
342,2023-05-31 12:55:00-04:00,14.520000457763672,14.520000457763672,14.5,14.5,314,0.0,0.0,2023-05-31
343,2023-05-31 13:00:00-04:00,14.520000457763672,14.520000457763672,14.5,14.510000228881836,833,0.0,0.0,2023-05-31
344,2023-05-31 13:05:00-04:00,14.5,14.510000228881836,14.5,14.505000114440918,726,0.0,0.0,2023-05-31
345,2023-05-31 13:10:00-04:00,14.505000114440918,14.510000228881836,14.5,14.510000228881836,756,0.0,0.0,2023-05-31
346,2023-05-31 13:15:00-04:00,14.505000114440918,14.510000228881836,14.5,14.510000228881836,635,0.0,0.0,2023-05-31
347,2023-05-31 13:20:00-04:00,14.505000114440918,14.510000228881836,14.505000114440918,14.510000228881836,770,0.0,0.0,2023-05-31
348,2023-05-31 13:25:00-04:00,14.510000228881836,14.510000228881836,14.505000114440918,14.505000114440918,604,0.0,0.0,2023-05-31
349,2023-05-31 13:30:00-04:00,14.510000228881836,14.510000228881836,14.505000114440918,14.510000228881836,938,0.0,0.0,2023-05-31
350,2023-05-31 13:35:00-04:00,14.510000228881836,14.520000457763672,14.5,14.510000228881836,1024,0.0,0.0,2023-05-31
351,2023-05-31 13:40:00-04:00,14.5,14.520000457763672,14.5,14.520000457763672,712,0.0,0.0,2023-05-31
352,2023-05-31 13:45:00-04:00,14.510000228881836,14.510000228881836,14.510000228881836,14.510000228881836,1448,0.0,0.0,2023-05-31
353,2023-05-31 13:50:00-04:00,14.5,14.520000457763672,14.5,14.520000457763672,1130,0.0,0.0,2023-05-31
354,2023-05-31 13:55:00-04:00,14.520000457763672,14.520000457763672,14.510000228881836,14.520000457763672,602,0.0,0.0,2023-05-31
355,2023-05-31 14:00:00-04:00,14.510000228881836,14.520000457763672,14.5,14.510000228881836,860,0.0,0.0,2023-05-31
356,2023-05-31 14:05:00-04:00,14.520000457763672,14.520000457763672,14.5,14.510000228881836,2173,0.0,0.0,2023-05-31
357,2023-05-31 14:10:00-04:00,14.5,14.510000228881836,14.5,14.510000228881836,4151,0.0,0.0,2023-05-31
358,2023-05-31 14:15:00-04:00,14.505000114440918,14.520000457763672,14.505000114440918,14.510000228881836,17935,0.0,0.0,2023-05-31
359,2023-05-31 14:20:00-04:00,14.510000228881836,14.517499923706055,14.5,14.5,36360,0.0,0.0,2023-05-31
360,2023-05-31 14:25:00-04:00,14.5,14.510000228881836,14.5,14.510000228881836,39532,0.0,0.0,2023-05-31
361,2023-05-31 14:30:00-04:00,14.510000228881836,14.510000228881836,14.5,14.5,61024,0.0,0.0,2023-05-31
362,2023-05-31 14:35:00-04:00,14.5,14.505000114440918,14.5,14.505000114440918,1124,0.0,0.0,2023-05-31
363,2023-05-31 14:40:00-04:00,14.5,14.510000228881836,14.5,14.510000228881836,3766,0.0,0.0,2023-05-31
364,2023-05-31 14:45:00-04:00,14.505000114440918,14.510000228881836,14.5,14.505000114440918,2243,0.0,0.0,2023-05-31
365,2023-05-31 14:50:00-04:00,14.505000114440918,14.510000228881836,14.505000114440918,14.505000114440918,981,0.0,0.0,2023-05-31
366,2023-05-31 14:55:00-04:00,14.505000114440918,14.510000228881836,14.5,14.505000114440918,10140,0.0,0.0,2023-05-31
367,2023-05-31 15:00:00-04:00,14.510000228881836,14.510000228881836,14.505000114440918,14.505000114440918,3074,0.0,0.0,2023-05-31
368,2023-05-31 15:05:00-04:00,14.510000228881836,14.510000228881836,14.505000114440918,14.510000228881836,1111,0.0,0.0,2023-05-31
369,2023-05-31 15:10:00-04:00,14.505000114440918,14.510000228881836,14.505000114440918,14.505000114440918,1170,0.0,0.0,2023-05-31
370,2023-05-31 15:15:00-04:00,14.510000228881836,14.510000228881836,14.505000114440918,14.505000114440918,1909,0.0,0.0,2023-05-31
371,2023-05-31 15:20:00-04:00,14.510000228881836,14.510000228881836,14.5,14.510000228881836,4283,0.0,0.0,2023-05-31
372,2023-05-31 15:25:00-04:00,14.510000228881836,14.510000228881836,14.5,14.5,58380,0.0,0.0,2023-05-31
373,2023-05-31 15:30:00-04:00,14.5,14.510000228881836,14.5,14.505000114440918,1833,0.0,0.0,2023-05-31
374,2023-05-31 15:35:00-04:00,14.510000228881836,14.510000228881836,14.5,14.5,5260,0.0,0.0,2023-05-31
375,2023-05-31 15:40:00-04:00,14.510000228881836,14.510000228881836,14.5,14.505000114440918,4535,0.0,0.0,2023-05-31
376,2023-05-31 15:45:00-04:00,14.510000228881836,14.510000228881836,14.5,14.5,21705,0.0,0.0,2023-05-31
377,2023-05-31 15:50:00-04:00,14.5,14.510000228881836,14.399999618530273,14.414999961853027,78916,0.0,0.0,2023-05-31
378,2023-05-31 15:55:00-04:00,14.414999961853027,14.489999771118164,14.40999984741211,14.489999771118164,32865,0.0,0.0,2023-05-31
379,2023-06-01 09:30:00-04:00,14.520000457763672,14.600000381469727,14.5,14.5,11393,0.0,0.0,2023-06-01
380,2023-06-01 09:35:00-04:00,14.510000228881836,14.510000228881836,14.470000267028809,14.5,2981,0.0,0.0,2023-06-01
381,2023-06-01 09:40:00-04:00,14.520000457763672,14.520000457763672,14.4399995803833,14.489999771118164,66634,0.0,0.0,2023-06-01
382,2023-06-01 09:45:00-04:00,14.46500015258789,14.46500015258789,14.4399995803833,14.448800086975098,21977,0.0,0.0,2023-06-01
383,2023-06-01 09:50:00-04:00,14.449999809265137,14.485400199890137,14.449999809265137,14.470000267028809,8630,0.0,0.0,2023-06-01
384,2023-06-01 09:55:00-04:00,14.470000267028809,14.489999771118164,14.460000038146973,14.489999771118164,2188,0.0,0.0,2023-06-01
385,2023-06-01 10:00:00-04:00,14.489999771118164,14.5,14.484999656677246,14.484999656677246,1410,0.0,0.0,2023-06-01
386,2023-06-01 10:05:00-04:00,14.484999656677246,14.510000228881836,14.484999656677246,14.494999885559082,4170,0.0,0.0,2023-06-01
387,2023-06-01 10:10:00-04:00,14.489999771118164,14.489999771118164,14.484999656677246,14.484999656677246,866,0.0,0.0,2023-06-01
388,2023-06-01 10:15:00-04:00,14.479999542236328,14.479999542236328,14.470000267028809,14.479999542236328,2010,0.0,0.0,2023-06-01
389,2023-06-01 10:20:00-04:00,14.479999542236328,14.479999542236328,14.470000267028809,14.470000267028809,1900,0.0,0.0,2023-06-01
390,2023-06-01 10:25:00-04:00,14.470000267028809,14.475000381469727,14.470000267028809,14.475000381469727,700,0.0,0.0,2023-06-01
391,2023-06-01 10:30:00-04:00,14.475000381469727,14.479999542236328,14.470000267028809,14.470000267028809,2551,0.0,0.0,2023-06-01
392,2023-06-01 10:35:00-04:00,14.475000381469727,14.5,14.470000267028809,14.5,3289,0.0,0.0,2023-06-01
393,2023-06-01 10:40:00-04:00,14.489999771118164,14.489999771118164,14.489999771118164,14.489999771118164,534,0.0,0.0,2023-06-01
394,2023-06-01 10:45:00-04:00,14.5,14.5,14.489999771118164,14.489999771118164,3200,0.0,0.0,2023-06-01
395,2023-06-01 10:50:00-04:00,14.489999771118164,14.5,14.489999771118164,14.5,831,0.0,0.0,2023-06-01
396,2023-06-01 10:55:00-04:00,14.489999771118164,14.5,14.483599662780762,14.489999771118164,6491,0.0,0.0,2023-06-01
397,2023-06-01 11:00:00-04:00,14.489999771118164,14.489999771118164,14.479999542236328,14.489999771118164,4002,0.0,0.0,2023-06-01
398,2023-06-01 11:05:00-04:00,14.489999771118164,14.489999771118164,14.479999542236328,14.489999771118164,2089,0.0,0.0,2023-06-01
399,2023-06-01 11:10:00-04:00,14.489999771118164,14.5,14.489999771118164,14.489999771118164,1881,0.0,0.0,2023-06-01
400,2023-06-01 11:15:00-04:00,14.489999771118164,14.489999771118164,14.489999771118164,14.489999771118164,639,0.0,0.0,2023-06-01
401,2023-06-01 11:20:00-04:00,14.489999771118164,14.5,14.489999771118164,14.489999771118164,5046,0.0,0.0,2023-06-01
402,2023-06-01 11:25:00-04:00,14.489999771118164,14.489999771118164,14.489999771118164,14.489999771118164,637,0.0,0.0,2023-06-01
403,2023-06-01 11:30:00-04:00,14.489999771118164,14.5,14.489999771118164,14.5,1359,0.0,0.0,2023-06-01
404,2023-06-01 11:35:00-04:00,14.489999771118164,14.489999771118164,14.489999771118164,14.489999771118164,229,0.0,0.0,2023-06-01
405,2023-06-01 11:40:00-04:00,14.489999771118164,14.5,14.489999771118164,14.489999771118164,1482,0.0,0.0,2023-06-01
406,2023-06-01 11:45:00-04:00,14.489999771118164,14.489999771118164,14.489999771118164,14.489999771118164,503,0.0,0.0,2023-06-01
407,2023-06-01 11:50:00-04:00,14.489999771118164,14.489999771118164,14.489999771118164,14.489999771118164,762,0.0,0.0,2023-06-01
408,2023-06-01 11:55:00-04:00,14.489999771118164,14.489999771118164,14.489999771118164,14.489999771118164,3172,0.0,0.0,2023-06-01
409,2023-06-01 12:05:00-04:00,14.489999771118164,14.489999771118164,14.479999542236328,14.489999771118164,3961,0.0,0.0,2023-06-01
410,2023-06-01 12:10:00-04:00,14.489999771118164,14.5,14.489999771118164,14.5,2097,0.0,0.0,2023-06-01
411,2023-06-01 12:15:00-04:00,14.494999885559082,14.494999885559082,14.494999885559082,14.494999885559082,508,0.0,0.0,2023-06-01
412,2023-06-01 12:20:00-04:00,14.489999771118164,14.5,14.489999771118164,14.494999885559082,3437,0.0,0.0,2023-06-01
413,2023-06-01 12:25:00-04:00,14.494999885559082,14.5,14.494999885559082,14.494999885559082,485,0.0,0.0,2023-06-01
414,2023-06-01 12:30:00-04:00,14.489999771118164,14.489999771118164,14.489999771118164,14.489999771118164,360,0.0,0.0,2023-06-01
415,2023-06-01 12:35:00-04:00,14.489999771118164,14.489999771118164,14.479999542236328,14.489999771118164,1973,0.0,0.0,2023-06-01
416,2023-06-01 12:40:00-04:00,14.479999542236328,14.489999771118164,14.479999542236328,14.489999771118164,687,0.0,0.0,2023-06-01
417,2023-06-01 12:45:00-04:00,14.5,14.5,14.479999542236328,14.479999542236328,241,0.0,0.0,2023-06-01
418,2023-06-01 12:50:00-04:00,14.489999771118164,14.5,14.479999542236328,14.489999771118164,982,0.0,0.0,2023-06-01
419,2023-06-01 12:55:00-04:00,14.489999771118164,14.489999771118164,14.479999542236328,14.489999771118164,1926,0.0,0.0,2023-06-01
420,2023-06-01 13:05:00-04:00,14.489999771118164,14.489999771118164,14.479999542236328,14.489999771118164,2189,0.0,0.0,2023-06-01
421,2023-06-01 13:10:00-04:00,14.5,14.5,14.489999771118164,14.5,26407,0.0,0.0,2023-06-01
422,2023-06-01 13:15:00-04:00,14.5,14.5,14.489999771118164,14.494999885559082,6673,0.0,0.0,2023-06-01
423,2023-06-01 13:20:00-04:00,14.489999771118164,14.5,14.479999542236328,14.489999771118164,2994,0.0,0.0,2023-06-01
424,2023-06-01 13:25:00-04:00,14.494999885559082,14.494999885559082,14.494999885559082,14.494999885559082,257,0.0,0.0,2023-06-01
425,2023-06-01 13:30:00-04:00,14.489999771118164,14.489999771118164,14.489999771118164,14.489999771118164,499,0.0,0.0,2023-06-01
426,2023-06-01 13:35:00-04:00,14.489999771118164,14.489999771118164,14.475000381469727,14.475000381469727,2912,0.0,0.0,2023-06-01
427,2023-06-01 13:40:00-04:00,14.475000381469727,14.475000381469727,14.47249984741211,14.475000381469727,611,0.0,0.0,2023-06-01
428,2023-06-01 13:45:00-04:00,14.479999542236328,14.479999542236328,14.470000267028809,14.470000267028809,1332,0.0,0.0,2023-06-01
429,2023-06-01 13:50:00-04:00,14.479999542236328,14.489999771118164,14.479999542236328,14.489999771118164,668,0.0,0.0,2023-06-01
430,2023-06-01 13:55:00-04:00,14.479999542236328,14.479999542236328,14.470000267028809,14.479999542236328,916,0.0,0.0,2023-06-01
431,2023-06-01 14:00:00-04:00,14.470000267028809,14.484999656677246,14.470000267028809,14.484999656677246,8653,0.0,0.0,2023-06-01
432,2023-06-01 14:05:00-04:00,14.484999656677246,14.489999771118164,14.479999542236328,14.484999656677246,2280,0.0,0.0,2023-06-01
433,2023-06-01 14:10:00-04:00,14.484999656677246,14.489999771118164,14.479999542236328,14.484999656677246,1219,0.0,0.0,2023-06-01
434,2023-06-01 14:15:00-04:00,14.484999656677246,14.5,14.484999656677246,14.5,4811,0.0,0.0,2023-06-01
435,2023-06-01 14:20:00-04:00,14.5,14.5,14.494999885559082,14.5,12715,0.0,0.0,2023-06-01
436,2023-06-01 14:25:00-04:00,14.5,14.5,14.494999885559082,14.5,9748,0.0,0.0,2023-06-01
437,2023-06-01 14:30:00-04:00,14.5,14.5,14.494999885559082,14.494999885559082,673,0.0,0.0,2023-06-01
438,2023-06-01 14:35:00-04:00,14.5,14.5,14.489999771118164,14.494999885559082,2904,0.0,0.0,2023-06-01
439,2023-06-01 14:40:00-04:00,14.494999885559082,14.5,14.489999771118164,14.494999885559082,758,0.0,0.0,2023-06-01
440,2023-06-01 14:45:00-04:00,14.494999885559082,14.5,14.489999771118164,14.5,833,0.0,0.0,2023-06-01
441,2023-06-01 14:50:00-04:00,14.494999885559082,14.5,14.489999771118164,14.5,1734,0.0,0.0,2023-06-01
442,2023-06-01 14:55:00-04:00,14.494999885559082,14.5,14.489999771118164,14.494999885559082,1485,0.0,0.0,2023-06-01
443,2023-06-01 15:00:00-04:00,14.494999885559082,14.510000228881836,14.489999771118164,14.5,99317,0.0,0.0,2023-06-01
444,2023-06-01 15:05:00-04:00,14.5,14.5,14.5,14.5,1107,0.0,0.0,2023-06-01
445,2023-06-01 15:10:00-04:00,14.5,14.505000114440918,14.5,14.505000114440918,339,0.0,0.0,2023-06-01
446,2023-06-01 15:15:00-04:00,14.505000114440918,14.505000114440918,14.5,14.505000114440918,7313,0.0,0.0,2023-06-01
447,2023-06-01 15:20:00-04:00,14.505000114440918,14.505000114440918,14.5,14.5,1562,0.0,0.0,2023-06-01
448,2023-06-01 15:25:00-04:00,14.5,14.510000228881836,14.5,14.510000228881836,6768,0.0,0.0,2023-06-01
449,2023-06-01 15:30:00-04:00,14.5,14.510000228881836,14.5,14.5,5315,0.0,0.0,2023-06-01
450,2023-06-01 15:35:00-04:00,14.5,14.510000228881836,14.5,14.508399963378906,8397,0.0,0.0,2023-06-01
451,2023-06-01 15:40:00-04:00,14.510000228881836,14.510000228881836,14.505000114440918,14.510000228881836,3872,0.0,0.0,2023-06-01
452,2023-06-01 15:45:00-04:00,14.505000114440918,14.510000228881836,14.5,14.505000114440918,2487,0.0,0.0,2023-06-01
453,2023-06-01 15:50:00-04:00,14.505000114440918,14.510000228881836,14.5,14.5,17703,0.0,0.0,2023-06-01
454,2023-06-01 15:55:00-04:00,14.5,14.510000228881836,14.5,14.5,16195,0.0,0.0,2023-06-01
455,2023-06-02 09:30:00-04:00,14.5,14.529999732971191,14.5,14.510000228881836,14266,0.0,0.0,2023-06-02
456,2023-06-02 09:35:00-04:00,14.510000228881836,14.515000343322754,14.460000038146973,14.479999542236328,89378,0.0,0.0,2023-06-02
457,2023-06-02 09:40:00-04:00,14.489999771118164,14.489999771118164,14.479999542236328,14.484999656677246,2734,0.0,0.0,2023-06-02
458,2023-06-02 09:45:00-04:00,14.484999656677246,14.489999771118164,14.479999542236328,14.484999656677246,3886,0.0,0.0,2023-06-02
459,2023-06-02 09:50:00-04:00,14.484999656677246,14.5,14.484999656677246,14.489999771118164,8575,0.0,0.0,2023-06-02
460,2023-06-02 09:55:00-04:00,14.489999771118164,14.494999885559082,14.489999771118164,14.489999771118164,6663,0.0,0.0,2023-06-02
461,2023-06-02 10:00:00-04:00,14.489999771118164,14.494999885559082,14.489999771118164,14.494999885559082,1935,0.0,0.0,2023-06-02
462,2023-06-02 10:05:00-04:00,14.5,14.5,14.489999771118164,14.494999885559082,6509,0.0,0.0,2023-06-02
463,2023-06-02 10:10:00-04:00,14.494999885559082,14.494999885559082,14.494999885559082,14.494999885559082,900,0.0,0.0,2023-06-02
464,2023-06-02 10:15:00-04:00,14.494999885559082,14.5,14.489999771118164,14.494999885559082,5381,0.0,0.0,2023-06-02
465,2023-06-02 10:20:00-04:00,14.494999885559082,14.5,14.494999885559082,14.494999885559082,3226,0.0,0.0,2023-06-02
466,2023-06-02 10:25:00-04:00,14.494999885559082,14.5,14.494999885559082,14.494999885559082,805,0.0,0.0,2023-06-02
467,2023-06-02 10:30:00-04:00,14.494999885559082,14.494999885559082,14.494999885559082,14.494999885559082,1224,0.0,0.0,2023-06-02
468,2023-06-02 10:35:00-04:00,14.5,14.5,14.492500305175781,14.494999885559082,1310,0.0,0.0,2023-06-02
469,2023-06-02 10:40:00-04:00,14.494999885559082,14.494999885559082,14.492500305175781,14.492500305175781,808,0.0,0.0,2023-06-02
470,2023-06-02 10:45:00-04:00,14.494999885559082,14.5,14.489999771118164,14.489999771118164,1215,0.0,0.0,2023-06-02
471,2023-06-02 10:50:00-04:00,14.5,14.5,14.494999885559082,14.494999885559082,1200,0.0,0.0,2023-06-02
472,2023-06-02 10:55:00-04:00,14.494999885559082,14.5,14.489999771118164,14.489999771118164,11601,0.0,0.0,2023-06-02
473,2023-06-02 11:00:00-04:00,14.489999771118164,14.494999885559082,14.489999771118164,14.494999885559082,504,0.0,0.0,2023-06-02
474,2023-06-02 11:05:00-04:00,14.489999771118164,14.5,14.489999771118164,14.489999771118164,3820,0.0,0.0,2023-06-02
475,2023-06-02 11:10:00-04:00,14.489999771118164,14.494999885559082,14.489999771118164,14.489999771118164,18675,0.0,0.0,2023-06-02
476,2023-06-02 11:15:00-04:00,14.489999771118164,14.5,14.489999771118164,14.5,2500,0.0,0.0,2023-06-02
477,2023-06-02 11:20:00-04:00,14.489999771118164,14.489999771118164,14.489999771118164,14.489999771118164,2186,0.0,0.0,2023-06-02
478,2023-06-02 11:25:00-04:00,14.489999771118164,14.489999771118164,14.489999771118164,14.489999771118164,2811,0.0,0.0,2023-06-02
479,2023-06-02 11:30:00-04:00,14.489999771118164,14.492899894714355,14.489999771118164,14.489999771118164,3786,0.0,0.0,2023-06-02
480,2023-06-02 11:35:00-04:00,14.489999771118164,14.489999771118164,14.489999771118164,14.489999771118164,1076,0.0,0.0,2023-06-02
481,2023-06-02 11:40:00-04:00,14.489999771118164,14.489999771118164,14.489999771118164,14.489999771118164,1399,0.0,0.0,2023-06-02
482,2023-06-02 11:45:00-04:00,14.489999771118164,14.5,14.489999771118164,14.5,10188,0.0,0.0,2023-06-02
483,2023-06-02 11:50:00-04:00,14.489999771118164,14.5,14.489999771118164,14.489999771118164,1885,0.0,0.0,2023-06-02
484,2023-06-02 11:55:00-04:00,14.489999771118164,14.489999771118164,14.489999771118164,14.489999771118164,782,0.0,0.0,2023-06-02
485,2023-06-02 12:00:00-04:00,14.494999885559082,14.5,14.489999771118164,14.489999771118164,1705,0.0,0.0,2023-06-02
486,2023-06-02 12:05:00-04:00,14.489999771118164,14.494999885559082,14.489999771118164,14.489999771118164,701,0.0,0.0,2023-06-02
487,2023-06-02 12:10:00-04:00,14.489999771118164,14.489999771118164,14.489999771118164,14.489999771118164,500,0.0,0.0,2023-06-02
488,2023-06-02 12:15:00-04:00,14.489999771118164,14.5,14.489999771118164,14.489999771118164,1008,0.0,0.0,2023-06-02
489,2023-06-02 12:20:00-04:00,14.489999771118164,14.494999885559082,14.489999771118164,14.492500305175781,1591,0.0,0.0,2023-06-02
490,2023-06-02 12:25:00-04:00,14.494999885559082,14.494999885559082,14.494999885559082,14.494999885559082,1300,0.0,0.0,2023-06-02
491,2023-06-02 12:30:00-04:00,14.494999885559082,14.494999885559082,14.489999771118164,14.489999771118164,20512,0.0,0.0,2023-06-02
492,2023-06-02 12:35:00-04:00,14.5,14.5,14.494999885559082,14.494999885559082,722,0.0,0.0,2023-06-02
493,2023-06-02 12:40:00-04:00,14.494999885559082,14.510000228881836,14.494999885559082,14.510000228881836,11088,0.0,0.0,2023-06-02
494,2023-06-02 12:45:00-04:00,14.510000228881836,14.529999732971191,14.510000228881836,14.520000457763672,2998,0.0,0.0,2023-06-02
495,2023-06-02 12:50:00-04:00,14.520000457763672,14.520000457763672,14.520000457763672,14.520000457763672,198,0.0,0.0,2023-06-02
496,2023-06-02 12:55:00-04:00,14.510000228881836,14.510000228881836,14.510000228881836,14.510000228881836,734,0.0,0.0,2023-06-02
497,2023-06-02 13:00:00-04:00,14.520000457763672,14.520000457763672,14.520000457763672,14.520000457763672,50484,0.0,0.0,2023-06-02
498,2023-06-02 13:05:00-04:00,14.510000228881836,14.515000343322754,14.510000228881836,14.510000228881836,993,0.0,0.0,2023-06-02
499,2023-06-02 13:10:00-04:00,14.510000228881836,14.520000457763672,14.510000228881836,14.520000457763672,2123,0.0,0.0,2023-06-02
500,2023-06-02 13:15:00-04:00,14.529999732971191,14.53499984741211,14.529999732971191,14.53499984741211,3263,0.0,0.0,2023-06-02
501,2023-06-02 13:25:00-04:00,14.520000457763672,14.520000457763672,14.520000457763672,14.520000457763672,107,0.0,0.0,2023-06-02
502,2023-06-02 13:30:00-04:00,14.520000457763672,14.539999961853027,14.520000457763672,14.539999961853027,819,0.0,0.0,2023-06-02
503,2023-06-02 13:35:00-04:00,14.529999732971191,14.529999732971191,14.529999732971191,14.529999732971191,724,0.0,0.0,2023-06-02
504,2023-06-02 13:40:00-04:00,14.529999732971191,14.539999961853027,14.529999732971191,14.529999732971191,6062,0.0,0.0,2023-06-02
505,2023-06-02 13:45:00-04:00,14.529999732971191,14.539999961853027,14.529999732971191,14.53499984741211,1075,0.0,0.0,2023-06-02
506,2023-06-02 13:50:00-04:00,14.529999732971191,14.53499984741211,14.520000457763672,14.520000457763672,694,0.0,0.0,2023-06-02
507,2023-06-02 13:55:00-04:00,14.520000457763672,14.520000457763672,14.520000457763672,14.520000457763672,539,0.0,0.0,2023-06-02
508,2023-06-02 14:00:00-04:00,14.520000457763672,14.529999732971191,14.520000457763672,14.520000457763672,708,0.0,0.0,2023-06-02
509,2023-06-02 14:05:00-04:00,14.520000457763672,14.529999732971191,14.520000457763672,14.520000457763672,1267,0.0,0.0,2023-06-02
510,2023-06-02 14:10:00-04:00,14.520000457763672,14.529999732971191,14.520000457763672,14.520000457763672,1272,0.0,0.0,2023-06-02
511,2023-06-02 14:15:00-04:00,14.520000457763672,14.520000457763672,14.520000457763672,14.520000457763672,620,0.0,0.0,2023-06-02
512,2023-06-02 14:20:00-04:00,14.520000457763672,14.529999732971191,14.520000457763672,14.520000457763672,1682,0.0,0.0,2023-06-02
513,2023-06-02 14:25:00-04:00,14.520000457763672,14.520000457763672,14.520000457763672,14.520000457763672,879,0.0,0.0,2023-06-02
514,2023-06-02 14:30:00-04:00,14.520000457763672,14.529999732971191,14.520000457763672,14.520000457763672,1019,0.0,0.0,2023-06-02
515,2023-06-02 14:35:00-04:00,14.520000457763672,14.529999732971191,14.520000457763672,14.520000457763672,948,0.0,0.0,2023-06-02
516,2023-06-02 14:40:00-04:00,14.520000457763672,14.520000457763672,14.520000457763672,14.520000457763672,731,0.0,0.0,2023-06-02
517,2023-06-02 14:45:00-04:00,14.520000457763672,14.53499984741211,14.520000457763672,14.53499984741211,2436,0.0,0.0,2023-06-02
518,2023-06-02 14:50:00-04:00,14.53499984741211,14.53499984741211,14.529999732971191,14.529999732971191,641,0.0,0.0,2023-06-02
519,2023-06-02 14:55:00-04:00,14.529999732971191,14.529999732971191,14.529999732971191,14.529999732971191,916,0.0,0.0,2023-06-02
520,2023-06-02 15:00:00-04:00,14.53499984741211,14.53499984741211,14.520000457763672,14.520000457763672,1110,0.0,0.0,2023-06-02
521,2023-06-02 15:05:00-04:00,14.520000457763672,14.520000457763672,14.520000457763672,14.520000457763672,843,0.0,0.0,2023-06-02
522,2023-06-02 15:10:00-04:00,14.520000457763672,14.539999961853027,14.520000457763672,14.529999732971191,1651,0.0,0.0,2023-06-02
523,2023-06-02 15:15:00-04:00,14.529999732971191,14.539999961853027,14.529999732971191,14.539999961853027,1322,0.0,0.0,2023-06-02
524,2023-06-02 15:20:00-04:00,14.529999732971191,14.53499984741211,14.529999732971191,14.529999732971191,4769,0.0,0.0,2023-06-02
525,2023-06-02 15:25:00-04:00,14.529999732971191,14.539999961853027,14.529999732971191,14.53499984741211,1834,0.0,0.0,2023-06-02
526,2023-06-02 15:30:00-04:00,14.529999732971191,14.53499984741211,14.529999732971191,14.53499984741211,1133,0.0,0.0,2023-06-02
527,2023-06-02 15:35:00-04:00,14.53499984741211,14.53499984741211,14.529999732971191,14.529999732971191,1423,0.0,0.0,2023-06-02
528,2023-06-02 15:40:00-04:00,14.53499984741211,14.539999961853027,14.529999732971191,14.529999732971191,4559,0.0,0.0,2023-06-02
529,2023-06-02 15:45:00-04:00,14.529999732971191,14.539999961853027,14.529999732971191,14.53499984741211,4266,0.0,0.0,2023-06-02
530,2023-06-02 15:50:00-04:00,14.539999961853027,14.5600004196167,14.539999961853027,14.5600004196167,10304,0.0,0.0,2023-06-02
531,2023-06-02 15:55:00-04:00,14.5600004196167,14.5649995803833,14.529999732971191,14.539999961853027,12290,0.0,0.0,2023-06-02
532,2023-06-05 09:30:00-04:00,14.529999732971191,14.550000190734863,14.510000228881836,14.550000190734863,6847,0.0,0.0,2023-06-05
533,2023-06-05 09:35:00-04:00,14.5600004196167,14.579999923706055,14.5600004196167,14.569999694824219,2191,0.0,0.0,2023-06-05
534,2023-06-05 09:40:00-04:00,14.579999923706055,14.579999923706055,14.510000228881836,14.529999732971191,23840,0.0,0.0,2023-06-05
535,2023-06-05 09:45:00-04:00,14.529999732971191,14.529999732971191,14.529999732971191,14.529999732971191,1464,0.0,0.0,2023-06-05
536,2023-06-05 09:50:00-04:00,14.529999732971191,14.529999732971191,14.529999732971191,14.529999732971191,741,0.0,0.0,2023-06-05
537,2023-06-05 09:55:00-04:00,14.529999732971191,14.539999961853027,14.529999732971191,14.539999961853027,1590,0.0,0.0,2023-06-05
538,2023-06-05 10:00:00-04:00,14.539999961853027,14.550000190734863,14.539999961853027,14.550000190734863,2893,0.0,0.0,2023-06-05
539,2023-06-05 10:05:00-04:00,14.529999732971191,14.529999732971191,14.520000457763672,14.529999732971191,3499,0.0,0.0,2023-06-05
540,2023-06-05 10:10:00-04:00,14.524999618530273,14.524999618530273,14.5,14.520000457763672,5370,0.0,0.0,2023-06-05
541,2023-06-05 10:15:00-04:00,14.520000457763672,14.529999732971191,14.520000457763672,14.529999732971191,859,0.0,0.0,2023-06-05
542,2023-06-05 10:20:00-04:00,14.510000228881836,14.510000228881836,14.510000228881836,14.510000228881836,160,0.0,0.0,2023-06-05
543,2023-06-05 10:25:00-04:00,14.510000228881836,14.529999732971191,14.510000228881836,14.520000457763672,2713,0.0,0.0,2023-06-05
544,2023-06-05 10:30:00-04:00,14.520000457763672,14.520000457763672,14.520000457763672,14.520000457763672,300,0.0,0.0,2023-06-05
545,2023-06-05 10:35:00-04:00,14.510000228881836,14.520000457763672,14.5,14.520000457763672,11459,0.0,0.0,2023-06-05
546,2023-06-05 10:40:00-04:00,14.520000457763672,14.520000457763672,14.510000228881836,14.51990032196045,4427,0.0,0.0,2023-06-05
547,2023-06-05 10:45:00-04:00,14.520000457763672,14.520000457763672,14.520000457763672,14.520000457763672,986,0.0,0.0,2023-06-05
548,2023-06-05 10:50:00-04:00,14.520000457763672,14.520000457763672,14.520000457763672,14.520000457763672,1237,0.0,0.0,2023-06-05
549,2023-06-05 10:55:00-04:00,14.52299976348877,14.52299976348877,14.5,14.5,6286,0.0,0.0,2023-06-05
550,2023-06-05 11:00:00-04:00,14.515000343322754,14.520000457763672,14.5,14.510000228881836,3648,0.0,0.0,2023-06-05
551,2023-06-05 11:05:00-04:00,14.5,14.520000457763672,14.5,14.515000343322754,5562,0.0,0.0,2023-06-05
552,2023-06-05 11:10:00-04:00,14.515000343322754,14.520000457763672,14.515000343322754,14.520000457763672,596,0.0,0.0,2023-06-05
553,2023-06-05 11:15:00-04:00,14.515000343322754,14.520000457763672,14.515000343322754,14.520000457763672,392,0.0,0.0,2023-06-05
554,2023-06-05 11:20:00-04:00,14.520000457763672,14.520000457763672,14.510000228881836,14.510000228881836,1500,0.0,0.0,2023-06-05
555,2023-06-05 11:25:00-04:00,14.520000457763672,14.520000457763672,14.510000228881836,14.520000457763672,607,0.0,0.0,2023-06-05
556,2023-06-05 11:30:00-04:00,14.520000457763672,14.520000457763672,14.515000343322754,14.515000343322754,2973,0.0,0.0,2023-06-05
557,2023-06-05 11:35:00-04:00,14.520000457763672,14.539999961853027,14.510000228881836,14.539999961853027,3238,0.0,0.0,2023-06-05
558,2023-06-05 11:40:00-04:00,14.539999961853027,14.539999961853027,14.520000457763672,14.520000457763672,919,0.0,0.0,2023-06-05
559,2023-06-05 11:45:00-04:00,14.539999961853027,14.539999961853027,14.520000457763672,14.520000457763672,635,0.0,0.0,2023-06-05
560,2023-06-05 11:50:00-04:00,14.539999961853027,14.550000190734863,14.539999961853027,14.539999961853027,1977,0.0,0.0,2023-06-05
561,2023-06-05 11:55:00-04:00,14.539999961853027,14.550000190734863,14.539999961853027,14.539999961853027,804,0.0,0.0,2023-06-05
562,2023-06-05 12:00:00-04:00,14.529999732971191,14.539999961853027,14.529999732971191,14.539999961853027,1581,0.0,0.0,2023-06-05
563,2023-06-05 12:05:00-04:00,14.520000457763672,14.539999961853027,14.520000457763672,14.529999732971191,1105,0.0,0.0,2023-06-05
564,2023-06-05 12:10:00-04:00,14.529999732971191,14.539999961853027,14.529999732971191,14.539999961853027,890,0.0,0.0,2023-06-05
565,2023-06-05 12:15:00-04:00,14.550000190734863,14.550000190734863,14.550000190734863,14.550000190734863,311,0.0,0.0,2023-06-05
566,2023-06-05 12:20:00-04:00,14.550000190734863,14.550000190734863,14.545000076293945,14.550000190734863,1809,0.0,0.0,2023-06-05
567,2023-06-05 12:25:00-04:00,14.5600004196167,14.5649995803833,14.5600004196167,14.5600004196167,1379,0.0,0.0,2023-06-05
568,2023-06-05 12:30:00-04:00,14.5600004196167,14.5600004196167,14.5600004196167,14.5600004196167,449,0.0,0.0,2023-06-05
569,2023-06-05 12:35:00-04:00,14.569999694824219,14.569999694824219,14.550000190734863,14.550000190734863,3255,0.0,0.0,2023-06-05
570,2023-06-05 12:40:00-04:00,14.550000190734863,14.550000190734863,14.550000190734863,14.550000190734863,283,0.0,0.0,2023-06-05
571,2023-06-05 12:45:00-04:00,14.550000190734863,14.550000190734863,14.539999961853027,14.550000190734863,1022,0.0,0.0,2023-06-05
572,2023-06-05 12:50:00-04:00,14.5600004196167,14.5600004196167,14.539999961853027,14.550000190734863,1592,0.0,0.0,2023-06-05
573,2023-06-05 12:55:00-04:00,14.529999732971191,14.529999732971191,14.529999732971191,14.529999732971191,312,0.0,0.0,2023-06-05
574,2023-06-05 13:00:00-04:00,14.539999961853027,14.550000190734863,14.539999961853027,14.550000190734863,2574,0.0,0.0,2023-06-05
575,2023-06-05 13:10:00-04:00,14.5600004196167,14.5600004196167,14.5600004196167,14.5600004196167,622,0.0,0.0,2023-06-05
576,2023-06-05 13:15:00-04:00,14.5600004196167,14.5600004196167,14.5600004196167,14.5600004196167,925,0.0,0.0,2023-06-05
577,2023-06-05 13:20:00-04:00,14.5600004196167,14.5600004196167,14.5600004196167,14.5600004196167,408,0.0,0.0,2023-06-05
578,2023-06-05 13:25:00-04:00,14.555000305175781,14.555000305175781,14.553099632263184,14.555000305175781,1467,0.0,0.0,2023-06-05
579,2023-06-05 13:30:00-04:00,14.539999961853027,14.555000305175781,14.539999961853027,14.555000305175781,200,0.0,0.0,2023-06-05
580,2023-06-05 13:35:00-04:00,14.539999961853027,14.5600004196167,14.520000457763672,14.520000457763672,7531,0.0,0.0,2023-06-05
581,2023-06-05 13:40:00-04:00,14.529999732971191,14.529999732971191,14.520000457763672,14.520000457763672,964,0.0,0.0,2023-06-05
582,2023-06-05 13:45:00-04:00,14.520000457763672,14.539999961853027,14.520000457763672,14.539999961853027,2500,0.0,0.0,2023-06-05
583,2023-06-05 13:50:00-04:00,14.53499984741211,14.539999961853027,14.529999732971191,14.529999732971191,16111,0.0,0.0,2023-06-05
584,2023-06-05 13:55:00-04:00,14.529999732971191,14.529999732971191,14.520000457763672,14.520000457763672,5374,0.0,0.0,2023-06-05
585,2023-06-05 14:00:00-04:00,14.529999732971191,14.529999732971191,14.520000457763672,14.520000457763672,1048,0.0,0.0,2023-06-05
586,2023-06-05 14:05:00-04:00,14.529999732971191,14.529999732971191,14.520000457763672,14.520000457763672,1719,0.0,0.0,2023-06-05
587,2023-06-05 14:10:00-04:00,14.520000457763672,14.539999961853027,14.520000457763672,14.520000457763672,2108,0.0,0.0,2023-06-05
588,2023-06-05 14:15:00-04:00,14.520000457763672,14.539999961853027,14.520000457763672,14.539999961853027,1357,0.0,0.0,2023-06-05
589,2023-06-05 14:20:00-04:00,14.539999961853027,14.539999961853027,14.520000457763672,14.539999961853027,1365,0.0,0.0,2023-06-05
590,2023-06-05 14:25:00-04:00,14.538599967956543,14.539999961853027,14.538599967956543,14.539999961853027,772,0.0,0.0,2023-06-05
591,2023-06-05 14:30:00-04:00,14.539999961853027,14.539999961853027,14.520000457763672,14.529999732971191,1764,0.0,0.0,2023-06-05
592,2023-06-05 14:35:00-04:00,14.529999732971191,14.529999732971191,14.520000457763672,14.520000457763672,15737,0.0,0.0,2023-06-05
593,2023-06-05 14:40:00-04:00,14.520000457763672,14.529999732971191,14.520000457763672,14.520000457763672,4271,0.0,0.0,2023-06-05
594,2023-06-05 14:45:00-04:00,14.524999618530273,14.529999732971191,14.524999618530273,14.529999732971191,2081,0.0,0.0,2023-06-05
595,2023-06-05 14:50:00-04:00,14.529999732971191,14.529999732971191,14.520000457763672,14.529999732971191,3256,0.0,0.0,2023-06-05
596,2023-06-05 14:55:00-04:00,14.529999732971191,14.539999961853027,14.529999732971191,14.539999961853027,696,0.0,0.0,2023-06-05
597,2023-06-05 15:00:00-04:00,14.539999961853027,14.539999961853027,14.529999732971191,14.529999732971191,837,0.0,0.0,2023-06-05
598,2023-06-05 15:05:00-04:00,14.529999732971191,14.529999732971191,14.520000457763672,14.529999732971191,2286,0.0,0.0,2023-06-05
599,2023-06-05 15:10:00-04:00,14.520000457763672,14.539999961853027,14.520000457763672,14.539999961853027,1102,0.0,0.0,2023-06-05
600,2023-06-05 15:15:00-04:00,14.539999961853027,14.539999961853027,14.529999732971191,14.529999732971191,4042,0.0,0.0,2023-06-05
601,2023-06-05 15:20:00-04:00,14.529999732971191,14.53499984741211,14.529999732971191,14.529999732971191,1733,0.0,0.0,2023-06-05
602,2023-06-05 15:25:00-04:00,14.53499984741211,14.539999961853027,14.529999732971191,14.539999961853027,1286,0.0,0.0,2023-06-05
603,2023-06-05 15:30:00-04:00,14.539999961853027,14.569999694824219,14.529999732971191,14.555000305175781,12917,0.0,0.0,2023-06-05
604,2023-06-05 15:35:00-04:00,14.555000305175781,14.595000267028809,14.555000305175781,14.59000015258789,18886,0.0,0.0,2023-06-05
605,2023-06-05 15:40:00-04:00,14.600000381469727,14.649999618530273,14.595000267028809,14.649999618530273,19584,0.0,0.0,2023-06-05
606,2023-06-05 15:45:00-04:00,14.649999618530273,14.899999618530273,14.640000343322754,14.880000114440918,39840,0.0,0.0,2023-06-05
607,2023-06-05 15:50:00-04:00,14.899999618530273,14.970000267028809,14.760000228881836,14.770000457763672,48997,0.0,0.0,2023-06-05
608,2023-06-05 15:55:00-04:00,14.765899658203125,14.850000381469727,14.760000228881836,14.779999732971191,54580,0.0,0.0,2023-06-05
609,2023-06-06 09:30:00-04:00,14.680000305175781,14.699999809265137,14.649999618530273,14.699999809265137,3781,0.0,0.0,2023-06-06
610,2023-06-06 09:35:00-04:00,14.672699928283691,14.760000228881836,14.550000190734863,14.649999618530273,90551,0.0,0.0,2023-06-06
611,2023-06-06 09:40:00-04:00,14.649999618530273,14.649999618530273,14.649999618530273,14.649999618530273,492,0.0,0.0,2023-06-06
612,2023-06-06 09:45:00-04:00,14.630000114440918,14.640000343322754,14.630000114440918,14.640000343322754,1853,0.0,0.0,2023-06-06
613,2023-06-06 09:50:00-04:00,14.649999618530273,14.649999618530273,14.640000343322754,14.640000343322754,200,0.0,0.0,2023-06-06
614,2023-06-06 09:55:00-04:00,14.649999618530273,14.649999618530273,14.649999618530273,14.649999618530273,774,0.0,0.0,2023-06-06
615,2023-06-06 10:00:00-04:00,14.649999618530273,14.649999618530273,14.649999618530273,14.649999618530273,247,0.0,0.0,2023-06-06
616,2023-06-06 10:05:00-04:00,14.619999885559082,14.619999885559082,14.619999885559082,14.619999885559082,5994,0.0,0.0,2023-06-06
617,2023-06-06 10:10:00-04:00,14.630000114440918,14.640000343322754,14.630000114440918,14.640000343322754,1031,0.0,0.0,2023-06-06
618,2023-06-06 10:15:00-04:00,14.640000343322754,14.640000343322754,14.640000343322754,14.640000343322754,1042,0.0,0.0,2023-06-06
619,2023-06-06 10:20:00-04:00,14.640000343322754,14.640000343322754,14.640000343322754,14.640000343322754,200,0.0,0.0,2023-06-06
620,2023-06-06 10:25:00-04:00,14.625,14.640000343322754,14.619999885559082,14.635000228881836,7024,0.0,0.0,2023-06-06
621,2023-06-06 10:30:00-04:00,14.630000114440918,14.640000343322754,14.630000114440918,14.640000343322754,1305,0.0,0.0,2023-06-06
622,2023-06-06 10:35:00-04:00,14.630000114440918,14.630000114440918,14.630000114440918,14.630000114440918,275,0.0,0.0,2023-06-06
623,2023-06-06 10:45:00-04:00,14.640000343322754,14.640000343322754,14.635000228881836,14.640000343322754,557,0.0,0.0,2023-06-06
624,2023-06-06 10:50:00-04:00,14.635000228881836,14.649999618530273,14.635000228881836,14.649999618530273,1555,0.0,0.0,2023-06-06
625,2023-06-06 11:00:00-04:00,14.640000343322754,14.640000343322754,14.630000114440918,14.630000114440918,713,0.0,0.0,2023-06-06
626,2023-06-06 11:05:00-04:00,14.630000114440918,14.630000114440918,14.619999885559082,14.619999885559082,614,0.0,0.0,2023-06-06
627,2023-06-06 11:10:00-04:00,14.619999885559082,14.619999885559082,14.619999885559082,14.619999885559082,2599,0.0,0.0,2023-06-06
628,2023-06-06 11:15:00-04:00,14.619999885559082,14.625,14.550000190734863,14.5600004196167,40670,0.0,0.0,2023-06-06
629,2023-06-06 11:20:00-04:00,14.569999694824219,14.569999694824219,14.520000457763672,14.520000457763672,7536,0.0,0.0,2023-06-06
630,2023-06-06 11:25:00-04:00,14.520000457763672,14.5600004196167,14.520000457763672,14.550000190734863,3605,0.0,0.0,2023-06-06
631,2023-06-06 11:30:00-04:00,14.550000190734863,14.555000305175781,14.550000190734863,14.550000190734863,6787,0.0,0.0,2023-06-06
632,2023-06-06 11:35:00-04:00,14.5600004196167,14.579999923706055,14.5600004196167,14.579999923706055,27810,0.0,0.0,2023-06-06
633,2023-06-06 11:40:00-04:00,14.574999809265137,14.574999809265137,14.574999809265137,14.574999809265137,147,0.0,0.0,2023-06-06
634,2023-06-06 11:45:00-04:00,14.579999923706055,14.600000381469727,14.574999809265137,14.600000381469727,5232,0.0,0.0,2023-06-06
635,2023-06-06 11:50:00-04:00,14.600000381469727,14.670000076293945,14.600000381469727,14.670000076293945,4575,0.0,0.0,2023-06-06
636,2023-06-06 11:55:00-04:00,14.670000076293945,14.670000076293945,14.65999984741211,14.670000076293945,7695,0.0,0.0,2023-06-06
637,2023-06-06 12:00:00-04:00,14.630000114440918,14.640000343322754,14.630000114440918,14.640000343322754,567,0.0,0.0,2023-06-06
638,2023-06-06 12:05:00-04:00,14.609999656677246,14.619999885559082,14.609999656677246,14.619999885559082,1326,0.0,0.0,2023-06-06
639,2023-06-06 12:10:00-04:00,14.640000343322754,14.670000076293945,14.630000114440918,14.649999618530273,4441,0.0,0.0,2023-06-06
640,2023-06-06 12:15:00-04:00,14.649999618530273,14.649999618530273,14.649999618530273,14.649999618530273,660,0.0,0.0,2023-06-06
641,2023-06-06 12:25:00-04:00,14.630000114440918,14.640000343322754,14.619999885559082,14.640000343322754,931,0.0,0.0,2023-06-06
642,2023-06-06 12:35:00-04:00,14.619999885559082,14.619999885559082,14.600000381469727,14.608499526977539,5788,0.0,0.0,2023-06-06
643,2023-06-06 12:45:00-04:00,14.609999656677246,14.609999656677246,14.579999923706055,14.579999923706055,963,0.0,0.0,2023-06-06
644,2023-06-06 12:50:00-04:00,14.579999923706055,14.579999923706055,14.569999694824219,14.569999694824219,1078,0.0,0.0,2023-06-06
645,2023-06-06 13:00:00-04:00,14.569999694824219,14.569999694824219,14.569999694824219,14.569999694824219,626,0.0,0.0,2023-06-06
646,2023-06-06 13:05:00-04:00,14.5600004196167,14.569999694824219,14.5600004196167,14.569999694824219,1312,0.0,0.0,2023-06-06
647,2023-06-06 13:10:00-04:00,14.569700241088867,14.569700241088867,14.569700241088867,14.569700241088867,103,0.0,0.0,2023-06-06
648,2023-06-06 13:15:00-04:00,14.5649995803833,14.585000038146973,14.5649995803833,14.585000038146973,663,0.0,0.0,2023-06-06
649,2023-06-06 13:20:00-04:00,14.579999923706055,14.579999923706055,14.550000190734863,14.5600004196167,9217,0.0,0.0,2023-06-06
650,2023-06-06 13:25:00-04:00,14.5600004196167,14.5600004196167,14.5600004196167,14.5600004196167,204,0.0,0.0,2023-06-06
651,2023-06-06 13:30:00-04:00,14.5600004196167,14.5600004196167,14.5600004196167,14.5600004196167,625,0.0,0.0,2023-06-06
652,2023-06-06 13:35:00-04:00,14.569999694824219,14.585000038146973,14.5600004196167,14.579999923706055,1285,0.0,0.0,2023-06-06
653,2023-06-06 13:40:00-04:00,14.579999923706055,14.579999923706055,14.569999694824219,14.569999694824219,625,0.0,0.0,2023-06-06
654,2023-06-06 13:45:00-04:00,14.569999694824219,14.59000015258789,14.550000190734863,14.59000015258789,8750,0.0,0.0,2023-06-06
655,2023-06-06 13:50:00-04:00,14.609999656677246,14.609999656677246,14.59000015258789,14.59000015258789,2518,0.0,0.0,2023-06-06
656,2023-06-06 13:55:00-04:00,14.569999694824219,14.569999694824219,14.5600004196167,14.5600004196167,318,0.0,0.0,2023-06-06
657,2023-06-06 14:00:00-04:00,14.579999923706055,14.579999923706055,14.579999923706055,14.579999923706055,1115,0.0,0.0,2023-06-06
658,2023-06-06 14:05:00-04:00,14.579999923706055,14.579999923706055,14.5600004196167,14.579999923706055,4000,0.0,0.0,2023-06-06
659,2023-06-06 14:10:00-04:00,14.585000038146973,14.59000015258789,14.585000038146973,14.59000015258789,1221,0.0,0.0,2023-06-06
660,2023-06-06 14:15:00-04:00,14.59000015258789,14.59000015258789,14.59000015258789,14.59000015258789,857,0.0,0.0,2023-06-06
661,2023-06-06 14:25:00-04:00,14.579999923706055,14.585000038146973,14.579999923706055,14.585000038146973,719,0.0,0.0,2023-06-06
662,2023-06-06 14:30:00-04:00,14.569999694824219,14.569999694824219,14.5600004196167,14.5600004196167,1736,0.0,0.0,2023-06-06
663,2023-06-06 14:35:00-04:00,14.5600004196167,14.569999694824219,14.5600004196167,14.5600004196167,2909,0.0,0.0,2023-06-06
664,2023-06-06 14:40:00-04:00,14.5600004196167,14.574999809265137,14.5600004196167,14.574999809265137,2964,0.0,0.0,2023-06-06
665,2023-06-06 14:45:00-04:00,14.579999923706055,14.579999923706055,14.574999809265137,14.579999923706055,1451,0.0,0.0,2023-06-06
666,2023-06-06 14:50:00-04:00,14.574999809265137,14.574999809265137,14.574999809265137,14.574999809265137,359,0.0,0.0,2023-06-06
667,2023-06-06 14:55:00-04:00,14.569999694824219,14.569999694824219,14.569999694824219,14.569999694824219,683,0.0,0.0,2023-06-06
668,2023-06-06 15:00:00-04:00,14.569999694824219,14.574999809265137,14.569999694824219,14.569999694824219,721,0.0,0.0,2023-06-06
669,2023-06-06 15:05:00-04:00,14.569999694824219,14.569999694824219,14.569999694824219,14.569999694824219,569,0.0,0.0,2023-06-06
670,2023-06-06 15:10:00-04:00,14.569999694824219,14.569999694824219,14.5600004196167,14.569999694824219,2401,0.0,0.0,2023-06-06
671,2023-06-06 15:15:00-04:00,14.5649995803833,14.569999694824219,14.5600004196167,14.5600004196167,3076,0.0,0.0,2023-06-06
672,2023-06-06 15:20:00-04:00,14.569999694824219,14.569999694824219,14.5649995803833,14.5649995803833,457,0.0,0.0,2023-06-06
673,2023-06-06 15:25:00-04:00,14.569999694824219,14.579999923706055,14.5600004196167,14.5600004196167,5352,0.0,0.0,2023-06-06
674,2023-06-06 15:30:00-04:00,14.5600004196167,14.569999694824219,14.5600004196167,14.5649995803833,1262,0.0,0.0,2023-06-06
675,2023-06-06 15:35:00-04:00,14.5600004196167,14.569999694824219,14.5600004196167,14.5649995803833,3844,0.0,0.0,2023-06-06
676,2023-06-06 15:40:00-04:00,14.5649995803833,14.569999694824219,14.5649995803833,14.5649995803833,4260,0.0,0.0,2023-06-06
677,2023-06-06 15:45:00-04:00,14.5649995803833,14.569999694824219,14.5600004196167,14.5649995803833,5775,0.0,0.0,2023-06-06
678,2023-06-06 15:50:00-04:00,14.569999694824219,14.569999694824219,14.5600004196167,14.5649995803833,11721,0.0,0.0,2023-06-06
679,2023-06-06 15:55:00-04:00,14.5649995803833,14.579999923706055,14.550000190734863,14.569999694824219,36442,0.0,0.0,2023-06-06
680,2023-06-07 09:30:00-04:00,14.649999618530273,14.649999618530273,14.600099563598633,14.609999656677246,7337,0.0,0.0,2023-06-07
681,2023-06-07 09:35:00-04:00,14.65999984741211,14.65999984741211,14.640000343322754,14.640000343322754,833,0.0,0.0,2023-06-07
682,2023-06-07 09:40:00-04:00,14.619999885559082,14.619999885559082,14.609999656677246,14.609999656677246,2421,0.0,0.0,2023-06-07
683,2023-06-07 09:45:00-04:00,14.640000343322754,14.649999618530273,14.623299598693848,14.649999618530273,1625,0.0,0.0,2023-06-07
684,2023-06-07 09:50:00-04:00,14.649999618530273,14.649999618530273,14.649999618530273,14.649999618530273,1301,0.0,0.0,2023-06-07
685,2023-06-07 09:55:00-04:00,14.640000343322754,14.640000343322754,14.640000343322754,14.640000343322754,987,0.0,0.0,2023-06-07
686,2023-06-07 10:05:00-04:00,14.640000343322754,14.640000343322754,14.630000114440918,14.640000343322754,2989,0.0,0.0,2023-06-07
687,2023-06-07 10:20:00-04:00,14.649999618530273,14.649999618530273,14.600000381469727,14.600000381469727,8698,0.0,0.0,2023-06-07
688,2023-06-07 10:30:00-04:00,14.609999656677246,14.609999656677246,14.609999656677246,14.609999656677246,642,0.0,0.0,2023-06-07
689,2023-06-07 10:35:00-04:00,14.600000381469727,14.609999656677246,14.600000381469727,14.600000381469727,2186,0.0,0.0,2023-06-07
690,2023-06-07 10:40:00-04:00,14.600000381469727,14.600000381469727,14.59000015258789,14.59000015258789,1117,0.0,0.0,2023-06-07
691,2023-06-07 10:45:00-04:00,14.59000015258789,14.600000381469727,14.550000190734863,14.5600004196167,22687,0.0,0.0,2023-06-07
692,2023-06-07 10:50:00-04:00,14.550000190734863,14.550000190734863,14.550000190734863,14.550000190734863,3257,0.0,0.0,2023-06-07
693,2023-06-07 10:55:00-04:00,14.5600004196167,14.5600004196167,14.555000305175781,14.5600004196167,2032,0.0,0.0,2023-06-07
694,2023-06-07 11:05:00-04:00,14.550000190734863,14.5600004196167,14.550000190734863,14.5600004196167,2498,0.0,0.0,2023-06-07
695,2023-06-07 11:10:00-04:00,14.5600004196167,14.5600004196167,14.5600004196167,14.5600004196167,258,0.0,0.0,2023-06-07
696,2023-06-07 11:15:00-04:00,14.5600004196167,14.5600004196167,14.5600004196167,14.5600004196167,391,0.0,0.0,2023-06-07
697,2023-06-07 11:25:00-04:00,14.5600004196167,14.5600004196167,14.552499771118164,14.552499771118164,1708,0.0,0.0,2023-06-07
698,2023-06-07 11:40:00-04:00,14.5649995803833,14.569999694824219,14.5600004196167,14.5600004196167,906,0.0,0.0,2023-06-07
699,2023-06-07 11:45:00-04:00,14.5649995803833,14.569999694824219,14.5600004196167,14.5600004196167,1427,0.0,0.0,2023-06-07
700,2023-06-07 11:50:00-04:00,14.569999694824219,14.569999694824219,14.569999694824219,14.569999694824219,100,0.0,0.0,2023-06-07
701,2023-06-07 11:55:00-04:00,14.5600004196167,14.5600004196167,14.5600004196167,14.5600004196167,4043,0.0,0.0,2023-06-07
702,2023-06-07 12:00:00-04:00,14.5600004196167,14.5600004196167,14.5600004196167,14.5600004196167,244,0.0,0.0,2023-06-07
703,2023-06-07 12:05:00-04:00,14.569999694824219,14.569999694824219,14.5649995803833,14.5649995803833,331,0.0,0.0,2023-06-07
704,2023-06-07 12:10:00-04:00,14.5649995803833,14.5649995803833,14.5649995803833,14.5649995803833,617,0.0,0.0,2023-06-07
705,2023-06-07 12:15:00-04:00,14.5600004196167,14.5649995803833,14.5600004196167,14.5649995803833,757,0.0,0.0,2023-06-07
706,2023-06-07 12:20:00-04:00,14.5600004196167,14.5600004196167,14.5600004196167,14.5600004196167,417,0.0,0.0,2023-06-07
707,2023-06-07 12:25:00-04:00,14.5649995803833,14.5649995803833,14.5600004196167,14.5600004196167,411,0.0,0.0,2023-06-07
708,2023-06-07 12:30:00-04:00,14.5600004196167,14.569999694824219,14.5600004196167,14.569999694824219,1737,0.0,0.0,2023-06-07
709,2023-06-07 12:35:00-04:00,14.5649995803833,14.5649995803833,14.5600004196167,14.560099601745605,725,0.0,0.0,2023-06-07
710,2023-06-07 12:40:00-04:00,14.5600004196167,14.5600004196167,14.5600004196167,14.5600004196167,298,0.0,0.0,2023-06-07
711,2023-06-07 12:45:00-04:00,14.569999694824219,14.569999694824219,14.569999694824219,14.569999694824219,523,0.0,0.0,2023-06-07
712,2023-06-07 12:50:00-04:00,14.5600004196167,14.5600004196167,14.5600004196167,14.5600004196167,462,0.0,0.0,2023-06-07
713,2023-06-07 12:55:00-04:00,14.569999694824219,14.569999694824219,14.5649995803833,14.5649995803833,1307,0.0,0.0,2023-06-07
714,2023-06-07 13:00:00-04:00,14.5600004196167,14.5600004196167,14.5600004196167,14.5600004196167,221,0.0,0.0,2023-06-07
715,2023-06-07 13:05:00-04:00,14.5600004196167,14.569999694824219,14.5600004196167,14.5649995803833,712,0.0,0.0,2023-06-07
716,2023-06-07 13:10:00-04:00,14.5600004196167,14.5600004196167,14.5600004196167,14.5600004196167,658,0.0,0.0,2023-06-07
717,2023-06-07 13:15:00-04:00,14.569999694824219,14.569999694824219,14.5600004196167,14.5600004196167,5469,0.0,0.0,2023-06-07
718,2023-06-07 13:20:00-04:00,14.5600004196167,14.569999694824219,14.5600004196167,14.569999694824219,2344,0.0,0.0,2023-06-07
719,2023-06-07 13:25:00-04:00,14.5649995803833,14.5649995803833,14.5600004196167,14.5649995803833,1859,0.0,0.0,2023-06-07
720,2023-06-07 13:30:00-04:00,14.5600004196167,14.569999694824219,14.5600004196167,14.5600004196167,4807,0.0,0.0,2023-06-07
721,2023-06-07 13:35:00-04:00,14.5600004196167,14.5649995803833,14.5600004196167,14.5649995803833,942,0.0,0.0,2023-06-07
722,2023-06-07 13:40:00-04:00,14.5600004196167,14.5649995803833,14.5600004196167,14.5649995803833,6768,0.0,0.0,2023-06-07
723,2023-06-07 13:45:00-04:00,14.5649995803833,14.569999694824219,14.5600004196167,14.569999694824219,2007,0.0,0.0,2023-06-07
724,2023-06-07 13:50:00-04:00,14.5600004196167,14.569999694824219,14.5600004196167,14.569999694824219,1857,0.0,0.0,2023-06-07
725,2023-06-07 13:55:00-04:00,14.5600004196167,14.569999694824219,14.5600004196167,14.5600004196167,2768,0.0,0.0,2023-06-07
726,2023-06-07 14:00:00-04:00,14.5600004196167,14.5600004196167,14.5600004196167,14.5600004196167,396,0.0,0.0,2023-06-07
727,2023-06-07 14:05:00-04:00,14.5600004196167,14.569999694824219,14.5600004196167,14.569999694824219,597,0.0,0.0,2023-06-07
728,2023-06-07 14:10:00-04:00,14.5600004196167,14.5649995803833,14.5600004196167,14.5600004196167,583,0.0,0.0,2023-06-07
729,2023-06-07 14:20:00-04:00,14.5600004196167,14.569999694824219,14.5600004196167,14.5600004196167,5778,0.0,0.0,2023-06-07
730,2023-06-07 14:25:00-04:00,14.5649995803833,14.5649995803833,14.5600004196167,14.5600004196167,355,0.0,0.0,2023-06-07
731,2023-06-07 14:30:00-04:00,14.5600004196167,14.569999694824219,14.5600004196167,14.5600004196167,4027,0.0,0.0,2023-06-07
732,2023-06-07 14:35:00-04:00,14.567999839782715,14.569999694824219,14.5649995803833,14.569999694824219,5279,0.0,0.0,2023-06-07
733,2023-06-07 14:40:00-04:00,14.5649995803833,14.5649995803833,14.5600004196167,14.5600004196167,1351,0.0,0.0,2023-06-07
734,2023-06-07 14:45:00-04:00,14.569999694824219,14.569999694824219,14.5649995803833,14.5649995803833,442,0.0,0.0,2023-06-07
735,2023-06-07 14:50:00-04:00,14.5649995803833,14.569999694824219,14.5600004196167,14.5600004196167,720,0.0,0.0,2023-06-07
736,2023-06-07 14:55:00-04:00,14.5649995803833,14.569999694824219,14.5600004196167,14.569999694824219,1130,0.0,0.0,2023-06-07
737,2023-06-07 15:00:00-04:00,14.5649995803833,14.5649995803833,14.5649995803833,14.5649995803833,411,0.0,0.0,2023-06-07
738,2023-06-07 15:05:00-04:00,14.569999694824219,14.569999694824219,14.569999694824219,14.569999694824219,222,0.0,0.0,2023-06-07
739,2023-06-07 15:10:00-04:00,14.5600004196167,14.569999694824219,14.5600004196167,14.5649995803833,1595,0.0,0.0,2023-06-07
740,2023-06-07 15:15:00-04:00,14.5600004196167,14.5649995803833,14.5600004196167,14.5649995803833,2219,0.0,0.0,2023-06-07
741,2023-06-07 15:20:00-04:00,14.5649995803833,14.569999694824219,14.5600004196167,14.5649995803833,1189,0.0,0.0,2023-06-07
742,2023-06-07 15:25:00-04:00,14.5600004196167,14.5600004196167,14.5600004196167,14.5600004196167,476,0.0,0.0,2023-06-07
743,2023-06-07 15:30:00-04:00,14.5649995803833,14.569999694824219,14.5600004196167,14.569999694824219,1317,0.0,0.0,2023-06-07
744,2023-06-07 15:35:00-04:00,14.5600004196167,14.569999694824219,14.5600004196167,14.5649995803833,7273,0.0,0.0,2023-06-07
745,2023-06-07 15:40:00-04:00,14.5649995803833,14.569999694824219,14.5600004196167,14.5649995803833,10178,0.0,0.0,2023-06-07
746,2023-06-07 15:45:00-04:00,14.5649995803833,14.569999694824219,14.5600004196167,14.5649995803833,2389,0.0,0.0,2023-06-07
747,2023-06-07 15:50:00-04:00,14.5649995803833,14.579999923706055,14.5649995803833,14.574999809265137,7052,0.0,0.0,2023-06-07
748,2023-06-07 15:55:00-04:00,14.574999809265137,14.59000015258789,14.569999694824219,14.59000015258789,10883,0.0,0.0,2023-06-07
749,2023-06-08 09:30:00-04:00,14.579999923706055,14.600000381469727,14.579999923706055,14.59000015258789,0,0.0,0.0,2023-06-08
750,2023-06-08 09:35:00-04:00,14.579999923706055,14.59000015258789,14.579999923706055,14.579999923706055,2767,0.0,0.0,2023-06-08
751,2023-06-08 09:40:00-04:00,14.585000038146973,14.59000015258789,14.585000038146973,14.59000015258789,1125,0.0,0.0,2023-06-08
752,2023-06-08 09:45:00-04:00,14.579999923706055,14.579999923706055,14.569999694824219,14.569999694824219,2626,0.0,0.0,2023-06-08
753,2023-06-08 09:50:00-04:00,14.574999809265137,14.574999809265137,14.5600004196167,14.5649995803833,7588,0.0,0.0,2023-06-08
754,2023-06-08 09:55:00-04:00,14.5600004196167,14.5649995803833,14.5600004196167,14.5600004196167,1322,0.0,0.0,2023-06-08
755,2023-06-08 10:00:00-04:00,14.585000038146973,14.585000038146973,14.579999923706055,14.579999923706055,6304,0.0,0.0,2023-06-08
756,2023-06-08 10:05:00-04:00,14.579999923706055,14.59000015258789,14.579999923706055,14.585000038146973,1615,0.0,0.0,2023-06-08
757,2023-06-08 10:10:00-04:00,14.59000015258789,14.59000015258789,14.59000015258789,14.59000015258789,106,0.0,0.0,2023-06-08
758,2023-06-08 10:15:00-04:00,14.585000038146973,14.59000015258789,14.579999923706055,14.59000015258789,1629,0.0,0.0,2023-06-08
759,2023-06-08 10:20:00-04:00,14.585000038146973,14.585000038146973,14.585000038146973,14.585000038146973,314,0.0,0.0,2023-06-08
760,2023-06-08 10:25:00-04:00,14.579999923706055,14.579999923706055,14.579999923706055,14.579999923706055,256,0.0,0.0,2023-06-08
761,2023-06-08 10:30:00-04:00,14.585000038146973,14.585000038146973,14.579999923706055,14.579999923706055,522,0.0,0.0,2023-06-08
762,2023-06-08 10:35:00-04:00,14.59000015258789,14.59000015258789,14.59000015258789,14.59000015258789,219,0.0,0.0,2023-06-08
763,2023-06-08 10:45:00-04:00,14.585000038146973,14.585000038146973,14.579999923706055,14.579999923706055,1397,0.0,0.0,2023-06-08
764,2023-06-08 10:50:00-04:00,14.579999923706055,14.59000015258789,14.579999923706055,14.59000015258789,622,0.0,0.0,2023-06-08
765,2023-06-08 10:55:00-04:00,14.59000015258789,14.59000015258789,14.59000015258789,14.59000015258789,321,0.0,0.0,2023-06-08
766,2023-06-08 11:05:00-04:00,14.59000015258789,14.59000015258789,14.59000015258789,14.59000015258789,505,0.0,0.0,2023-06-08
767,2023-06-08 11:15:00-04:00,14.59000015258789,14.59000015258789,14.59000015258789,14.59000015258789,545,0.0,0.0,2023-06-08
768,2023-06-08 11:20:00-04:00,14.59000015258789,14.59000015258789,14.59000015258789,14.59000015258789,1199,0.0,0.0,2023-06-08
769,2023-06-08 11:25:00-04:00,14.59000015258789,14.59000015258789,14.59000015258789,14.59000015258789,130,0.0,0.0,2023-06-08
770,2023-06-08 11:30:00-04:00,14.59000015258789,14.59000015258789,14.585000038146973,14.585000038146973,838,0.0,0.0,2023-06-08
771,2023-06-08 11:40:00-04:00,14.585000038146973,14.585000038146973,14.579999923706055,14.585000038146973,1024,0.0,0.0,2023-06-08
772,2023-06-08 11:50:00-04:00,14.59000015258789,14.59000015258789,14.59000015258789,14.59000015258789,569,0.0,0.0,2023-06-08
773,2023-06-08 12:00:00-04:00,14.59000015258789,14.59000015258789,14.59000015258789,14.59000015258789,223,0.0,0.0,2023-06-08
774,2023-06-08 12:10:00-04:00,14.579999923706055,14.59000015258789,14.569999694824219,14.579999923706055,30813,0.0,0.0,2023-06-08
775,2023-06-08 12:15:00-04:00,14.579999923706055,14.579999923706055,14.579999923706055,14.579999923706055,105,0.0,0.0,2023-06-08
776,2023-06-08 12:20:00-04:00,14.579999923706055,14.579999923706055,14.579999923706055,14.579999923706055,322,0.0,0.0,2023-06-08
777,2023-06-08 12:25:00-04:00,14.579999923706055,14.579999923706055,14.579999923706055,14.579999923706055,686,0.0,0.0,2023-06-08
778,2023-06-08 12:30:00-04:00,14.569999694824219,14.574999809265137,14.569999694824219,14.574999809265137,247,0.0,0.0,2023-06-08
779,2023-06-08 12:35:00-04:00,14.574999809265137,14.574999809265137,14.574999809265137,14.574999809265137,375,0.0,0.0,2023-06-08
780,2023-06-08 12:40:00-04:00,14.579999923706055,14.579999923706055,14.579999923706055,14.579999923706055,390,0.0,0.0,2023-06-08
781,2023-06-08 12:45:00-04:00,14.579999923706055,14.579999923706055,14.579999923706055,14.579999923706055,580,0.0,0.0,2023-06-08
782,2023-06-08 12:55:00-04:00,14.574999809265137,14.574999809265137,14.574999809265137,14.574999809265137,211,0.0,0.0,2023-06-08
783,2023-06-08 13:00:00-04:00,14.579999923706055,14.579999923706055,14.569999694824219,14.574999809265137,790,0.0,0.0,2023-06-08
784,2023-06-08 13:10:00-04:00,14.579999923706055,14.579999923706055,14.574999809265137,14.574999809265137,331,0.0,0.0,2023-06-08
785,2023-06-08 13:20:00-04:00,14.579999923706055,14.579999923706055,14.579999923706055,14.579999923706055,122,0.0,0.0,2023-06-08
786,2023-06-08 13:25:00-04:00,14.574999809265137,14.574999809265137,14.569999694824219,14.569999694824219,726,0.0,0.0,2023-06-08
787,2023-06-08 13:30:00-04:00,14.579999923706055,14.579999923706055,14.579999923706055,14.579999923706055,132,0.0,0.0,2023-06-08
788,2023-06-08 13:35:00-04:00,14.574999809265137,14.579999923706055,14.574999809265137,14.579999923706055,1398,0.0,0.0,2023-06-08
789,2023-06-08 13:45:00-04:00,14.574999809265137,14.574999809265137,14.574999809265137,14.574999809265137,303,0.0,0.0,2023-06-08
790,2023-06-08 13:50:00-04:00,14.569999694824219,14.574999809265137,14.569999694824219,14.574999809265137,739,0.0,0.0,2023-06-08
791,2023-06-08 13:55:00-04:00,14.579999923706055,14.579999923706055,14.579999923706055,14.579999923706055,176,0.0,0.0,2023-06-08
792,2023-06-08 14:05:00-04:00,14.574999809265137,14.574999809265137,14.569999694824219,14.569999694824219,1001,0.0,0.0,2023-06-08
793,2023-06-08 14:10:00-04:00,14.579999923706055,14.59000015258789,14.579999923706055,14.59000015258789,820,0.0,0.0,2023-06-08
794,2023-06-08 14:20:00-04:00,14.579999923706055,14.579999923706055,14.579999923706055,14.579999923706055,466,0.0,0.0,2023-06-08
795,2023-06-08 14:25:00-04:00,14.579999923706055,14.579999923706055,14.579999923706055,14.579999923706055,166,0.0,0.0,2023-06-08
796,2023-06-08 14:30:00-04:00,14.579999923706055,14.585000038146973,14.579999923706055,14.579999923706055,1242,0.0,0.0,2023-06-08
797,2023-06-08 14:35:00-04:00,14.579999923706055,14.579999923706055,14.579999923706055,14.579999923706055,643,0.0,0.0,2023-06-08
798,2023-06-08 14:45:00-04:00,14.579999923706055,14.579999923706055,14.579999923706055,14.579999923706055,372,0.0,0.0,2023-06-08
799,2023-06-08 14:50:00-04:00,14.579999923706055,14.579999923706055,14.574999809265137,14.574999809265137,511,0.0,0.0,2023-06-08
800,2023-06-08 15:00:00-04:00,14.585000038146973,14.585000038146973,14.585000038146973,14.585000038146973,267,0.0,0.0,2023-06-08
801,2023-06-08 15:05:00-04:00,14.59000015258789,14.59000015258789,14.585000038146973,14.59000015258789,881,0.0,0.0,2023-06-08
802,2023-06-08 15:10:00-04:00,14.585000038146973,14.585000038146973,14.585000038146973,14.585000038146973,160,0.0,0.0,2023-06-08
803,2023-06-08 15:15:00-04:00,14.585000038146973,14.585000038146973,14.585000038146973,14.585000038146973,266,0.0,0.0,2023-06-08
804,2023-06-08 15:20:00-04:00,14.579999923706055,14.585000038146973,14.579999923706055,14.579999923706055,1221,0.0,0.0,2023-06-08
805,2023-06-08 15:25:00-04:00,14.585000038146973,14.585000038146973,14.579999923706055,14.579999923706055,998,0.0,0.0,2023-06-08
806,2023-06-08 15:30:00-04:00,14.569999694824219,14.579999923706055,14.569999694824219,14.569999694824219,956,0.0,0.0,2023-06-08
807,2023-06-08 15:35:00-04:00,14.569999694824219,14.579999923706055,14.569999694824219,14.574999809265137,2567,0.0,0.0,2023-06-08
808,2023-06-08 15:40:00-04:00,14.579999923706055,14.59000015258789,14.579999923706055,14.59000015258789,3471,0.0,0.0,2023-06-08
809,2023-06-08 15:45:00-04:00,14.579999923706055,14.600000381469727,14.579999923706055,14.600000381469727,3192,0.0,0.0,2023-06-08
810,2023-06-08 15:50:00-04:00,14.600000381469727,14.630000114440918,14.600000381469727,14.619999885559082,7371,0.0,0.0,2023-06-08
811,2023-06-08 15:55:00-04:00,14.614999771118164,14.614999771118164,14.579999923706055,14.600000381469727,7820,0.0,0.0,2023-06-08
812,2023-06-09 09:30:00-04:00,14.59000015258789,14.630000114440918,14.59000015258789,14.630000114440918,3033,0.0,0.0,2023-06-09
813,2023-06-09 09:35:00-04:00,14.59000015258789,14.59000015258789,14.59000015258789,14.59000015258789,401,0.0,0.0,2023-06-09
814,2023-06-09 09:45:00-04:00,14.59000015258789,14.59000015258789,14.579999923706055,14.579999923706055,6570,0.0,0.0,2023-06-09
815,2023-06-09 09:55:00-04:00,14.579999923706055,14.579999923706055,14.579999923706055,14.579999923706055,420,0.0,0.0,2023-06-09
816,2023-06-09 10:00:00-04:00,14.585000038146973,14.59000015258789,14.585000038146973,14.59000015258789,1919,0.0,0.0,2023-06-09
817,2023-06-09 10:05:00-04:00,14.59000015258789,14.59000015258789,14.59000015258789,14.59000015258789,577,0.0,0.0,2023-06-09
818,2023-06-09 10:10:00-04:00,14.59000015258789,14.59000015258789,14.587499618530273,14.587499618530273,400,0.0,0.0,2023-06-09
819,2023-06-09 10:15:00-04:00,14.59000015258789,14.59000015258789,14.59000015258789,14.59000015258789,291,0.0,0.0,2023-06-09
820,2023-06-09 10:20:00-04:00,14.579999923706055,14.579999923706055,14.579999923706055,14.579999923706055,1034,0.0,0.0,2023-06-09
821,2023-06-09 10:25:00-04:00,14.579999923706055,14.579999923706055,14.579999923706055,14.579999923706055,192,0.0,0.0,2023-06-09
822,2023-06-09 10:30:00-04:00,14.579999923706055,14.579999923706055,14.579999923706055,14.579999923706055,720,0.0,0.0,2023-06-09
823,2023-06-09 10:35:00-04:00,14.59000015258789,14.595000267028809,14.579999923706055,14.59000015258789,54155,0.0,0.0,2023-06-09
824,2023-06-09 10:40:00-04:00,14.59000015258789,14.59000015258789,14.59000015258789,14.59000015258789,333,0.0,0.0,2023-06-09
825,2023-06-09 10:45:00-04:00,14.59000015258789,14.600000381469727,14.59000015258789,14.595000267028809,2020,0.0,0.0,2023-06-09
826,2023-06-09 10:50:00-04:00,14.595000267028809,14.600000381469727,14.590100288391113,14.595000267028809,10480,0.0,0.0,2023-06-09
827,2023-06-09 10:55:00-04:00,14.595000267028809,14.595000267028809,14.595000267028809,14.595000267028809,200,0.0,0.0,2023-06-09
828,2023-06-09 11:00:00-04:00,14.600000381469727,14.600000381469727,14.59000015258789,14.595000267028809,725,0.0,0.0,2023-06-09
829,2023-06-09 11:05:00-04:00,14.595000267028809,14.595000267028809,14.59000015258789,14.59000015258789,303,0.0,0.0,2023-06-09
830,2023-06-09 11:10:00-04:00,14.59000015258789,14.595000267028809,14.579999923706055,14.579999923706055,3921,0.0,0.0,2023-06-09
831,2023-06-09 11:15:00-04:00,14.585000038146973,14.595000267028809,14.585000038146973,14.59000015258789,2711,0.0,0.0,2023-06-09
832,2023-06-09 11:25:00-04:00,14.59000015258789,14.59000015258789,14.59000015258789,14.59000015258789,990,0.0,0.0,2023-06-09
833,2023-06-09 11:30:00-04:00,14.59000015258789,14.59000015258789,14.59000015258789,14.59000015258789,226,0.0,0.0,2023-06-09
834,2023-06-09 11:35:00-04:00,14.595000267028809,14.595000267028809,14.595000267028809,14.595000267028809,161,0.0,0.0,2023-06-09
835,2023-06-09 11:40:00-04:00,14.600000381469727,14.609999656677246,14.595000267028809,14.609999656677246,6043,0.0,0.0,2023-06-09
836,2023-06-09 11:45:00-04:00,14.600000381469727,14.600000381469727,14.600000381469727,14.600000381469727,720,0.0,0.0,2023-06-09
837,2023-06-09 11:50:00-04:00,14.595000267028809,14.595000267028809,14.595000267028809,14.595000267028809,228,0.0,0.0,2023-06-09
838,2023-06-09 11:55:00-04:00,14.595000267028809,14.595000267028809,14.595000267028809,14.595000267028809,134,0.0,0.0,2023-06-09
839,2023-06-09 12:00:00-04:00,14.593799591064453,14.600000381469727,14.59000015258789,14.600000381469727,8982,0.0,0.0,2023-06-09
840,2023-06-09 12:10:00-04:00,14.595000267028809,14.604999542236328,14.595000267028809,14.604999542236328,9197,0.0,0.0,2023-06-09
841,2023-06-09 12:25:00-04:00,14.600000381469727,14.604999542236328,14.600000381469727,14.604999542236328,1012,0.0,0.0,2023-06-09
842,2023-06-09 12:30:00-04:00,14.604999542236328,14.604999542236328,14.604999542236328,14.604999542236328,328,0.0,0.0,2023-06-09
843,2023-06-09 12:40:00-04:00,14.600000381469727,14.600000381469727,14.600000381469727,14.600000381469727,999,0.0,0.0,2023-06-09
844,2023-06-09 12:45:00-04:00,14.604999542236328,14.604999542236328,14.604999542236328,14.604999542236328,141,0.0,0.0,2023-06-09
845,2023-06-09 12:50:00-04:00,14.609999656677246,14.609999656677246,14.59000015258789,14.59000015258789,3960,0.0,0.0,2023-06-09
846,2023-06-09 12:55:00-04:00,14.59000015258789,14.595000267028809,14.59000015258789,14.59000015258789,775,0.0,0.0,2023-06-09
847,2023-06-09 13:00:00-04:00,14.595000267028809,14.595000267028809,14.59000015258789,14.59000015258789,1165,0.0,0.0,2023-06-09
848,2023-06-09 13:15:00-04:00,14.59000015258789,14.595000267028809,14.59000015258789,14.595000267028809,302,0.0,0.0,2023-06-09
849,2023-06-09 13:20:00-04:00,14.59000015258789,14.595000267028809,14.59000015258789,14.595000267028809,1248,0.0,0.0,2023-06-09
850,2023-06-09 13:30:00-04:00,14.595000267028809,14.609999656677246,14.595000267028809,14.609999656677246,4043,0.0,0.0,2023-06-09
851,2023-06-09 13:40:00-04:00,14.609999656677246,14.609999656677246,14.604999542236328,14.604999542236328,779,0.0,0.0,2023-06-09
852,2023-06-09 13:45:00-04:00,14.600000381469727,14.600000381469727,14.600000381469727,14.600000381469727,865,0.0,0.0,2023-06-09
853,2023-06-09 14:00:00-04:00,14.609999656677246,14.609999656677246,14.600000381469727,14.604999542236328,893,0.0,0.0,2023-06-09
854,2023-06-09 14:10:00-04:00,14.609999656677246,14.609999656677246,14.604999542236328,14.604999542236328,878,0.0,0.0,2023-06-09
855,2023-06-09 14:15:00-04:00,14.604999542236328,14.609999656677246,14.604999542236328,14.609999656677246,1665,0.0,0.0,2023-06-09
856,2023-06-09 14:20:00-04:00,14.604999542236328,14.604999542236328,14.604999542236328,14.604999542236328,219,0.0,0.0,2023-06-09
857,2023-06-09 14:30:00-04:00,14.604999542236328,14.609999656677246,14.604999542236328,14.604999542236328,863,0.0,0.0,2023-06-09
858,2023-06-09 14:35:00-04:00,14.609399795532227,14.609399795532227,14.604999542236328,14.604999542236328,1080,0.0,0.0,2023-06-09
859,2023-06-09 14:40:00-04:00,14.600000381469727,14.609999656677246,14.600000381469727,14.609999656677246,3833,0.0,0.0,2023-06-09
860,2023-06-09 14:45:00-04:00,14.604999542236328,14.609999656677246,14.600000381469727,14.609999656677246,11737,0.0,0.0,2023-06-09
861,2023-06-09 14:50:00-04:00,14.609999656677246,14.609999656677246,14.609999656677246,14.609999656677246,233,0.0,0.0,2023-06-09
862,2023-06-09 14:55:00-04:00,14.614999771118164,14.614999771118164,14.614999771118164,14.614999771118164,438,0.0,0.0,2023-06-09
863,2023-06-09 15:00:00-04:00,14.619999885559082,14.619999885559082,14.609999656677246,14.614899635314941,1445,0.0,0.0,2023-06-09
864,2023-06-09 15:05:00-04:00,14.609999656677246,14.614999771118164,14.609999656677246,14.614999771118164,1747,0.0,0.0,2023-06-09
865,2023-06-09 15:10:00-04:00,14.609999656677246,14.614999771118164,14.609999656677246,14.614999771118164,2321,0.0,0.0,2023-06-09
866,2023-06-09 15:15:00-04:00,14.609999656677246,14.614999771118164,14.609999656677246,14.609999656677246,3180,0.0,0.0,2023-06-09
867,2023-06-09 15:20:00-04:00,14.609999656677246,14.619000434875488,14.609999656677246,14.609999656677246,5577,0.0,0.0,2023-06-09
868,2023-06-09 15:25:00-04:00,14.609999656677246,14.619999885559082,14.600000381469727,14.619999885559082,20549,0.0,0.0,2023-06-09
869,2023-06-09 15:30:00-04:00,14.611000061035156,14.619999885559082,14.611000061035156,14.614999771118164,2936,0.0,0.0,2023-06-09
870,2023-06-09 15:35:00-04:00,14.614999771118164,14.619999885559082,14.609999656677246,14.619999885559082,5461,0.0,0.0,2023-06-09
871,2023-06-09 15:40:00-04:00,14.619999885559082,14.630000114440918,14.614999771118164,14.630000114440918,7060,0.0,0.0,2023-06-09
872,2023-06-09 15:45:00-04:00,14.625,14.630000114440918,14.619999885559082,14.630000114440918,7039,0.0,0.0,2023-06-09
873,2023-06-09 15:50:00-04:00,14.619999885559082,14.630000114440918,14.619999885559082,14.619999885559082,21014,0.0,0.0,2023-06-09
874,2023-06-09 15:55:00-04:00,14.625,14.630000114440918,14.600000381469727,14.600000381469727,34482,0.0,0.0,2023-06-09
875,2023-06-12 09:30:00-04:00,14.619999885559082,14.640000343322754,14.609999656677246,14.640000343322754,3075,0.0,0.0,2023-06-12
876,2023-06-12 09:35:00-04:00,14.640000343322754,14.640000343322754,14.640000343322754,14.640000343322754,3228,0.0,0.0,2023-06-12
877,2023-06-12 09:40:00-04:00,14.625100135803223,14.640000343322754,14.625100135803223,14.640000343322754,1661,0.0,0.0,2023-06-12
878,2023-06-12 09:45:00-04:00,14.619999885559082,14.640000343322754,14.600000381469727,14.609999656677246,3644,0.0,0.0,2023-06-12
879,2023-06-12 09:50:00-04:00,14.60260009765625,14.630000114440918,14.60260009765625,14.630000114440918,4739,0.0,0.0,2023-06-12
880,2023-06-12 10:00:00-04:00,14.619999885559082,14.619999885559082,14.619999885559082,14.619999885559082,827,0.0,0.0,2023-06-12
881,2023-06-12 10:05:00-04:00,14.619999885559082,14.619999885559082,14.619999885559082,14.619999885559082,155,0.0,0.0,2023-06-12
882,2023-06-12 10:10:00-04:00,14.625,14.625,14.625,14.625,207,0.0,0.0,2023-06-12
883,2023-06-12 10:20:00-04:00,14.619999885559082,14.625,14.609999656677246,14.609999656677246,4131,0.0,0.0,2023-06-12
884,2023-06-12 10:25:00-04:00,14.609999656677246,14.609999656677246,14.609999656677246,14.609999656677246,1240,0.0,0.0,2023-06-12
885,2023-06-12 10:30:00-04:00,14.609999656677246,14.609999656677246,14.609999656677246,14.609999656677246,382,0.0,0.0,2023-06-12
886,2023-06-12 10:35:00-04:00,14.609999656677246,14.609999656677246,14.600000381469727,14.609999656677246,2729,0.0,0.0,2023-06-12
887,2023-06-12 10:45:00-04:00,14.604999542236328,14.604999542236328,14.600000381469727,14.600000381469727,943,0.0,0.0,2023-06-12
888,2023-06-12 10:50:00-04:00,14.600000381469727,14.600000381469727,14.600000381469727,14.600000381469727,2018,0.0,0.0,2023-06-12
889,2023-06-12 11:00:00-04:00,14.604999542236328,14.604999542236328,14.600000381469727,14.600000381469727,541,0.0,0.0,2023-06-12
890,2023-06-12 11:05:00-04:00,14.609999656677246,14.609999656677246,14.600000381469727,14.600000381469727,1170,0.0,0.0,2023-06-12
891,2023-06-12 11:10:00-04:00,14.604999542236328,14.604999542236328,14.600000381469727,14.600000381469727,3103,0.0,0.0,2023-06-12
892,2023-06-12 11:20:00-04:00,14.600000381469727,14.600000381469727,14.595000267028809,14.595000267028809,4445,0.0,0.0,2023-06-12
893,2023-06-12 11:25:00-04:00,14.595000267028809,14.600000381469727,14.595000267028809,14.595000267028809,483,0.0,0.0,2023-06-12
894,2023-06-12 11:30:00-04:00,14.600000381469727,14.600000381469727,14.59000015258789,14.59000015258789,12833,0.0,0.0,2023-06-12
895,2023-06-12 11:35:00-04:00,14.600000381469727,14.600000381469727,14.600000381469727,14.600000381469727,100,0.0,0.0,2023-06-12
896,2023-06-12 11:40:00-04:00,14.600000381469727,14.604999542236328,14.59000015258789,14.604999542236328,7384,0.0,0.0,2023-06-12
897,2023-06-12 11:45:00-04:00,14.609999656677246,14.609999656677246,14.609999656677246,14.609999656677246,281,0.0,0.0,2023-06-12
898,2023-06-12 11:50:00-04:00,14.609999656677246,14.609999656677246,14.609999656677246,14.609999656677246,781,0.0,0.0,2023-06-12
899,2023-06-12 12:00:00-04:00,14.604999542236328,14.604999542236328,14.604999542236328,14.604999542236328,348,0.0,0.0,2023-06-12
900,2023-06-12 12:10:00-04:00,14.609999656677246,14.609999656677246,14.609999656677246,14.609999656677246,145,0.0,0.0,2023-06-12
901,2023-06-12 12:15:00-04:00,14.604999542236328,14.604999542236328,14.604999542236328,14.604999542236328,200,0.0,0.0,2023-06-12
902,2023-06-12 12:20:00-04:00,14.604999542236328,14.604999542236328,14.604999542236328,14.604999542236328,268,0.0,0.0,2023-06-12
903,2023-06-12 12:25:00-04:00,14.609999656677246,14.609999656677246,14.604999542236328,14.604999542236328,253,0.0,0.0,2023-06-12
904,2023-06-12 12:30:00-04:00,14.604999542236328,14.604999542236328,14.604999542236328,14.604999542236328,145,0.0,0.0,2023-06-12
905,2023-06-12 12:35:00-04:00,14.609999656677246,14.609999656677246,14.609999656677246,14.609999656677246,100,0.0,0.0,2023-06-12
906,2023-06-12 12:40:00-04:00,14.609999656677246,14.609999656677246,14.59000015258789,14.59000015258789,52454,0.0,0.0,2023-06-12
907,2023-06-12 12:45:00-04:00,14.59000015258789,14.600000381469727,14.59000015258789,14.595000267028809,1480,0.0,0.0,2023-06-12
908,2023-06-12 12:50:00-04:00,14.59000015258789,14.600000381469727,14.59000015258789,14.59000015258789,1923,0.0,0.0,2023-06-12
909,2023-06-12 12:55:00-04:00,14.590200424194336,14.590200424194336,14.590200424194336,14.590200424194336,628,0.0,0.0,2023-06-12
910,2023-06-12 13:00:00-04:00,14.59000015258789,14.59000015258789,14.59000015258789,14.59000015258789,289,0.0,0.0,2023-06-12
911,2023-06-12 13:10:00-04:00,14.59000015258789,14.600000381469727,14.59000015258789,14.600000381469727,678,0.0,0.0,2023-06-12
912,2023-06-12 13:15:00-04:00,14.59000015258789,14.595000267028809,14.59000015258789,14.595000267028809,686,0.0,0.0,2023-06-12
913,2023-06-12 13:30:00-04:00,14.595000267028809,14.595000267028809,14.59000015258789,14.595000267028809,1065,0.0,0.0,2023-06-12
914,2023-06-12 13:35:00-04:00,14.595000267028809,14.595000267028809,14.595000267028809,14.595000267028809,372,0.0,0.0,2023-06-12
915,2023-06-12 13:45:00-04:00,14.59000015258789,14.600000381469727,14.59000015258789,14.595000267028809,5330,0.0,0.0,2023-06-12
916,2023-06-12 13:50:00-04:00,14.59000015258789,14.595000267028809,14.59000015258789,14.59000015258789,2046,0.0,0.0,2023-06-12
917,2023-06-12 13:55:00-04:00,14.59000015258789,14.595000267028809,14.59000015258789,14.595000267028809,643,0.0,0.0,2023-06-12
918,2023-06-12 14:00:00-04:00,14.59000015258789,14.59000015258789,14.59000015258789,14.59000015258789,1033,0.0,0.0,2023-06-12
919,2023-06-12 14:05:00-04:00,14.595000267028809,14.595000267028809,14.59000015258789,14.595000267028809,2532,0.0,0.0,2023-06-12
920,2023-06-12 14:10:00-04:00,14.595000267028809,14.595000267028809,14.59000015258789,14.59000015258789,33323,0.0,0.0,2023-06-12
921,2023-06-12 14:15:00-04:00,14.595000267028809,14.595000267028809,14.59000015258789,14.59000015258789,775,0.0,0.0,2023-06-12
922,2023-06-12 14:20:00-04:00,14.59000015258789,14.59000015258789,14.59000015258789,14.59000015258789,1190,0.0,0.0,2023-06-12
923,2023-06-12 14:25:00-04:00,14.595000267028809,14.595000267028809,14.59000015258789,14.595000267028809,1117,0.0,0.0,2023-06-12
924,2023-06-12 14:30:00-04:00,14.595000267028809,14.595000267028809,14.595000267028809,14.595000267028809,213,0.0,0.0,2023-06-12
925,2023-06-12 14:35:00-04:00,14.595000267028809,14.600000381469727,14.59000015258789,14.59000015258789,1276,0.0,0.0,2023-06-12
926,2023-06-12 14:40:00-04:00,14.595000267028809,14.595000267028809,14.59000015258789,14.59000015258789,562,0.0,0.0,2023-06-12
927,2023-06-12 14:45:00-04:00,14.600000381469727,14.600000381469727,14.600000381469727,14.600000381469727,639,0.0,0.0,2023-06-12
928,2023-06-12 14:50:00-04:00,14.600000381469727,14.600000381469727,14.59000015258789,14.600000381469727,967,0.0,0.0,2023-06-12
929,2023-06-12 14:55:00-04:00,14.595000267028809,14.595000267028809,14.595000267028809,14.595000267028809,748,0.0,0.0,2023-06-12
930,2023-06-12 15:00:00-04:00,14.59749984741211,14.59749984741211,14.595000267028809,14.595000267028809,1896,0.0,0.0,2023-06-12
931,2023-06-12 15:05:00-04:00,14.595000267028809,14.600000381469727,14.595000267028809,14.595000267028809,1389,0.0,0.0,2023-06-12
932,2023-06-12 15:10:00-04:00,14.595000267028809,14.600000381469727,14.595000267028809,14.600000381469727,1559,0.0,0.0,2023-06-12
933,2023-06-12 15:15:00-04:00,14.595000267028809,14.600000381469727,14.595000267028809,14.595000267028809,792,0.0,0.0,2023-06-12
934,2023-06-12 15:20:00-04:00,14.595000267028809,14.600000381469727,14.59000015258789,14.595000267028809,2666,0.0,0.0,2023-06-12
935,2023-06-12 15:25:00-04:00,14.595000267028809,14.600000381469727,14.59000015258789,14.600000381469727,1398,0.0,0.0,2023-06-12
936,2023-06-12 15:30:00-04:00,14.595000267028809,14.600000381469727,14.595000267028809,14.600000381469727,1168,0.0,0.0,2023-06-12
937,2023-06-12 15:35:00-04:00,14.595000267028809,14.600000381469727,14.595000267028809,14.600000381469727,1240,0.0,0.0,2023-06-12
938,2023-06-12 15:40:00-04:00,14.600000381469727,14.604999542236328,14.595000267028809,14.604999542236328,4590,0.0,0.0,2023-06-12
939,2023-06-12 15:45:00-04:00,14.604999542236328,14.609999656677246,14.60099983215332,14.604999542236328,1970,0.0,0.0,2023-06-12
940,2023-06-12 15:50:00-04:00,14.609999656677246,14.609999656677246,14.604999542236328,14.604999542236328,7763,0.0,0.0,2023-06-12
941,2023-06-12 15:55:00-04:00,14.609999656677246,14.609999656677246,14.59000015258789,14.59000015258789,9468,0.0,0.0,2023-06-12
942,2023-06-13 09:30:00-04:00,14.609999656677246,14.640000343322754,14.609999656677246,14.630000114440918,0,0.0,0.0,2023-06-13
943,2023-06-13 09:35:00-04:00,14.619999885559082,14.619999885559082,14.609999656677246,14.612000465393066,1392,0.0,0.0,2023-06-13
944,2023-06-13 09:40:00-04:00,14.630000114440918,14.630000114440918,14.600000381469727,14.600000381469727,5941,0.0,0.0,2023-06-13
945,2023-06-13 09:45:00-04:00,14.600000381469727,14.600000381469727,14.600000381469727,14.600000381469727,500,0.0,0.0,2023-06-13
946,2023-06-13 09:50:00-04:00,14.600000381469727,14.609999656677246,14.600000381469727,14.600000381469727,1302,0.0,0.0,2023-06-13
947,2023-06-13 09:55:00-04:00,14.595000267028809,14.595000267028809,14.595000267028809,14.595000267028809,268,0.0,0.0,2023-06-13
948,2023-06-13 10:00:00-04:00,14.595000267028809,14.595000267028809,14.595000267028809,14.595000267028809,416,0.0,0.0,2023-06-13
949,2023-06-13 10:05:00-04:00,14.600000381469727,14.609999656677246,14.600000381469727,14.609999656677246,3591,0.0,0.0,2023-06-13
950,2023-06-13 10:10:00-04:00,14.59000015258789,14.59000015258789,14.59000015258789,14.59000015258789,100,0.0,0.0,2023-06-13
951,2023-06-13 10:15:00-04:00,14.600000381469727,14.600000381469727,14.600000381469727,14.600000381469727,333,0.0,0.0,2023-06-13
952,2023-06-13 10:30:00-04:00,14.600000381469727,14.609999656677246,14.600000381469727,14.609999656677246,451,0.0,0.0,2023-06-13
953,2023-06-13 10:40:00-04:00,14.600000381469727,14.600000381469727,14.600000381469727,14.600000381469727,303,0.0,0.0,2023-06-13
954,2023-06-13 10:50:00-04:00,14.609999656677246,14.609999656677246,14.609999656677246,14.609999656677246,305,0.0,0.0,2023-06-13
955,2023-06-13 10:55:00-04:00,14.604999542236328,14.604999542236328,14.604999542236328,14.604999542236328,1523,0.0,0.0,2023-06-13
956,2023-06-13 11:00:00-04:00,14.604999542236328,14.60669994354248,14.600000381469727,14.604999542236328,1058,0.0,0.0,2023-06-13
957,2023-06-13 11:05:00-04:00,14.604999542236328,14.604999542236328,14.600000381469727,14.604999542236328,443,0.0,0.0,2023-06-13
958,2023-06-13 11:10:00-04:00,14.609999656677246,14.609999656677246,14.609999656677246,14.609999656677246,282,0.0,0.0,2023-06-13
959,2023-06-13 11:20:00-04:00,14.604999542236328,14.604999542236328,14.600000381469727,14.600000381469727,2123,0.0,0.0,2023-06-13
960,2023-06-13 11:25:00-04:00,14.604999542236328,14.604999542236328,14.604999542236328,14.604999542236328,234,0.0,0.0,2023-06-13
961,2023-06-13 11:30:00-04:00,14.604999542236328,14.604999542236328,14.604999542236328,14.604999542236328,150,0.0,0.0,2023-06-13
962,2023-06-13 11:35:00-04:00,14.600000381469727,14.604999542236328,14.600000381469727,14.604999542236328,453,0.0,0.0,2023-06-13
963,2023-06-13 11:40:00-04:00,14.600000381469727,14.604999542236328,14.600000381469727,14.600000381469727,2456,0.0,0.0,2023-06-13
964,2023-06-13 11:45:00-04:00,14.591500282287598,14.591500282287598,14.59000015258789,14.59000015258789,220,0.0,0.0,2023-06-13
965,2023-06-13 11:50:00-04:00,14.595000267028809,14.595000267028809,14.59000015258789,14.595000267028809,1730,0.0,0.0,2023-06-13
966,2023-06-13 11:55:00-04:00,14.595000267028809,14.595000267028809,14.59000015258789,14.595000267028809,976,0.0,0.0,2023-06-13
967,2023-06-13 12:05:00-04:00,14.595000267028809,14.600000381469727,14.59000015258789,14.600000381469727,1003,0.0,0.0,2023-06-13
968,2023-06-13 12:10:00-04:00,14.595000267028809,14.595000267028809,14.59000015258789,14.59000015258789,580,0.0,0.0,2023-06-13
969,2023-06-13 12:15:00-04:00,14.59000015258789,14.595000267028809,14.59000015258789,14.595000267028809,257,0.0,0.0,2023-06-13
970,2023-06-13 12:20:00-04:00,14.595000267028809,14.595000267028809,14.59000015258789,14.595000267028809,681,0.0,0.0,2023-06-13
971,2023-06-13 12:25:00-04:00,14.59000015258789,14.59000015258789,14.59000015258789,14.59000015258789,151,0.0,0.0,2023-06-13
972,2023-06-13 12:35:00-04:00,14.595000267028809,14.595000267028809,14.595000267028809,14.595000267028809,1010,0.0,0.0,2023-06-13
973,2023-06-13 12:40:00-04:00,14.59000015258789,14.595000267028809,14.59000015258789,14.595000267028809,2325,0.0,0.0,2023-06-13
974,2023-06-13 12:45:00-04:00,14.595000267028809,14.595000267028809,14.59000015258789,14.59000015258789,379,0.0,0.0,2023-06-13
975,2023-06-13 12:50:00-04:00,14.595000267028809,14.595000267028809,14.595000267028809,14.595000267028809,106,0.0,0.0,2023-06-13
976,2023-06-13 12:55:00-04:00,14.59000015258789,14.59000015258789,14.59000015258789,14.59000015258789,357,0.0,0.0,2023-06-13
977,2023-06-13 13:00:00-04:00,14.59000015258789,14.595000267028809,14.59000015258789,14.595000267028809,383,0.0,0.0,2023-06-13
978,2023-06-13 13:05:00-04:00,14.59000015258789,14.595000267028809,14.59000015258789,14.595000267028809,6034,0.0,0.0,2023-06-13
979,2023-06-13 13:10:00-04:00,14.59000015258789,14.59000015258789,14.59000015258789,14.59000015258789,203,0.0,0.0,2023-06-13
980,2023-06-13 13:15:00-04:00,14.595000267028809,14.595000267028809,14.59000015258789,14.59000015258789,2736,0.0,0.0,2023-06-13
981,2023-06-13 13:20:00-04:00,14.59000015258789,14.595000267028809,14.59000015258789,14.595000267028809,460,0.0,0.0,2023-06-13
982,2023-06-13 13:25:00-04:00,14.59000015258789,14.600000381469727,14.59000015258789,14.600000381469727,725,0.0,0.0,2023-06-13
983,2023-06-13 13:30:00-04:00,14.595000267028809,14.595000267028809,14.595000267028809,14.595000267028809,110,0.0,0.0,2023-06-13
984,2023-06-13 13:35:00-04:00,14.59000015258789,14.595000267028809,14.59000015258789,14.59000015258789,1018,0.0,0.0,2023-06-13
985,2023-06-13 13:40:00-04:00,14.595000267028809,14.595000267028809,14.59000015258789,14.59000015258789,803,0.0,0.0,2023-06-13
986,2023-06-13 13:50:00-04:00,14.59000015258789,14.59000015258789,14.59000015258789,14.59000015258789,809,0.0,0.0,2023-06-13
987,2023-06-13 14:05:00-04:00,14.600000381469727,14.600000381469727,14.600000381469727,14.600000381469727,105,0.0,0.0,2023-06-13
988,2023-06-13 14:10:00-04:00,14.59000015258789,14.59000015258789,14.59000015258789,14.59000015258789,644,0.0,0.0,2023-06-13
989,2023-06-13 14:15:00-04:00,14.595000267028809,14.595000267028809,14.595000267028809,14.595000267028809,262,0.0,0.0,2023-06-13
990,2023-06-13 14:20:00-04:00,14.59000015258789,14.600000381469727,14.59000015258789,14.600000381469727,1156,0.0,0.0,2023-06-13
991,2023-06-13 14:25:00-04:00,14.59000015258789,14.600000381469727,14.59000015258789,14.595000267028809,356,0.0,0.0,2023-06-13
992,2023-06-13 14:30:00-04:00,14.595000267028809,14.595000267028809,14.59000015258789,14.59000015258789,521,0.0,0.0,2023-06-13
993,2023-06-13 14:35:00-04:00,14.59000015258789,14.595000267028809,14.59000015258789,14.59000015258789,6421,0.0,0.0,2023-06-13
994,2023-06-13 14:40:00-04:00,14.595000267028809,14.595000267028809,14.59000015258789,14.59000015258789,954,0.0,0.0,2023-06-13
995,2023-06-13 14:45:00-04:00,14.59000015258789,14.59000015258789,14.59000015258789,14.59000015258789,306,0.0,0.0,2023-06-13
996,2023-06-13 14:50:00-04:00,14.600000381469727,14.600000381469727,14.59000015258789,14.59000015258789,866,0.0,0.0,2023-06-13
997,2023-06-13 14:55:00-04:00,14.595000267028809,14.595000267028809,14.595000267028809,14.595000267028809,205,0.0,0.0,2023-06-13
998,2023-06-13 15:00:00-04:00,14.596199989318848,14.596199989318848,14.596199989318848,14.596199989318848,138,0.0,0.0,2023-06-13
999,2023-06-13 15:05:00-04:00,14.595000267028809,14.595000267028809,14.595000267028809,14.595000267028809,341,0.0,0.0,2023-06-13
1000,2023-06-13 15:10:00-04:00,14.59000015258789,14.59000015258789,14.59000015258789,14.59000015258789,293,0.0,0.0,2023-06-13
1001,2023-06-13 15:15:00-04:00,14.595000267028809,14.595000267028809,14.595000267028809,14.595000267028809,100,0.0,0.0,2023-06-13
1002,2023-06-13 15:20:00-04:00,14.595000267028809,14.600000381469727,14.595000267028809,14.595000267028809,616,0.0,0.0,2023-06-13
1003,2023-06-13 15:25:00-04:00,14.59000015258789,14.59000015258789,14.59000015258789,14.59000015258789,248,0.0,0.0,2023-06-13
1004,2023-06-13 15:30:00-04:00,14.595000267028809,14.595000267028809,14.59000015258789,14.59000015258789,352,0.0,0.0,2023-06-13
1005,2023-06-13 15:35:00-04:00,14.59000015258789,14.59000015258789,14.59000015258789,14.59000015258789,438,0.0,0.0,2023-06-13
1006,2023-06-13 15:40:00-04:00,14.595000267028809,14.600000381469727,14.595000267028809,14.595000267028809,4103,0.0,0.0,2023-06-13
1007,2023-06-13 15:45:00-04:00,14.595000267028809,14.595000267028809,14.59000015258789,14.595000267028809,1275,0.0,0.0,2023-06-13
1008,2023-06-13 15:50:00-04:00,14.595000267028809,14.600000381469727,14.59000015258789,14.595000267028809,6547,0.0,0.0,2023-06-13
1009,2023-06-13 15:55:00-04:00,14.595000267028809,14.600000381469727,14.59000015258789,14.59000015258789,11476,0.0,0.0,2023-06-13
1010,2023-06-14 09:30:00-04:00,14.609999656677246,14.630000114440918,14.609999656677246,14.614999771118164,0,0.0,0.0,2023-06-14
1011,2023-06-14 09:35:00-04:00,14.619999885559082,14.649999618530273,14.619999885559082,14.630000114440918,7679,0.0,0.0,2023-06-14
1012,2023-06-14 09:40:00-04:00,14.619999885559082,14.619999885559082,14.619999885559082,14.619999885559082,1502,0.0,0.0,2023-06-14
1013,2023-06-14 09:45:00-04:00,14.609999656677246,14.609999656677246,14.609999656677246,14.609999656677246,100,0.0,0.0,2023-06-14
1014,2023-06-14 09:50:00-04:00,14.609999656677246,14.609999656677246,14.600000381469727,14.600000381469727,5407,0.0,0.0,2023-06-14
1015,2023-06-14 09:55:00-04:00,14.59000015258789,14.609999656677246,14.59000015258789,14.609999656677246,545,0.0,0.0,2023-06-14
1016,2023-06-14 10:05:00-04:00,14.59000015258789,14.600000381469727,14.59000015258789,14.59000015258789,4490,0.0,0.0,2023-06-14
1017,2023-06-14 10:10:00-04:00,14.600000381469727,14.600000381469727,14.59000015258789,14.59000015258789,784,0.0,0.0,2023-06-14
1018,2023-06-14 10:15:00-04:00,14.59000015258789,14.59000015258789,14.59000015258789,14.59000015258789,313,0.0,0.0,2023-06-14
1019,2023-06-14 10:20:00-04:00,14.600000381469727,14.600000381469727,14.59000015258789,14.59000015258789,579,0.0,0.0,2023-06-14
1020,2023-06-14 10:25:00-04:00,14.59000015258789,14.59000015258789,14.59000015258789,14.59000015258789,455,0.0,0.0,2023-06-14
1021,2023-06-14 10:30:00-04:00,14.59000015258789,14.600000381469727,14.59000015258789,14.595000267028809,12809,0.0,0.0,2023-06-14
1022,2023-06-14 10:35:00-04:00,14.59000015258789,14.600000381469727,14.59000015258789,14.595000267028809,5334,0.0,0.0,2023-06-14
1023,2023-06-14 10:40:00-04:00,14.59000015258789,14.59000015258789,14.59000015258789,14.59000015258789,1958,0.0,0.0,2023-06-14
1024,2023-06-14 10:45:00-04:00,14.59000015258789,14.59000015258789,14.59000015258789,14.59000015258789,2078,0.0,0.0,2023-06-14
1025,2023-06-14 10:50:00-04:00,14.59000015258789,14.595000267028809,14.59000015258789,14.59000015258789,3927,0.0,0.0,2023-06-14
1026,2023-06-14 10:55:00-04:00,14.59000015258789,14.600000381469727,14.59000015258789,14.595000267028809,1947,0.0,0.0,2023-06-14
1027,2023-06-14 11:00:00-04:00,14.595000267028809,14.600000381469727,14.59000015258789,14.595000267028809,1324,0.0,0.0,2023-06-14
1028,2023-06-14 11:05:00-04:00,14.600000381469727,14.600000381469727,14.59000015258789,14.59000015258789,3141,0.0,0.0,2023-06-14
1029,2023-06-14 11:10:00-04:00,14.595000267028809,14.595000267028809,14.595000267028809,14.595000267028809,352,0.0,0.0,2023-06-14
1030,2023-06-14 11:15:00-04:00,14.59000015258789,14.600000381469727,14.59000015258789,14.595000267028809,1729,0.0,0.0,2023-06-14
1031,2023-06-14 11:20:00-04:00,14.600000381469727,14.609999656677246,14.59000015258789,14.609999656677246,5268,0.0,0.0,2023-06-14
1032,2023-06-14 11:25:00-04:00,14.600000381469727,14.600000381469727,14.600000381469727,14.600000381469727,100,0.0,0.0,2023-06-14
1033,2023-06-14 11:30:00-04:00,14.600000381469727,14.609999656677246,14.600000381469727,14.609999656677246,4146,0.0,0.0,2023-06-14
1034,2023-06-14 11:40:00-04:00,14.600000381469727,14.600000381469727,14.600000381469727,14.600000381469727,525,0.0,0.0,2023-06-14
1035,2023-06-14 11:45:00-04:00,14.600000381469727,14.600000381469727,14.600000381469727,14.600000381469727,426,0.0,0.0,2023-06-14
1036,2023-06-14 11:50:00-04:00,14.600000381469727,14.600000381469727,14.600000381469727,14.600000381469727,476,0.0,0.0,2023-06-14
1037,2023-06-14 11:55:00-04:00,14.600000381469727,14.600000381469727,14.600000381469727,14.600000381469727,190,0.0,0.0,2023-06-14
1038,2023-06-14 12:00:00-04:00,14.600000381469727,14.609999656677246,14.59000015258789,14.59000015258789,2444,0.0,0.0,2023-06-14
1039,2023-06-14 12:05:00-04:00,14.600000381469727,14.600000381469727,14.600000381469727,14.600000381469727,748,0.0,0.0,2023-06-14
1040,2023-06-14 12:10:00-04:00,14.600000381469727,14.600000381469727,14.600000381469727,14.600000381469727,373,0.0,0.0,2023-06-14
1041,2023-06-14 12:15:00-04:00,14.604999542236328,14.604999542236328,14.604999542236328,14.604999542236328,144,0.0,0.0,2023-06-14
1042,2023-06-14 12:20:00-04:00,14.609999656677246,14.609999656677246,14.600000381469727,14.600000381469727,380,0.0,0.0,2023-06-14
1043,2023-06-14 12:25:00-04:00,14.604999542236328,14.604999542236328,14.600000381469727,14.600000381469727,335,0.0,0.0,2023-06-14
1044,2023-06-14 12:30:00-04:00,14.600000381469727,14.604999542236328,14.600000381469727,14.600000381469727,526,0.0,0.0,2023-06-14
1045,2023-06-14 12:35:00-04:00,14.600000381469727,14.600000381469727,14.595000267028809,14.600000381469727,2266,0.0,0.0,2023-06-14
1046,2023-06-14 12:40:00-04:00,14.600000381469727,14.600000381469727,14.59000015258789,14.600000381469727,3452,0.0,0.0,2023-06-14
1047,2023-06-14 12:45:00-04:00,14.600000381469727,14.600000381469727,14.595000267028809,14.600000381469727,1270,0.0,0.0,2023-06-14
1048,2023-06-14 12:50:00-04:00,14.609999656677246,14.609999656677246,14.609999656677246,14.609999656677246,485,0.0,0.0,2023-06-14
1049,2023-06-14 12:55:00-04:00,14.604999542236328,14.604999542236328,14.600000381469727,14.600000381469727,603,0.0,0.0,2023-06-14
1050,2023-06-14 13:00:00-04:00,14.600000381469727,14.600000381469727,14.600000381469727,14.600000381469727,630,0.0,0.0,2023-06-14
1051,2023-06-14 13:10:00-04:00,14.600000381469727,14.600000381469727,14.600000381469727,14.600000381469727,1479,0.0,0.0,2023-06-14
1052,2023-06-14 13:15:00-04:00,14.600000381469727,14.604999542236328,14.59000015258789,14.600000381469727,2118,0.0,0.0,2023-06-14
1053,2023-06-14 13:20:00-04:00,14.600000381469727,14.609999656677246,14.59000015258789,14.609999656677246,2535,0.0,0.0,2023-06-14
1054,2023-06-14 13:25:00-04:00,14.604999542236328,14.604999542236328,14.600000381469727,14.600000381469727,214,0.0,0.0,2023-06-14
1055,2023-06-14 13:30:00-04:00,14.600000381469727,14.600000381469727,14.600000381469727,14.600000381469727,601,0.0,0.0,2023-06-14
1056,2023-06-14 13:40:00-04:00,14.600000381469727,14.600000381469727,14.600000381469727,14.600000381469727,613,0.0,0.0,2023-06-14
1057,2023-06-14 13:45:00-04:00,14.609999656677246,14.609999656677246,14.600000381469727,14.600000381469727,937,0.0,0.0,2023-06-14
1058,2023-06-14 13:55:00-04:00,14.600000381469727,14.600000381469727,14.600000381469727,14.600000381469727,457,0.0,0.0,2023-06-14
1059,2023-06-14 14:00:00-04:00,14.609999656677246,14.609999656677246,14.600000381469727,14.600000381469727,1879,0.0,0.0,2023-06-14
1060,2023-06-14 14:05:00-04:00,14.600000381469727,14.600000381469727,14.59000015258789,14.600000381469727,2941,0.0,0.0,2023-06-14
1061,2023-06-14 14:10:00-04:00,14.600000381469727,14.600000381469727,14.59000015258789,14.59000015258789,1411,0.0,0.0,2023-06-14
1062,2023-06-14 14:15:00-04:00,14.59000015258789,14.59469985961914,14.59000015258789,14.59000015258789,3321,0.0,0.0,2023-06-14
1063,2023-06-14 14:20:00-04:00,14.595000267028809,14.595000267028809,14.59000015258789,14.59000015258789,815,0.0,0.0,2023-06-14
1064,2023-06-14 14:25:00-04:00,14.59000015258789,14.595000267028809,14.59000015258789,14.595000267028809,358,0.0,0.0,2023-06-14
1065,2023-06-14 14:30:00-04:00,14.59000015258789,14.59000015258789,14.59000015258789,14.59000015258789,618,0.0,0.0,2023-06-14
1066,2023-06-14 14:35:00-04:00,14.59000015258789,14.600000381469727,14.59000015258789,14.59000015258789,607,0.0,0.0,2023-06-14
1067,2023-06-14 14:40:00-04:00,14.59000015258789,14.600000381469727,14.59000015258789,14.59000015258789,3739,0.0,0.0,2023-06-14
1068,2023-06-14 14:45:00-04:00,14.59000015258789,14.59000015258789,14.59000015258789,14.59000015258789,364,0.0,0.0,2023-06-14
1069,2023-06-14 14:50:00-04:00,14.59000015258789,14.600000381469727,14.59000015258789,14.595000267028809,746,0.0,0.0,2023-06-14
1070,2023-06-14 14:55:00-04:00,14.59000015258789,14.600000381469727,14.59000015258789,14.600000381469727,453,0.0,0.0,2023-06-14
1071,2023-06-14 15:00:00-04:00,14.59000015258789,14.59000015258789,14.59000015258789,14.59000015258789,540,0.0,0.0,2023-06-14
1072,2023-06-14 15:05:00-04:00,14.59000015258789,14.600000381469727,14.59000015258789,14.595000267028809,1164,0.0,0.0,2023-06-14
1073,2023-06-14 15:10:00-04:00,14.59000015258789,14.600000381469727,14.59000015258789,14.59000015258789,2049,0.0,0.0,2023-06-14
1074,2023-06-14 15:15:00-04:00,14.59000015258789,14.59000015258789,14.59000015258789,14.59000015258789,787,0.0,0.0,2023-06-14
1075,2023-06-14 15:20:00-04:00,14.59000015258789,14.600000381469727,14.59000015258789,14.592499732971191,879,0.0,0.0,2023-06-14
1076,2023-06-14 15:25:00-04:00,14.595000267028809,14.595000267028809,14.59000015258789,14.595000267028809,642,0.0,0.0,2023-06-14
1077,2023-06-14 15:30:00-04:00,14.595000267028809,14.600000381469727,14.59000015258789,14.595000267028809,781,0.0,0.0,2023-06-14
1078,2023-06-14 15:35:00-04:00,14.600000381469727,14.600000381469727,14.592499732971191,14.595000267028809,1099,0.0,0.0,2023-06-14
1079,2023-06-14 15:40:00-04:00,14.600000381469727,14.600000381469727,14.59000015258789,14.592499732971191,3155,0.0,0.0,2023-06-14
1080,2023-06-14 15:45:00-04:00,14.600000381469727,14.600000381469727,14.59000015258789,14.600000381469727,1385,0.0,0.0,2023-06-14
1081,2023-06-14 15:50:00-04:00,14.59000015258789,14.619999885559082,14.59000015258789,14.600000381469727,13235,0.0,0.0,2023-06-14
1082,2023-06-14 15:55:00-04:00,14.605999946594238,14.609999656677246,14.59000015258789,14.595000267028809,14204,0.0,0.0,2023-06-14
1083,2023-06-15 09:30:00-04:00,14.600000381469727,14.619999885559082,14.600000381469727,14.600000381469727,0,0.0,0.0,2023-06-15
1084,2023-06-15 09:35:00-04:00,14.604999542236328,14.619999885559082,14.59000015258789,14.609999656677246,10209,0.0,0.0,2023-06-15
1085,2023-06-15 09:40:00-04:00,14.609999656677246,14.609999656677246,14.59000015258789,14.595000267028809,5933,0.0,0.0,2023-06-15
1086,2023-06-15 09:45:00-04:00,14.600000381469727,14.600000381469727,14.59000015258789,14.59000015258789,323,0.0,0.0,2023-06-15
1087,2023-06-15 09:50:00-04:00,14.600000381469727,14.600000381469727,14.600000381469727,14.600000381469727,637,0.0,0.0,2023-06-15
1088,2023-06-15 09:55:00-04:00,14.600000381469727,14.600000381469727,14.600000381469727,14.600000381469727,711,0.0,0.0,2023-06-15
1089,2023-06-15 10:00:00-04:00,14.595000267028809,14.600000381469727,14.595000267028809,14.600000381469727,819,0.0,0.0,2023-06-15
1090,2023-06-15 10:05:00-04:00,14.600000381469727,14.600000381469727,14.600000381469727,14.600000381469727,101,0.0,0.0,2023-06-15
1091,2023-06-15 10:10:00-04:00,14.59000015258789,14.59000015258789,14.59000015258789,14.59000015258789,278,0.0,0.0,2023-06-15
1092,2023-06-15 10:15:00-04:00,14.595000267028809,14.595000267028809,14.59000015258789,14.59000015258789,1325,0.0,0.0,2023-06-15
1093,2023-06-15 10:20:00-04:00,14.600000381469727,14.600000381469727,14.595000267028809,14.595000267028809,508,0.0,0.0,2023-06-15
1094,2023-06-15 10:25:00-04:00,14.59000015258789,14.600000381469727,14.59000015258789,14.595000267028809,22911,0.0,0.0,2023-06-15
1095,2023-06-15 10:30:00-04:00,14.59000015258789,14.595000267028809,14.59000015258789,14.59000015258789,3418,0.0,0.0,2023-06-15
1096,2023-06-15 10:35:00-04:00,14.59000015258789,14.59000015258789,14.59000015258789,14.59000015258789,859,0.0,0.0,2023-06-15
1097,2023-06-15 10:40:00-04:00,14.59000015258789,14.59000015258789,14.59000015258789,14.59000015258789,4620,0.0,0.0,2023-06-15
1098,2023-06-15 10:45:00-04:00,14.59000015258789,14.595000267028809,14.59000015258789,14.59000015258789,627,0.0,0.0,2023-06-15
1099,2023-06-15 10:50:00-04:00,14.59000015258789,14.59000015258789,14.59000015258789,14.59000015258789,1233,0.0,0.0,2023-06-15
1100,2023-06-15 10:55:00-04:00,14.59000015258789,14.59000015258789,14.59000015258789,14.59000015258789,1358,0.0,0.0,2023-06-15
1101,2023-06-15 11:00:00-04:00,14.59000015258789,14.59000015258789,14.59000015258789,14.59000015258789,342,0.0,0.0,2023-06-15
1102,2023-06-15 11:05:00-04:00,14.595000267028809,14.600000381469727,14.59000015258789,14.600000381469727,772,0.0,0.0,2023-06-15
1103,2023-06-15 11:10:00-04:00,14.600000381469727,14.600000381469727,14.600000381469727,14.600000381469727,413,0.0,0.0,2023-06-15
1104,2023-06-15 11:15:00-04:00,14.600000381469727,14.600000381469727,14.59000015258789,14.600000381469727,2557,0.0,0.0,2023-06-15
1105,2023-06-15 11:20:00-04:00,14.595000267028809,14.595000267028809,14.595000267028809,14.595000267028809,473,0.0,0.0,2023-06-15
1106,2023-06-15 11:30:00-04:00,14.595000267028809,14.600000381469727,14.595000267028809,14.600000381469727,254,0.0,0.0,2023-06-15
1107,2023-06-15 11:35:00-04:00,14.595000267028809,14.595000267028809,14.595000267028809,14.595000267028809,345,0.0,0.0,2023-06-15
1108,2023-06-15 11:40:00-04:00,14.595000267028809,14.600000381469727,14.59000015258789,14.59000015258789,24047,0.0,0.0,2023-06-15
1109,2023-06-15 11:45:00-04:00,14.59000015258789,14.595000267028809,14.59000015258789,14.59000015258789,2375,0.0,0.0,2023-06-15
1110,2023-06-15 11:50:00-04:00,14.59000015258789,14.59000015258789,14.59000015258789,14.59000015258789,757,0.0,0.0,2023-06-15
1111,2023-06-15 11:55:00-04:00,14.59000015258789,14.59000015258789,14.59000015258789,14.59000015258789,231,0.0,0.0,2023-06-15
1112,2023-06-15 12:00:00-04:00,14.59000015258789,14.59000015258789,14.59000015258789,14.59000015258789,913,0.0,0.0,2023-06-15
1113,2023-06-15 12:05:00-04:00,14.59000015258789,14.59000015258789,14.59000015258789,14.59000015258789,621,0.0,0.0,2023-06-15
1114,2023-06-15 12:15:00-04:00,14.59000015258789,14.600000381469727,14.59000015258789,14.59000015258789,1695,0.0,0.0,2023-06-15
1115,2023-06-15 12:20:00-04:00,14.59000015258789,14.59000015258789,14.59000015258789,14.59000015258789,260,0.0,0.0,2023-06-15
1116,2023-06-15 12:25:00-04:00,14.59000015258789,14.59000015258789,14.59000015258789,14.59000015258789,523,0.0,0.0,2023-06-15
1117,2023-06-15 12:30:00-04:00,14.59000015258789,14.595000267028809,14.59000015258789,14.59000015258789,685,0.0,0.0,2023-06-15
1118,2023-06-15 12:35:00-04:00,14.600000381469727,14.600000381469727,14.600000381469727,14.600000381469727,248,0.0,0.0,2023-06-15
1119,2023-06-15 12:40:00-04:00,14.59000015258789,14.600000381469727,14.59000015258789,14.59000015258789,1556,0.0,0.0,2023-06-15
1120,2023-06-15 12:45:00-04:00,14.59000015258789,14.59000015258789,14.59000015258789,14.59000015258789,380,0.0,0.0,2023-06-15
1121,2023-06-15 12:50:00-04:00,14.59000015258789,14.59000015258789,14.59000015258789,14.59000015258789,380,0.0,0.0,2023-06-15
1122,2023-06-15 12:55:00-04:00,14.59000015258789,14.600000381469727,14.59000015258789,14.600000381469727,393,0.0,0.0,2023-06-15
1123,2023-06-15 13:00:00-04:00,14.595000267028809,14.595000267028809,14.59000015258789,14.59000015258789,753,0.0,0.0,2023-06-15
1124,2023-06-15 13:05:00-04:00,14.59000015258789,14.59000015258789,14.59000015258789,14.59000015258789,178,0.0,0.0,2023-06-15
1125,2023-06-15 13:10:00-04:00,14.59000015258789,14.600000381469727,14.59000015258789,14.600000381469727,780,0.0,0.0,2023-06-15
1126,2023-06-15 13:15:00-04:00,14.59000015258789,14.59000015258789,14.59000015258789,14.59000015258789,4720,0.0,0.0,2023-06-15
1127,2023-06-15 13:20:00-04:00,14.595000267028809,14.595000267028809,14.59000015258789,14.59000015258789,1000,0.0,0.0,2023-06-15
1128,2023-06-15 13:25:00-04:00,14.59000015258789,14.59000015258789,14.59000015258789,14.59000015258789,777,0.0,0.0,2023-06-15
1129,2023-06-15 13:30:00-04:00,14.59000015258789,14.600000381469727,14.59000015258789,14.59000015258789,1100,0.0,0.0,2023-06-15
1130,2023-06-15 13:35:00-04:00,14.59000015258789,14.59000015258789,14.59000015258789,14.59000015258789,772,0.0,0.0,2023-06-15
1131,2023-06-15 13:40:00-04:00,14.59000015258789,14.600000381469727,14.59000015258789,14.595000267028809,2700,0.0,0.0,2023-06-15
1132,2023-06-15 13:45:00-04:00,14.59000015258789,14.59000015258789,14.59000015258789,14.59000015258789,575,0.0,0.0,2023-06-15
1133,2023-06-15 13:50:00-04:00,14.595000267028809,14.595000267028809,14.59000015258789,14.59000015258789,653,0.0,0.0,2023-06-15
1134,2023-06-15 13:55:00-04:00,14.59000015258789,14.59000015258789,14.59000015258789,14.59000015258789,1733,0.0,0.0,2023-06-15
1135,2023-06-15 14:00:00-04:00,14.59000015258789,14.59000015258789,14.59000015258789,14.59000015258789,1269,0.0,0.0,2023-06-15
1136,2023-06-15 14:05:00-04:00,14.59000015258789,14.59000015258789,14.59000015258789,14.59000015258789,596,0.0,0.0,2023-06-15
1137,2023-06-15 14:10:00-04:00,14.59000015258789,14.600000381469727,14.59000015258789,14.59000015258789,1366,0.0,0.0,2023-06-15
1138,2023-06-15 14:15:00-04:00,14.59000015258789,14.59000015258789,14.59000015258789,14.59000015258789,692,0.0,0.0,2023-06-15
1139,2023-06-15 14:20:00-04:00,14.600000381469727,14.600000381469727,14.600000381469727,14.600000381469727,180,0.0,0.0,2023-06-15
1140,2023-06-15 14:25:00-04:00,14.59000015258789,14.600000381469727,14.59000015258789,14.59000015258789,635,0.0,0.0,2023-06-15
1141,2023-06-15 14:30:00-04:00,14.59000015258789,14.59000015258789,14.59000015258789,14.59000015258789,457,0.0,0.0,2023-06-15
1142,2023-06-15 14:35:00-04:00,14.59000015258789,14.59000015258789,14.59000015258789,14.59000015258789,452,0.0,0.0,2023-06-15
1143,2023-06-15 14:40:00-04:00,14.59000015258789,14.59000015258789,14.59000015258789,14.59000015258789,420,0.0,0.0,2023-06-15
1144,2023-06-15 14:45:00-04:00,14.595000267028809,14.595000267028809,14.59000015258789,14.59000015258789,407,0.0,0.0,2023-06-15
1145,2023-06-15 14:50:00-04:00,14.59000015258789,14.600000381469727,14.59000015258789,14.600000381469727,9016,0.0,0.0,2023-06-15
1146,2023-06-15 14:55:00-04:00,14.595000267028809,14.600000381469727,14.59000015258789,14.59000015258789,1781,0.0,0.0,2023-06-15
1147,2023-06-15 15:00:00-04:00,14.59000015258789,14.59000015258789,14.59000015258789,14.59000015258789,918,0.0,0.0,2023-06-15
1148,2023-06-15 15:05:00-04:00,14.59000015258789,14.59000015258789,14.59000015258789,14.59000015258789,594,0.0,0.0,2023-06-15
1149,2023-06-15 15:10:00-04:00,14.600000381469727,14.600000381469727,14.59000015258789,14.59000015258789,1342,0.0,0.0,2023-06-15
1150,2023-06-15 15:15:00-04:00,14.595000267028809,14.595000267028809,14.59000015258789,14.59000015258789,769,0.0,0.0,2023-06-15
1151,2023-06-15 15:20:00-04:00,14.595000267028809,14.595000267028809,14.595000267028809,14.595000267028809,377,0.0,0.0,2023-06-15
1152,2023-06-15 15:25:00-04:00,14.59000015258789,14.600000381469727,14.59000015258789,14.595000267028809,1364,0.0,0.0,2023-06-15
1153,2023-06-15 15:30:00-04:00,14.59000015258789,14.59000015258789,14.59000015258789,14.59000015258789,618,0.0,0.0,2023-06-15
1154,2023-06-15 15:35:00-04:00,14.59000015258789,14.600000381469727,14.59000015258789,14.59000015258789,1553,0.0,0.0,2023-06-15
1155,2023-06-15 15:40:00-04:00,14.59000015258789,14.595000267028809,14.59000015258789,14.59000015258789,1453,0.0,0.0,2023-06-15
1156,2023-06-15 15:45:00-04:00,14.595000267028809,14.600000381469727,14.59000015258789,14.600000381469727,2373,0.0,0.0,2023-06-15
1157,2023-06-15 15:50:00-04:00,14.59000015258789,14.600000381469727,14.59000015258789,14.600000381469727,6926,0.0,0.0,2023-06-15
1158,2023-06-15 15:55:00-04:00,14.595000267028809,14.600000381469727,14.59000015258789,14.600000381469727,16534,0.0,0.0,2023-06-15
1159,2023-06-16 09:30:00-04:00,14.600000381469727,14.609999656677246,14.600000381469727,14.600000381469727,0,0.0,0.0,2023-06-16
1160,2023-06-16 09:35:00-04:00,14.619999885559082,14.619999885559082,14.600000381469727,14.600000381469727,3230,0.0,0.0,2023-06-16
1161,2023-06-16 09:40:00-04:00,14.600000381469727,14.600000381469727,14.600000381469727,14.600000381469727,1423,0.0,0.0,2023-06-16
1162,2023-06-16 09:45:00-04:00,14.59000015258789,14.600000381469727,14.59000015258789,14.600000381469727,4241,0.0,0.0,2023-06-16
1163,2023-06-16 10:00:00-04:00,14.595000267028809,14.595000267028809,14.595000267028809,14.595000267028809,849,0.0,0.0,2023-06-16
1164,2023-06-16 10:05:00-04:00,14.59000015258789,14.59000015258789,14.59000015258789,14.59000015258789,197,0.0,0.0,2023-06-16
1165,2023-06-16 10:10:00-04:00,14.59000015258789,14.595000267028809,14.59000015258789,14.595000267028809,561,0.0,0.0,2023-06-16
1166,2023-06-16 10:15:00-04:00,14.595000267028809,14.595000267028809,14.59000015258789,14.59000015258789,934,0.0,0.0,2023-06-16
1167,2023-06-16 10:20:00-04:00,14.59000015258789,14.619999885559082,14.59000015258789,14.614999771118164,184791,0.0,0.0,2023-06-16
1168,2023-06-16 10:25:00-04:00,14.619999885559082,14.619999885559082,14.619999885559082,14.619999885559082,1347,0.0,0.0,2023-06-16
1169,2023-06-16 10:30:00-04:00,14.619999885559082,14.640000343322754,14.619999885559082,14.631999969482422,3203,0.0,0.0,2023-06-16
1170,2023-06-16 10:45:00-04:00,14.630000114440918,14.640000343322754,14.630000114440918,14.640000343322754,1203,0.0,0.0,2023-06-16
1171,2023-06-16 10:50:00-04:00,14.631999969482422,14.631999969482422,14.619999885559082,14.619999885559082,4613,0.0,0.0,2023-06-16
1172,2023-06-16 11:05:00-04:00,14.619999885559082,14.619999885559082,14.619999885559082,14.619999885559082,648,0.0,0.0,2023-06-16
1173,2023-06-16 11:10:00-04:00,14.619999885559082,14.619999885559082,14.619999885559082,14.619999885559082,757,0.0,0.0,2023-06-16
1174,2023-06-16 11:25:00-04:00,14.619999885559082,14.619999885559082,14.614999771118164,14.614999771118164,423,0.0,0.0,2023-06-16
1175,2023-06-16 11:30:00-04:00,14.619999885559082,14.619999885559082,14.614999771118164,14.614999771118164,441,0.0,0.0,2023-06-16
1176,2023-06-16 11:40:00-04:00,14.609999656677246,14.609999656677246,14.609999656677246,14.609999656677246,215,0.0,0.0,2023-06-16
1177,2023-06-16 11:45:00-04:00,14.610799789428711,14.610799789428711,14.610799789428711,14.610799789428711,639,0.0,0.0,2023-06-16
1178,2023-06-16 11:50:00-04:00,14.614999771118164,14.614999771118164,14.609999656677246,14.609999656677246,315,0.0,0.0,2023-06-16
1179,2023-06-16 11:55:00-04:00,14.619999885559082,14.619999885559082,14.619999885559082,14.619999885559082,100,0.0,0.0,2023-06-16
1180,2023-06-16 12:00:00-04:00,14.619999885559082,14.625,14.619999885559082,14.625,904,0.0,0.0,2023-06-16
1181,2023-06-16 12:10:00-04:00,14.619999885559082,14.625,14.619999885559082,14.620100021362305,5708,0.0,0.0,2023-06-16
1182,2023-06-16 12:15:00-04:00,14.619999885559082,14.630000114440918,14.619999885559082,14.619999885559082,1330,0.0,0.0,2023-06-16
1183,2023-06-16 12:20:00-04:00,14.619999885559082,14.625,14.619999885559082,14.619999885559082,706,0.0,0.0,2023-06-16
1184,2023-06-16 12:25:00-04:00,14.619999885559082,14.619999885559082,14.619999885559082,14.619999885559082,593,0.0,0.0,2023-06-16
1185,2023-06-16 12:30:00-04:00,14.619999885559082,14.619999885559082,14.619999885559082,14.619999885559082,162,0.0,0.0,2023-06-16
1186,2023-06-16 12:45:00-04:00,14.630000114440918,14.630000114440918,14.619999885559082,14.625,842,0.0,0.0,2023-06-16
1187,2023-06-16 12:50:00-04:00,14.630000114440918,14.630000114440918,14.625,14.625,1211,0.0,0.0,2023-06-16
1188,2023-06-16 12:55:00-04:00,14.625,14.625,14.625,14.625,151,0.0,0.0,2023-06-16
1189,2023-06-16 13:00:00-04:00,14.630000114440918,14.630000114440918,14.619999885559082,14.619999885559082,828,0.0,0.0,2023-06-16
1190,2023-06-16 13:05:00-04:00,14.630000114440918,14.640000343322754,14.630000114440918,14.640000343322754,570,0.0,0.0,2023-06-16
1191,2023-06-16 13:10:00-04:00,14.630000114440918,14.630000114440918,14.630000114440918,14.630000114440918,126,0.0,0.0,2023-06-16
1192,2023-06-16 13:15:00-04:00,14.630000114440918,14.630000114440918,14.619999885559082,14.619999885559082,494,0.0,0.0,2023-06-16
1193,2023-06-16 13:25:00-04:00,14.630000114440918,14.630000114440918,14.619999885559082,14.625,430,0.0,0.0,2023-06-16
1194,2023-06-16 13:30:00-04:00,14.630000114440918,14.630000114440918,14.630000114440918,14.630000114440918,320,0.0,0.0,2023-06-16
1195,2023-06-16 13:35:00-04:00,14.625,14.625,14.619999885559082,14.619999885559082,1595,0.0,0.0,2023-06-16
1196,2023-06-16 13:40:00-04:00,14.625,14.625,14.625,14.625,197,0.0,0.0,2023-06-16
1197,2023-06-16 13:45:00-04:00,14.619999885559082,14.62600040435791,14.614999771118164,14.619999885559082,3319,0.0,0.0,2023-06-16
1198,2023-06-16 13:50:00-04:00,14.619999885559082,14.619999885559082,14.619999885559082,14.619999885559082,202,0.0,0.0,2023-06-16
1199,2023-06-16 13:55:00-04:00,14.630000114440918,14.630000114440918,14.630000114440918,14.630000114440918,212,0.0,0.0,2023-06-16
1200,2023-06-16 14:00:00-04:00,14.619999885559082,14.630000114440918,14.619999885559082,14.619999885559082,974,0.0,0.0,2023-06-16
1201,2023-06-16 14:05:00-04:00,14.630000114440918,14.630000114440918,14.619999885559082,14.625,663,0.0,0.0,2023-06-16
1202,2023-06-16 14:10:00-04:00,14.630000114440918,14.630000114440918,14.619999885559082,14.619999885559082,940,0.0,0.0,2023-06-16
1203,2023-06-16 14:15:00-04:00,14.625,14.630000114440918,14.625,14.630000114440918,1785,0.0,0.0,2023-06-16
1204,2023-06-16 14:20:00-04:00,14.630000114440918,14.635000228881836,14.630000114440918,14.635000228881836,1533,0.0,0.0,2023-06-16
1205,2023-06-16 14:25:00-04:00,14.635000228881836,14.635000228881836,14.635000228881836,14.635000228881836,554,0.0,0.0,2023-06-16
1206,2023-06-16 14:40:00-04:00,14.630000114440918,14.630000114440918,14.630000114440918,14.630000114440918,181,0.0,0.0,2023-06-16
1207,2023-06-16 14:45:00-04:00,14.635000228881836,14.640000343322754,14.635000228881836,14.635000228881836,705,0.0,0.0,2023-06-16
1208,2023-06-16 14:50:00-04:00,14.630000114440918,14.630000114440918,14.630000114440918,14.630000114440918,1167,0.0,0.0,2023-06-16
1209,2023-06-16 14:55:00-04:00,14.625,14.630000114440918,14.619999885559082,14.630000114440918,1948,0.0,0.0,2023-06-16
1210,2023-06-16 15:00:00-04:00,14.630000114440918,14.640000343322754,14.630000114440918,14.640000343322754,1462,0.0,0.0,2023-06-16
1211,2023-06-16 15:10:00-04:00,14.630000114440918,14.635000228881836,14.630000114440918,14.635000228881836,400,0.0,0.0,2023-06-16
1212,2023-06-16 15:15:00-04:00,14.635000228881836,14.635000228881836,14.609999656677246,14.619999885559082,11631,0.0,0.0,2023-06-16
1213,2023-06-16 15:20:00-04:00,14.619999885559082,14.619999885559082,14.619999885559082,14.619999885559082,3182,0.0,0.0,2023-06-16
1214,2023-06-16 15:25:00-04:00,14.619999885559082,14.630000114440918,14.619999885559082,14.630000114440918,4498,0.0,0.0,2023-06-16
1215,2023-06-16 15:30:00-04:00,14.635000228881836,14.635000228881836,14.630000114440918,14.635000228881836,950,0.0,0.0,2023-06-16
1216,2023-06-16 15:35:00-04:00,14.630000114440918,14.630000114440918,14.619999885559082,14.619999885559082,5445,0.0,0.0,2023-06-16
1217,2023-06-16 15:40:00-04:00,14.619999885559082,14.619999885559082,14.612500190734863,14.619999885559082,3324,0.0,0.0,2023-06-16
1218,2023-06-16 15:45:00-04:00,14.619999885559082,14.630000114440918,14.609999656677246,14.630000114440918,6118,0.0,0.0,2023-06-16
1219,2023-06-16 15:50:00-04:00,14.630000114440918,14.649999618530273,14.630000114440918,14.647000312805176,18688,0.0,0.0,2023-06-16
1220,2023-06-16 15:55:00-04:00,14.649999618530273,14.649999618530273,14.609999656677246,14.640000343322754,28189,0.0,0.0,2023-06-16
1221,2023-06-20 09:30:00-04:00,14.609999656677246,14.649999618530273,14.609999656677246,14.609999656677246,9969,0.0,0.0,2023-06-20
1222,2023-06-20 09:35:00-04:00,14.609999656677246,14.609999656677246,14.609999656677246,14.609999656677246,1313,0.0,0.0,2023-06-20
1223,2023-06-20 09:40:00-04:00,14.609999656677246,14.630000114440918,14.609999656677246,14.619999885559082,2966,0.0,0.0,2023-06-20
1224,2023-06-20 09:45:00-04:00,14.614999771118164,14.630000114440918,14.614999771118164,14.630000114440918,2922,0.0,0.0,2023-06-20
1225,2023-06-20 09:50:00-04:00,14.630000114440918,14.635000228881836,14.630000114440918,14.635000228881836,2546,0.0,0.0,2023-06-20
1226,2023-06-20 09:55:00-04:00,14.630000114440918,14.635000228881836,14.630000114440918,14.635000228881836,410,0.0,0.0,2023-06-20
1227,2023-06-20 10:05:00-04:00,14.630000114440918,14.630000114440918,14.625,14.625,2753,0.0,0.0,2023-06-20
1228,2023-06-20 10:10:00-04:00,14.625,14.625,14.625,14.625,274,0.0,0.0,2023-06-20
1229,2023-06-20 10:20:00-04:00,14.630000114440918,14.630000114440918,14.619999885559082,14.619999885559082,2686,0.0,0.0,2023-06-20
1230,2023-06-20 10:25:00-04:00,14.619999885559082,14.630000114440918,14.609999656677246,14.630000114440918,8309,0.0,0.0,2023-06-20
1231,2023-06-20 10:30:00-04:00,14.630000114440918,14.630000114440918,14.630000114440918,14.630000114440918,301,0.0,0.0,2023-06-20
1232,2023-06-20 10:35:00-04:00,14.619999885559082,14.630000114440918,14.619999885559082,14.619999885559082,1794,0.0,0.0,2023-06-20
1233,2023-06-20 10:40:00-04:00,14.619999885559082,14.630000114440918,14.619999885559082,14.630000114440918,1033,0.0,0.0,2023-06-20
1234,2023-06-20 10:45:00-04:00,14.630000114440918,14.630000114440918,14.630000114440918,14.630000114440918,341,0.0,0.0,2023-06-20
1235,2023-06-20 10:50:00-04:00,14.619999885559082,14.630000114440918,14.619999885559082,14.630000114440918,1350,0.0,0.0,2023-06-20
1236,2023-06-20 10:55:00-04:00,14.630000114440918,14.630000114440918,14.619999885559082,14.619999885559082,2697,0.0,0.0,2023-06-20
1237,2023-06-20 11:00:00-04:00,14.625,14.630000114440918,14.625,14.630000114440918,449,0.0,0.0,2023-06-20
1238,2023-06-20 11:05:00-04:00,14.619999885559082,14.630000114440918,14.619999885559082,14.625,937,0.0,0.0,2023-06-20
1239,2023-06-20 11:10:00-04:00,14.625,14.630000114440918,14.619999885559082,14.630000114440918,489,0.0,0.0,2023-06-20
1240,2023-06-20 11:15:00-04:00,14.625,14.625,14.625,14.625,193,0.0,0.0,2023-06-20
1241,2023-06-20 11:20:00-04:00,14.619999885559082,14.630000114440918,14.619999885559082,14.630000114440918,6427,0.0,0.0,2023-06-20
1242,2023-06-20 11:25:00-04:00,14.630000114440918,14.630000114440918,14.625,14.625,728,0.0,0.0,2023-06-20
1243,2023-06-20 11:35:00-04:00,14.625,14.625,14.619999885559082,14.619999885559082,775,0.0,0.0,2023-06-20
1244,2023-06-20 11:40:00-04:00,14.625,14.625,14.619999885559082,14.625,561,0.0,0.0,2023-06-20
1245,2023-06-20 11:45:00-04:00,14.630000114440918,14.630000114440918,14.630000114440918,14.630000114440918,147,0.0,0.0,2023-06-20
1246,2023-06-20 11:50:00-04:00,14.625,14.625,14.625,14.625,311,0.0,0.0,2023-06-20
1247,2023-06-20 11:55:00-04:00,14.630000114440918,14.630000114440918,14.625,14.625,1133,0.0,0.0,2023-06-20
1248,2023-06-20 12:10:00-04:00,14.625,14.628499984741211,14.619999885559082,14.625,8315,0.0,0.0,2023-06-20
1249,2023-06-20 12:15:00-04:00,14.625,14.625,14.619999885559082,14.619999885559082,1874,0.0,0.0,2023-06-20
1250,2023-06-20 12:20:00-04:00,14.630000114440918,14.630000114440918,14.619999885559082,14.625,2188,0.0,0.0,2023-06-20
1251,2023-06-20 12:25:00-04:00,14.625,14.630000114440918,14.619999885559082,14.625,1698,0.0,0.0,2023-06-20
1252,2023-06-20 12:30:00-04:00,14.630000114440918,14.649999618530273,14.630000114440918,14.649999618530273,31117,0.0,0.0,2023-06-20
1253,2023-06-20 12:35:00-04:00,14.65999984741211,14.65999984741211,14.654999732971191,14.654999732971191,2827,0.0,0.0,2023-06-20
1254,2023-06-20 12:40:00-04:00,14.654999732971191,14.65999984741211,14.640000343322754,14.640000343322754,11705,0.0,0.0,2023-06-20
1255,2023-06-20 12:45:00-04:00,14.640000343322754,14.640000343322754,14.640000343322754,14.640000343322754,1211,0.0,0.0,2023-06-20
1256,2023-06-20 12:50:00-04:00,14.640000343322754,14.645000457763672,14.640000343322754,14.645000457763672,657,0.0,0.0,2023-06-20
1257,2023-06-20 12:55:00-04:00,14.640000343322754,14.645000457763672,14.640000343322754,14.640000343322754,865,0.0,0.0,2023-06-20
1258,2023-06-20 13:05:00-04:00,14.640000343322754,14.640000343322754,14.640000343322754,14.640000343322754,312,0.0,0.0,2023-06-20
1259,2023-06-20 13:10:00-04:00,14.630000114440918,14.630000114440918,14.630000114440918,14.630000114440918,437,0.0,0.0,2023-06-20
1260,2023-06-20 13:20:00-04:00,14.630000114440918,14.630000114440918,14.630000114440918,14.630000114440918,726,0.0,0.0,2023-06-20
1261,2023-06-20 13:30:00-04:00,14.630000114440918,14.630000114440918,14.630000114440918,14.630000114440918,726,0.0,0.0,2023-06-20
1262,2023-06-20 13:35:00-04:00,14.625,14.625,14.600000381469727,14.600000381469727,23497,0.0,0.0,2023-06-20
1263,2023-06-20 13:40:00-04:00,14.600000381469727,14.600000381469727,14.600000381469727,14.600000381469727,3543,0.0,0.0,2023-06-20
1264,2023-06-20 13:50:00-04:00,14.600000381469727,14.600000381469727,14.600000381469727,14.600000381469727,243,0.0,0.0,2023-06-20
1265,2023-06-20 14:00:00-04:00,14.604999542236328,14.604999542236328,14.600000381469727,14.600000381469727,483,0.0,0.0,2023-06-20
1266,2023-06-20 14:05:00-04:00,14.600000381469727,14.600000381469727,14.600000381469727,14.600000381469727,419,0.0,0.0,2023-06-20
1267,2023-06-20 14:10:00-04:00,14.609999656677246,14.609999656677246,14.604999542236328,14.609999656677246,7190,0.0,0.0,2023-06-20
1268,2023-06-20 14:15:00-04:00,14.619999885559082,14.619999885559082,14.614999771118164,14.619999885559082,5361,0.0,0.0,2023-06-20
1269,2023-06-20 14:20:00-04:00,14.619999885559082,14.625,14.619999885559082,14.625,664,0.0,0.0,2023-06-20
1270,2023-06-20 14:25:00-04:00,14.619999885559082,14.628899574279785,14.614999771118164,14.628899574279785,3781,0.0,0.0,2023-06-20
1271,2023-06-20 14:30:00-04:00,14.619999885559082,14.625,14.619999885559082,14.625,210,0.0,0.0,2023-06-20
1272,2023-06-20 14:35:00-04:00,14.619999885559082,14.625,14.619999885559082,14.625,252,0.0,0.0,2023-06-20
1273,2023-06-20 14:40:00-04:00,14.619999885559082,14.630000114440918,14.619999885559082,14.623000144958496,1044,0.0,0.0,2023-06-20
1274,2023-06-20 14:45:00-04:00,14.619999885559082,14.619999885559082,14.609999656677246,14.609999656677246,4883,0.0,0.0,2023-06-20
1275,2023-06-20 14:50:00-04:00,14.609999656677246,14.61299991607666,14.609999656677246,14.612000465393066,1229,0.0,0.0,2023-06-20
1276,2023-06-20 14:55:00-04:00,14.609999656677246,14.609999656677246,14.609999656677246,14.609999656677246,349,0.0,0.0,2023-06-20
1277,2023-06-20 15:00:00-04:00,14.609999656677246,14.609999656677246,14.609999656677246,14.609999656677246,674,0.0,0.0,2023-06-20
1278,2023-06-20 15:05:00-04:00,14.609999656677246,14.619999885559082,14.609999656677246,14.619999885559082,586,0.0,0.0,2023-06-20
1279,2023-06-20 15:10:00-04:00,14.609999656677246,14.609999656677246,14.609999656677246,14.609999656677246,527,0.0,0.0,2023-06-20
1280,2023-06-20 15:15:00-04:00,14.609999656677246,14.609999656677246,14.609999656677246,14.609999656677246,1183,0.0,0.0,2023-06-20
1281,2023-06-20 15:20:00-04:00,14.609999656677246,14.609999656677246,14.609999656677246,14.609999656677246,155,0.0,0.0,2023-06-20
1282,2023-06-20 15:25:00-04:00,14.609999656677246,14.609999656677246,14.600000381469727,14.600000381469727,1006,0.0,0.0,2023-06-20
1283,2023-06-20 15:30:00-04:00,14.609999656677246,14.609999656677246,14.604999542236328,14.609999656677246,1584,0.0,0.0,2023-06-20
1284,2023-06-20 15:35:00-04:00,14.609999656677246,14.609999656677246,14.600000381469727,14.604999542236328,3261,0.0,0.0,2023-06-20
1285,2023-06-20 15:40:00-04:00,14.609999656677246,14.619999885559082,14.604999542236328,14.619999885559082,3148,0.0,0.0,2023-06-20
1286,2023-06-20 15:45:00-04:00,14.614999771118164,14.619999885559082,14.614999771118164,14.619999885559082,1816,0.0,0.0,2023-06-20
1287,2023-06-20 15:50:00-04:00,14.614999771118164,14.640000343322754,14.609999656677246,14.640000343322754,14684,0.0,0.0,2023-06-20
1288,2023-06-20 15:55:00-04:00,14.640000343322754,14.649999618530273,14.630000114440918,14.640000343322754,16546,0.0,0.0,2023-06-20
1289,2023-06-21 09:30:00-04:00,14.630000114440918,14.640000343322754,14.619999885559082,14.619999885559082,3690,0.0,0.0,2023-06-21
1290,2023-06-21 09:35:00-04:00,14.619999885559082,14.619999885559082,14.609999656677246,14.609999656677246,3544,0.0,0.0,2023-06-21
1291,2023-06-21 09:40:00-04:00,14.619999885559082,14.619999885559082,14.619999885559082,14.619999885559082,1960,0.0,0.0,2023-06-21
1292,2023-06-21 09:45:00-04:00,14.630000114440918,14.640000343322754,14.630000114440918,14.640000343322754,2065,0.0,0.0,2023-06-21
1293,2023-06-21 09:50:00-04:00,14.640000343322754,14.640000343322754,14.640000343322754,14.640000343322754,1334,0.0,0.0,2023-06-21
1294,2023-06-21 09:55:00-04:00,14.630000114440918,14.640000343322754,14.630000114440918,14.640000343322754,15159,0.0,0.0,2023-06-21
1295,2023-06-21 10:00:00-04:00,14.640000343322754,14.640000343322754,14.640000343322754,14.640000343322754,537,0.0,0.0,2023-06-21
1296,2023-06-21 10:05:00-04:00,14.640000343322754,14.640000343322754,14.640000343322754,14.640000343322754,803,0.0,0.0,2023-06-21
1297,2023-06-21 10:10:00-04:00,14.640000343322754,14.640000343322754,14.640000343322754,14.640000343322754,399,0.0,0.0,2023-06-21
1298,2023-06-21 10:20:00-04:00,14.630000114440918,14.640000343322754,14.630000114440918,14.640000343322754,357,0.0,0.0,2023-06-21
1299,2023-06-21 10:25:00-04:00,14.640000343322754,14.649999618530273,14.630000114440918,14.635000228881836,2331,0.0,0.0,2023-06-21
1300,2023-06-21 10:35:00-04:00,14.635000228881836,14.635000228881836,14.630000114440918,14.635000228881836,1101,0.0,0.0,2023-06-21
1301,2023-06-21 10:40:00-04:00,14.635000228881836,14.635000228881836,14.630000114440918,14.630000114440918,1567,0.0,0.0,2023-06-21
1302,2023-06-21 10:45:00-04:00,14.619999885559082,14.635000228881836,14.619999885559082,14.635000228881836,1447,0.0,0.0,2023-06-21
1303,2023-06-21 10:50:00-04:00,14.635000228881836,14.635000228881836,14.630000114440918,14.630000114440918,850,0.0,0.0,2023-06-21
1304,2023-06-21 10:55:00-04:00,14.640000343322754,14.640000343322754,14.640000343322754,14.640000343322754,746,0.0,0.0,2023-06-21
1305,2023-06-21 11:00:00-04:00,14.640000343322754,14.640000343322754,14.630000114440918,14.630000114440918,2510,0.0,0.0,2023-06-21
1306,2023-06-21 11:05:00-04:00,14.635000228881836,14.635000228881836,14.635000228881836,14.635000228881836,217,0.0,0.0,2023-06-21
1307,2023-06-21 11:15:00-04:00,14.640000343322754,14.640000343322754,14.635000228881836,14.635000228881836,432,0.0,0.0,2023-06-21
1308,2023-06-21 11:20:00-04:00,14.640000343322754,14.640000343322754,14.640000343322754,14.640000343322754,1570,0.0,0.0,2023-06-21
1309,2023-06-21 11:25:00-04:00,14.640000343322754,14.640000343322754,14.640000343322754,14.640000343322754,445,0.0,0.0,2023-06-21
1310,2023-06-21 11:30:00-04:00,14.635000228881836,14.635000228881836,14.630000114440918,14.630000114440918,3306,0.0,0.0,2023-06-21
1311,2023-06-21 11:35:00-04:00,14.640000343322754,14.640000343322754,14.640000343322754,14.640000343322754,244,0.0,0.0,2023-06-21
1312,2023-06-21 11:45:00-04:00,14.635000228881836,14.635000228881836,14.635000228881836,14.635000228881836,101,0.0,0.0,2023-06-21
1313,2023-06-21 11:50:00-04:00,14.635000228881836,14.640000343322754,14.635000228881836,14.640000343322754,632,0.0,0.0,2023-06-21
1314,2023-06-21 11:55:00-04:00,14.635000228881836,14.640000343322754,14.609999656677246,14.609999656677246,17617,0.0,0.0,2023-06-21
1315,2023-06-21 12:00:00-04:00,14.619999885559082,14.619999885559082,14.619999885559082,14.619999885559082,290,0.0,0.0,2023-06-21
1316,2023-06-21 12:05:00-04:00,14.619999885559082,14.625,14.619999885559082,14.625,657,0.0,0.0,2023-06-21
1317,2023-06-21 12:10:00-04:00,14.625,14.625,14.619999885559082,14.625,1803,0.0,0.0,2023-06-21
1318,2023-06-21 12:15:00-04:00,14.625,14.625,14.625,14.625,316,0.0,0.0,2023-06-21
1319,2023-06-21 12:25:00-04:00,14.630000114440918,14.630000114440918,14.630000114440918,14.630000114440918,215,0.0,0.0,2023-06-21
1320,2023-06-21 12:30:00-04:00,14.630000114440918,14.630000114440918,14.630000114440918,14.630000114440918,340,0.0,0.0,2023-06-21
1321,2023-06-21 12:35:00-04:00,14.630000114440918,14.630000114440918,14.630000114440918,14.630000114440918,521,0.0,0.0,2023-06-21
1322,2023-06-21 12:40:00-04:00,14.630000114440918,14.635000228881836,14.630000114440918,14.635000228881836,1945,0.0,0.0,2023-06-21
1323,2023-06-21 12:45:00-04:00,14.630000114440918,14.635000228881836,14.630000114440918,14.635000228881836,1025,0.0,0.0,2023-06-21
1324,2023-06-21 12:55:00-04:00,14.630000114440918,14.635000228881836,14.630000114440918,14.630000114440918,1430,0.0,0.0,2023-06-21
1325,2023-06-21 13:00:00-04:00,14.630000114440918,14.630000114440918,14.630000114440918,14.630000114440918,227,0.0,0.0,2023-06-21
1326,2023-06-21 13:05:00-04:00,14.619999885559082,14.625,14.619999885559082,14.625,414,0.0,0.0,2023-06-21
1327,2023-06-21 13:10:00-04:00,14.625,14.625,14.619999885559082,14.625,600,0.0,0.0,2023-06-21
1328,2023-06-21 13:15:00-04:00,14.625,14.630000114440918,14.619999885559082,14.630000114440918,1308,0.0,0.0,2023-06-21
1329,2023-06-21 13:20:00-04:00,14.619999885559082,14.630000114440918,14.619999885559082,14.625,1049,0.0,0.0,2023-06-21
1330,2023-06-21 13:25:00-04:00,14.625,14.625,14.625,14.625,411,0.0,0.0,2023-06-21
1331,2023-06-21 13:35:00-04:00,14.630000114440918,14.630000114440918,14.630000114440918,14.630000114440918,1293,0.0,0.0,2023-06-21
1332,2023-06-21 13:40:00-04:00,14.630000114440918,14.635000228881836,14.630000114440918,14.635000228881836,3035,0.0,0.0,2023-06-21
1333,2023-06-21 13:45:00-04:00,14.635000228881836,14.635000228881836,14.635000228881836,14.635000228881836,148,0.0,0.0,2023-06-21
1334,2023-06-21 13:50:00-04:00,14.635000228881836,14.640000343322754,14.630000114440918,14.640000343322754,1393,0.0,0.0,2023-06-21
1335,2023-06-21 13:55:00-04:00,14.640000343322754,14.640000343322754,14.640000343322754,14.640000343322754,385,0.0,0.0,2023-06-21
1336,2023-06-21 14:00:00-04:00,14.640000343322754,14.640000343322754,14.630000114440918,14.640000343322754,1192,0.0,0.0,2023-06-21
1337,2023-06-21 14:05:00-04:00,14.640000343322754,14.640000343322754,14.640000343322754,14.640000343322754,1985,0.0,0.0,2023-06-21
1338,2023-06-21 14:15:00-04:00,14.640000343322754,14.649100303649902,14.640000343322754,14.640000343322754,1878,0.0,0.0,2023-06-21
1339,2023-06-21 14:20:00-04:00,14.649999618530273,14.649999618530273,14.649999618530273,14.649999618530273,400,0.0,0.0,2023-06-21
1340,2023-06-21 14:25:00-04:00,14.640000343322754,14.645000457763672,14.640000343322754,14.645000457763672,632,0.0,0.0,2023-06-21
1341,2023-06-21 14:30:00-04:00,14.645000457763672,14.645000457763672,14.645000457763672,14.645000457763672,607,0.0,0.0,2023-06-21
1342,2023-06-21 14:35:00-04:00,14.649999618530273,14.649999618530273,14.645000457763672,14.649999618530273,1435,0.0,0.0,2023-06-21
1343,2023-06-21 14:40:00-04:00,14.649999618530273,14.65999984741211,14.649999618530273,14.65999984741211,564,0.0,0.0,2023-06-21
1344,2023-06-21 14:45:00-04:00,14.649999618530273,14.65999984741211,14.649999618530273,14.649999618530273,2462,0.0,0.0,2023-06-21
1345,2023-06-21 14:55:00-04:00,14.645000457763672,14.649999618530273,14.645000457763672,14.649999618530273,906,0.0,0.0,2023-06-21
1346,2023-06-21 15:00:00-04:00,14.649999618530273,14.654999732971191,14.649999618530273,14.654999732971191,448,0.0,0.0,2023-06-21
1347,2023-06-21 15:05:00-04:00,14.654999732971191,14.654999732971191,14.649999618530273,14.654999732971191,591,0.0,0.0,2023-06-21
1348,2023-06-21 15:10:00-04:00,14.654999732971191,14.654999732971191,14.654999732971191,14.654999732971191,782,0.0,0.0,2023-06-21
1349,2023-06-21 15:20:00-04:00,14.649999618530273,14.65999984741211,14.649999618530273,14.654999732971191,817,0.0,0.0,2023-06-21
1350,2023-06-21 15:25:00-04:00,14.654999732971191,14.65999984741211,14.649999618530273,14.65999984741211,1945,0.0,0.0,2023-06-21
1351,2023-06-21 15:30:00-04:00,14.65999984741211,14.65999984741211,14.649999618530273,14.649999618530273,3042,0.0,0.0,2023-06-21
1352,2023-06-21 15:35:00-04:00,14.649999618530273,14.649999618530273,14.640000343322754,14.645000457763672,1558,0.0,0.0,2023-06-21
1353,2023-06-21 15:40:00-04:00,14.640000343322754,14.645000457763672,14.640000343322754,14.645000457763672,313,0.0,0.0,2023-06-21
1354,2023-06-21 15:45:00-04:00,14.649999618530273,14.649999618530273,14.640000343322754,14.640000343322754,281,0.0,0.0,2023-06-21
1355,2023-06-21 15:50:00-04:00,14.640000343322754,14.65999984741211,14.640000343322754,14.65999984741211,12176,0.0,0.0,2023-06-21
1356,2023-06-21 15:55:00-04:00,14.649999618530273,14.654999732971191,14.630000114440918,14.635000228881836,15303,0.0,0.0,2023-06-21
1357,2023-06-22 09:30:00-04:00,14.619999885559082,14.640000343322754,14.619999885559082,14.635000228881836,0,0.0,0.0,2023-06-22
1358,2023-06-22 09:35:00-04:00,14.630000114440918,14.630000114440918,14.630000114440918,14.630000114440918,1999,0.0,0.0,2023-06-22
1359,2023-06-22 09:40:00-04:00,14.630000114440918,14.640000343322754,14.619999885559082,14.619999885559082,24602,0.0,0.0,2023-06-22
1360,2023-06-22 09:45:00-04:00,14.619999885559082,14.619999885559082,14.619999885559082,14.619999885559082,501,0.0,0.0,2023-06-22
1361,2023-06-22 09:50:00-04:00,14.625,14.625,14.619999885559082,14.619999885559082,536,0.0,0.0,2023-06-22
1362,2023-06-22 10:00:00-04:00,14.629199981689453,14.629199981689453,14.625,14.625,325,0.0,0.0,2023-06-22
1363,2023-06-22 10:05:00-04:00,14.625,14.625,14.619999885559082,14.625,959,0.0,0.0,2023-06-22
1364,2023-06-22 10:10:00-04:00,14.625,14.625,14.625,14.625,2349,0.0,0.0,2023-06-22
1365,2023-06-22 10:15:00-04:00,14.619999885559082,14.619999885559082,14.619999885559082,14.619999885559082,245,0.0,0.0,2023-06-22
1366,2023-06-22 10:20:00-04:00,14.619999885559082,14.619999885559082,14.619999885559082,14.619999885559082,295,0.0,0.0,2023-06-22
1367,2023-06-22 10:25:00-04:00,14.625,14.625,14.625,14.625,121,0.0,0.0,2023-06-22
1368,2023-06-22 10:30:00-04:00,14.620200157165527,14.625,14.620200157165527,14.625,653,0.0,0.0,2023-06-22
1369,2023-06-22 10:35:00-04:00,14.625,14.630000114440918,14.619999885559082,14.625,4091,0.0,0.0,2023-06-22
1370,2023-06-22 10:40:00-04:00,14.625,14.625,14.619999885559082,14.619999885559082,660,0.0,0.0,2023-06-22
1371,2023-06-22 10:50:00-04:00,14.619999885559082,14.625,14.619999885559082,14.625,656,0.0,0.0,2023-06-22
1372,2023-06-22 10:55:00-04:00,14.625,14.625,14.625,14.625,314,0.0,0.0,2023-06-22
1373,2023-06-22 11:00:00-04:00,14.625,14.630000114440918,14.625,14.625,1057,0.0,0.0,2023-06-22
1374,2023-06-22 11:05:00-04:00,14.625,14.625,14.625,14.625,112,0.0,0.0,2023-06-22
1375,2023-06-22 11:10:00-04:00,14.625,14.625,14.619999885559082,14.625,648,0.0,0.0,2023-06-22
1376,2023-06-22 11:15:00-04:00,14.625,14.625,14.619999885559082,14.619999885559082,396,0.0,0.0,2023-06-22
1377,2023-06-22 11:20:00-04:00,14.619999885559082,14.625,14.619999885559082,14.625,2239,0.0,0.0,2023-06-22
1378,2023-06-22 11:35:00-04:00,14.625,14.630000114440918,14.625,14.625,2181,0.0,0.0,2023-06-22
1379,2023-06-22 11:40:00-04:00,14.630000114440918,14.630000114440918,14.630000114440918,14.630000114440918,140,0.0,0.0,2023-06-22
1380,2023-06-22 11:45:00-04:00,14.630000114440918,14.630000114440918,14.625,14.630000114440918,804,0.0,0.0,2023-06-22
1381,2023-06-22 11:50:00-04:00,14.625,14.625,14.625,14.625,259,0.0,0.0,2023-06-22
1382,2023-06-22 11:55:00-04:00,14.625,14.625,14.625,14.625,345,0.0,0.0,2023-06-22
1383,2023-06-22 12:00:00-04:00,14.625,14.630000114440918,14.619999885559082,14.625,999,0.0,0.0,2023-06-22
1384,2023-06-22 12:05:00-04:00,14.625,14.625,14.625,14.625,646,0.0,0.0,2023-06-22
1385,2023-06-22 12:10:00-04:00,14.630000114440918,14.630000114440918,14.619999885559082,14.625,700,0.0,0.0,2023-06-22
1386,2023-06-22 12:20:00-04:00,14.619999885559082,14.625,14.619999885559082,14.619999885559082,1894,0.0,0.0,2023-06-22
1387,2023-06-22 12:25:00-04:00,14.625,14.625,14.625,14.625,211,0.0,0.0,2023-06-22
1388,2023-06-22 12:35:00-04:00,14.625,14.630000114440918,14.625,14.625,1822,0.0,0.0,2023-06-22
1389,2023-06-22 12:40:00-04:00,14.619999885559082,14.630000114440918,14.619999885559082,14.625,328,0.0,0.0,2023-06-22
1390,2023-06-22 12:45:00-04:00,14.625,14.630000114440918,14.625,14.630000114440918,481,0.0,0.0,2023-06-22
1391,2023-06-22 12:50:00-04:00,14.619999885559082,14.619999885559082,14.619999885559082,14.619999885559082,438,0.0,0.0,2023-06-22
1392,2023-06-22 12:55:00-04:00,14.619999885559082,14.619999885559082,14.619999885559082,14.619999885559082,2055,0.0,0.0,2023-06-22
1393,2023-06-22 13:05:00-04:00,14.625,14.625,14.625,14.625,151,0.0,0.0,2023-06-22
1394,2023-06-22 13:10:00-04:00,14.625,14.625,14.625,14.625,223,0.0,0.0,2023-06-22
1395,2023-06-22 13:15:00-04:00,14.619999885559082,14.625,14.619999885559082,14.625,836,0.0,0.0,2023-06-22
1396,2023-06-22 13:20:00-04:00,14.619999885559082,14.625,14.619999885559082,14.625,218,0.0,0.0,2023-06-22
1397,2023-06-22 13:25:00-04:00,14.619999885559082,14.619999885559082,14.619999885559082,14.619999885559082,500,0.0,0.0,2023-06-22
1398,2023-06-22 13:30:00-04:00,14.625,14.625,14.625,14.625,438,0.0,0.0,2023-06-22
1399,2023-06-22 13:40:00-04:00,14.630000114440918,14.630000114440918,14.625,14.625,813,0.0,0.0,2023-06-22
1400,2023-06-22 13:50:00-04:00,14.619999885559082,14.619999885559082,14.619999885559082,14.619999885559082,411,0.0,0.0,2023-06-22
1401,2023-06-22 13:55:00-04:00,14.625,14.625,14.625,14.625,117,0.0,0.0,2023-06-22
1402,2023-06-22 14:00:00-04:00,14.625,14.630000114440918,14.619999885559082,14.625,802,0.0,0.0,2023-06-22
1403,2023-06-22 14:05:00-04:00,14.625,14.625,14.619999885559082,14.619999885559082,290,0.0,0.0,2023-06-22
1404,2023-06-22 14:10:00-04:00,14.630000114440918,14.630000114440918,14.630000114440918,14.630000114440918,207,0.0,0.0,2023-06-22
1405,2023-06-22 14:15:00-04:00,14.625,14.625,14.619999885559082,14.625,523,0.0,0.0,2023-06-22
1406,2023-06-22 14:25:00-04:00,14.625,14.625,14.625,14.625,151,0.0,0.0,2023-06-22
1407,2023-06-22 14:30:00-04:00,14.625,14.625,14.625,14.625,374,0.0,0.0,2023-06-22
1408,2023-06-22 14:35:00-04:00,14.625,14.625,14.625,14.625,364,0.0,0.0,2023-06-22
1409,2023-06-22 14:40:00-04:00,14.619999885559082,14.625,14.619999885559082,14.619999885559082,711,0.0,0.0,2023-06-22
1410,2023-06-22 14:45:00-04:00,14.625,14.625,14.625,14.625,569,0.0,0.0,2023-06-22
1411,2023-06-22 14:50:00-04:00,14.625,14.625,14.625,14.625,303,0.0,0.0,2023-06-22
1412,2023-06-22 14:55:00-04:00,14.625,14.625,14.619999885559082,14.625,594,0.0,0.0,2023-06-22
1413,2023-06-22 15:00:00-04:00,14.625,14.625,14.619999885559082,14.619999885559082,268,0.0,0.0,2023-06-22
1414,2023-06-22 15:05:00-04:00,14.625,14.625,14.625,14.625,204,0.0,0.0,2023-06-22
1415,2023-06-22 15:10:00-04:00,14.625,14.625,14.619999885559082,14.619999885559082,2827,0.0,0.0,2023-06-22
1416,2023-06-22 15:15:00-04:00,14.625,14.625,14.625,14.625,305,0.0,0.0,2023-06-22
1417,2023-06-22 15:20:00-04:00,14.619999885559082,14.625,14.619999885559082,14.625,26943,0.0,0.0,2023-06-22
1418,2023-06-22 15:25:00-04:00,14.619999885559082,14.625,14.619999885559082,14.625,763,0.0,0.0,2023-06-22
1419,2023-06-22 15:30:00-04:00,14.625,14.625,14.619999885559082,14.619999885559082,1424,0.0,0.0,2023-06-22
1420,2023-06-22 15:35:00-04:00,14.625,14.625,14.619999885559082,14.619999885559082,882,0.0,0.0,2023-06-22
1421,2023-06-22 15:40:00-04:00,14.625,14.630000114440918,14.625,14.625,3221,0.0,0.0,2023-06-22
1422,2023-06-22 15:45:00-04:00,14.630000114440918,14.640000343322754,14.625,14.640000343322754,9209,0.0,0.0,2023-06-22
1423,2023-06-22 15:50:00-04:00,14.640000343322754,14.640000343322754,14.630000114440918,14.640000343322754,21026,0.0,0.0,2023-06-22
1424,2023-06-22 15:55:00-04:00,14.630000114440918,14.640000343322754,14.630000114440918,14.630000114440918,30077,0.0,0.0,2023-06-22
1425,2023-06-23 09:30:00-04:00,14.619999885559082,14.630000114440918,14.619999885559082,14.619999885559082,0,0.0,0.0,2023-06-23
1426,2023-06-23 09:35:00-04:00,14.625,14.630000114440918,14.609999656677246,14.630000114440918,6404,0.0,0.0,2023-06-23
1427,2023-06-23 09:40:00-04:00,14.630000114440918,14.630000114440918,14.625,14.625,1570,0.0,0.0,2023-06-23
1428,2023-06-23 09:50:00-04:00,14.630000114440918,14.630000114440918,14.630000114440918,14.630000114440918,571,0.0,0.0,2023-06-23
1429,2023-06-23 10:05:00-04:00,14.625,14.635000228881836,14.625,14.630000114440918,2263,0.0,0.0,2023-06-23
1430,2023-06-23 10:10:00-04:00,14.630000114440918,14.630000114440918,14.630000114440918,14.630000114440918,267,0.0,0.0,2023-06-23
1431,2023-06-23 10:20:00-04:00,14.619999885559082,14.630000114440918,14.619999885559082,14.630000114440918,2459,0.0,0.0,2023-06-23
1432,2023-06-23 10:30:00-04:00,14.619999885559082,14.625,14.619999885559082,14.625,379,0.0,0.0,2023-06-23
1433,2023-06-23 10:35:00-04:00,14.619999885559082,14.619999885559082,14.619999885559082,14.619999885559082,486,0.0,0.0,2023-06-23
1434,2023-06-23 10:45:00-04:00,14.625,14.625,14.619999885559082,14.619999885559082,571,0.0,0.0,2023-06-23
1435,2023-06-23 10:50:00-04:00,14.619999885559082,14.619999885559082,14.619999885559082,14.619999885559082,6171,0.0,0.0,2023-06-23
1436,2023-06-23 10:55:00-04:00,14.625,14.625,14.625,14.625,339,0.0,0.0,2023-06-23
1437,2023-06-23 11:05:00-04:00,14.619999885559082,14.619999885559082,14.619999885559082,14.619999885559082,593,0.0,0.0,2023-06-23
1438,2023-06-23 11:20:00-04:00,14.619999885559082,14.619999885559082,14.619999885559082,14.619999885559082,699,0.0,0.0,2023-06-23
1439,2023-06-23 11:25:00-04:00,14.619999885559082,14.619999885559082,14.619999885559082,14.619999885559082,572,0.0,0.0,2023-06-23
1440,2023-06-23 11:30:00-04:00,14.619999885559082,14.619999885559082,14.619999885559082,14.619999885559082,676,0.0,0.0,2023-06-23
1441,2023-06-23 11:35:00-04:00,14.619999885559082,14.619999885559082,14.619999885559082,14.619999885559082,667,0.0,0.0,2023-06-23
1442,2023-06-23 11:40:00-04:00,14.619999885559082,14.619999885559082,14.619999885559082,14.619999885559082,690,0.0,0.0,2023-06-23
1443,2023-06-23 11:50:00-04:00,14.619999885559082,14.619999885559082,14.619999885559082,14.619999885559082,1017,0.0,0.0,2023-06-23
1444,2023-06-23 12:00:00-04:00,14.619999885559082,14.619999885559082,14.619999885559082,14.619999885559082,270,0.0,0.0,2023-06-23
1445,2023-06-23 12:05:00-04:00,14.619999885559082,14.619999885559082,14.619999885559082,14.619999885559082,766,0.0,0.0,2023-06-23
1446,2023-06-23 12:10:00-04:00,14.625,14.625,14.625,14.625,200,0.0,0.0,2023-06-23
1447,2023-06-23 12:15:00-04:00,14.625,14.625,14.625,14.625,399,0.0,0.0,2023-06-23
1448,2023-06-23 12:25:00-04:00,14.619999885559082,14.619999885559082,14.619999885559082,14.619999885559082,757,0.0,0.0,2023-06-23
1449,2023-06-23 12:35:00-04:00,14.619999885559082,14.619999885559082,14.619999885559082,14.619999885559082,100,0.0,0.0,2023-06-23
1450,2023-06-23 12:40:00-04:00,14.619999885559082,14.625,14.619999885559082,14.625,1976,0.0,0.0,2023-06-23
1451,2023-06-23 12:50:00-04:00,14.619999885559082,14.619999885559082,14.619999885559082,14.619999885559082,962,0.0,0.0,2023-06-23
1452,2023-06-23 12:55:00-04:00,14.619999885559082,14.624699592590332,14.619999885559082,14.619999885559082,851,0.0,0.0,2023-06-23
1453,2023-06-23 13:05:00-04:00,14.625,14.625,14.625,14.625,120,0.0,0.0,2023-06-23
1454,2023-06-23 13:10:00-04:00,14.619999885559082,14.619999885559082,14.619999885559082,14.619999885559082,812,0.0,0.0,2023-06-23
1455,2023-06-23 13:15:00-04:00,14.619999885559082,14.619999885559082,14.619999885559082,14.619999885559082,416,0.0,0.0,2023-06-23
1456,2023-06-23 13:25:00-04:00,14.625,14.625,14.625,14.625,486,0.0,0.0,2023-06-23
1457,2023-06-23 13:35:00-04:00,14.630000114440918,14.630000114440918,14.625,14.625,638,0.0,0.0,2023-06-23
1458,2023-06-23 13:50:00-04:00,14.619999885559082,14.619999885559082,14.619999885559082,14.619999885559082,989,0.0,0.0,2023-06-23
1459,2023-06-23 13:55:00-04:00,14.619999885559082,14.619999885559082,14.619999885559082,14.619999885559082,435,0.0,0.0,2023-06-23
1460,2023-06-23 14:10:00-04:00,14.619999885559082,14.619999885559082,14.619999885559082,14.619999885559082,802,0.0,0.0,2023-06-23
1461,2023-06-23 14:15:00-04:00,14.619999885559082,14.619999885559082,14.619999885559082,14.619999885559082,1431,0.0,0.0,2023-06-23
1462,2023-06-23 14:20:00-04:00,14.619999885559082,14.619999885559082,14.619999885559082,14.619999885559082,120,0.0,0.0,2023-06-23
1463,2023-06-23 14:25:00-04:00,14.619999885559082,14.621399879455566,14.619999885559082,14.619999885559082,3515,0.0,0.0,2023-06-23
1464,2023-06-23 14:30:00-04:00,14.619999885559082,14.619999885559082,14.619999885559082,14.619999885559082,217,0.0,0.0,2023-06-23
1465,2023-06-23 14:40:00-04:00,14.619999885559082,14.619999885559082,14.619999885559082,14.619999885559082,265,0.0,0.0,2023-06-23
1466,2023-06-23 14:45:00-04:00,14.619999885559082,14.619999885559082,14.619999885559082,14.619999885559082,1256,0.0,0.0,2023-06-23
1467,2023-06-23 14:55:00-04:00,14.619999885559082,14.619999885559082,14.619999885559082,14.619999885559082,210,0.0,0.0,2023-06-23
1468,2023-06-23 15:00:00-04:00,14.619999885559082,14.619999885559082,14.619999885559082,14.619999885559082,981,0.0,0.0,2023-06-23
1469,2023-06-23 15:05:00-04:00,14.619999885559082,14.619999885559082,14.619999885559082,14.619999885559082,9940,0.0,0.0,2023-06-23
1470,2023-06-23 15:10:00-04:00,14.619999885559082,14.619999885559082,14.619999885559082,14.619999885559082,606,0.0,0.0,2023-06-23
1471,2023-06-23 15:15:00-04:00,14.619999885559082,14.619999885559082,14.619999885559082,14.619999885559082,275,0.0,0.0,2023-06-23
1472,2023-06-23 15:20:00-04:00,14.619999885559082,14.625,14.619999885559082,14.619999885559082,3172,0.0,0.0,2023-06-23
1473,2023-06-23 15:25:00-04:00,14.619999885559082,14.619999885559082,14.619999885559082,14.619999885559082,475,0.0,0.0,2023-06-23
1474,2023-06-23 15:30:00-04:00,14.619999885559082,14.619999885559082,14.619999885559082,14.619999885559082,237,0.0,0.0,2023-06-23
1475,2023-06-23 15:35:00-04:00,14.625,14.625,14.619999885559082,14.619999885559082,2424,0.0,0.0,2023-06-23
1476,2023-06-23 15:40:00-04:00,14.619999885559082,14.619999885559082,14.619999885559082,14.619999885559082,822,0.0,0.0,2023-06-23
1477,2023-06-23 15:45:00-04:00,14.619999885559082,14.630000114440918,14.619999885559082,14.630000114440918,2975,0.0,0.0,2023-06-23
1478,2023-06-23 15:50:00-04:00,14.630000114440918,14.630000114440918,14.619999885559082,14.619999885559082,11312,0.0,0.0,2023-06-23
1479,2023-06-23 15:55:00-04:00,14.619999885559082,14.630000114440918,14.619999885559082,14.619999885559082,14694,0.0,0.0,2023-06-23
1480,2023-06-26 09:30:00-04:00,14.619999885559082,14.649999618530273,14.619999885559082,14.630000114440918,4049,0.0,0.0,2023-06-26
1481,2023-06-26 09:35:00-04:00,14.640000343322754,14.649999618530273,14.630000114440918,14.649999618530273,4520,0.0,0.0,2023-06-26
1482,2023-06-26 09:40:00-04:00,14.640000343322754,14.640000343322754,14.630000114440918,14.630000114440918,4767,0.0,0.0,2023-06-26
1483,2023-06-26 09:45:00-04:00,14.640000343322754,14.640000343322754,14.640000343322754,14.640000343322754,567,0.0,0.0,2023-06-26
1484,2023-06-26 09:50:00-04:00,14.630000114440918,14.630000114440918,14.619999885559082,14.630000114440918,986,0.0,0.0,2023-06-26
1485,2023-06-26 10:00:00-04:00,14.630000114440918,14.630000114440918,14.630000114440918,14.630000114440918,883,0.0,0.0,2023-06-26
1486,2023-06-26 10:05:00-04:00,14.640000343322754,14.640000343322754,14.630000114440918,14.640000343322754,2571,0.0,0.0,2023-06-26
1487,2023-06-26 10:10:00-04:00,14.630000114440918,14.635000228881836,14.630000114440918,14.630000114440918,890,0.0,0.0,2023-06-26
1488,2023-06-26 10:15:00-04:00,14.635000228881836,14.640000343322754,14.630000114440918,14.640000343322754,1634,0.0,0.0,2023-06-26
1489,2023-06-26 10:25:00-04:00,14.635000228881836,14.635000228881836,14.630000114440918,14.630000114440918,2089,0.0,0.0,2023-06-26
1490,2023-06-26 10:30:00-04:00,14.630000114440918,14.630000114440918,14.630000114440918,14.630000114440918,1017,0.0,0.0,2023-06-26
1491,2023-06-26 10:40:00-04:00,14.630000114440918,14.630000114440918,14.630000114440918,14.630000114440918,327,0.0,0.0,2023-06-26
1492,2023-06-26 10:45:00-04:00,14.640000343322754,14.640000343322754,14.635000228881836,14.635000228881836,540,0.0,0.0,2023-06-26
1493,2023-06-26 11:00:00-04:00,14.640000343322754,14.640000343322754,14.640000343322754,14.640000343322754,325,0.0,0.0,2023-06-26
1494,2023-06-26 11:05:00-04:00,14.640000343322754,14.640000343322754,14.640000343322754,14.640000343322754,211,0.0,0.0,2023-06-26
1495,2023-06-26 11:10:00-04:00,14.630000114440918,14.630000114440918,14.630000114440918,14.630000114440918,1454,0.0,0.0,2023-06-26
1496,2023-06-26 11:15:00-04:00,14.630000114440918,14.630000114440918,14.630000114440918,14.630000114440918,705,0.0,0.0,2023-06-26
1497,2023-06-26 11:20:00-04:00,14.630000114440918,14.630000114440918,14.630000114440918,14.630000114440918,736,0.0,0.0,2023-06-26
1498,2023-06-26 11:40:00-04:00,14.630000114440918,14.630000114440918,14.630000114440918,14.630000114440918,100,0.0,0.0,2023-06-26
1499,2023-06-26 11:45:00-04:00,14.635000228881836,14.635000228881836,14.630000114440918,14.630000114440918,1086,0.0,0.0,2023-06-26
1500,2023-06-26 11:50:00-04:00,14.635000228881836,14.635000228881836,14.635000228881836,14.635000228881836,291,0.0,0.0,2023-06-26
1501,2023-06-26 11:55:00-04:00,14.630000114440918,14.630000114440918,14.630000114440918,14.630000114440918,378,0.0,0.0,2023-06-26
1502,2023-06-26 12:25:00-04:00,14.630000114440918,14.630000114440918,14.630000114440918,14.630000114440918,705,0.0,0.0,2023-06-26
1503,2023-06-26 12:35:00-04:00,14.630000114440918,14.630000114440918,14.630000114440918,14.630000114440918,1078,0.0,0.0,2023-06-26
1504,2023-06-26 12:50:00-04:00,14.630000114440918,14.630000114440918,14.630000114440918,14.630000114440918,399,0.0,0.0,2023-06-26
1505,2023-06-26 12:55:00-04:00,14.630000114440918,14.630000114440918,14.619999885559082,14.619999885559082,15524,0.0,0.0,2023-06-26
1506,2023-06-26 13:05:00-04:00,14.630000114440918,14.630000114440918,14.630000114440918,14.630000114440918,433,0.0,0.0,2023-06-26
1507,2023-06-26 13:10:00-04:00,14.625,14.625,14.625,14.625,181,0.0,0.0,2023-06-26
1508,2023-06-26 13:20:00-04:00,14.630000114440918,14.630000114440918,14.625,14.625,679,0.0,0.0,2023-06-26
1509,2023-06-26 13:25:00-04:00,14.625,14.625,14.619999885559082,14.619999885559082,28091,0.0,0.0,2023-06-26
1510,2023-06-26 13:30:00-04:00,14.619999885559082,14.619999885559082,14.619999885559082,14.619999885559082,212,0.0,0.0,2023-06-26
1511,2023-06-26 13:35:00-04:00,14.625,14.625,14.622900009155273,14.622900009155273,14507,0.0,0.0,2023-06-26
1512,2023-06-26 13:40:00-04:00,14.619999885559082,14.619999885559082,14.619999885559082,14.619999885559082,16907,0.0,0.0,2023-06-26
1513,2023-06-26 13:45:00-04:00,14.619999885559082,14.625,14.619999885559082,14.625,764,0.0,0.0,2023-06-26
1514,2023-06-26 13:50:00-04:00,14.625,14.625,14.619999885559082,14.619999885559082,733,0.0,0.0,2023-06-26
1515,2023-06-26 13:55:00-04:00,14.628100395202637,14.628100395202637,14.628100395202637,14.628100395202637,136,0.0,0.0,2023-06-26
1516,2023-06-26 14:00:00-04:00,14.630000114440918,14.630000114440918,14.630000114440918,14.630000114440918,389,0.0,0.0,2023-06-26
1517,2023-06-26 14:05:00-04:00,14.619999885559082,14.625,14.619999885559082,14.625,464,0.0,0.0,2023-06-26
1518,2023-06-26 14:15:00-04:00,14.625,14.625,14.625,14.625,405,0.0,0.0,2023-06-26
1519,2023-06-26 14:20:00-04:00,14.625,14.625,14.625,14.625,522,0.0,0.0,2023-06-26
1520,2023-06-26 14:25:00-04:00,14.630000114440918,14.630000114440918,14.625,14.625,4156,0.0,0.0,2023-06-26
1521,2023-06-26 14:30:00-04:00,14.630000114440918,14.630000114440918,14.630000114440918,14.630000114440918,200,0.0,0.0,2023-06-26
1522,2023-06-26 14:35:00-04:00,14.630000114440918,14.630000114440918,14.625,14.625,382,0.0,0.0,2023-06-26
1523,2023-06-26 14:45:00-04:00,14.630000114440918,14.630000114440918,14.619999885559082,14.619999885559082,1546,0.0,0.0,2023-06-26
1524,2023-06-26 14:50:00-04:00,14.619999885559082,14.630000114440918,14.619999885559082,14.630000114440918,305,0.0,0.0,2023-06-26
1525,2023-06-26 14:55:00-04:00,14.619999885559082,14.625,14.619999885559082,14.625,374,0.0,0.0,2023-06-26
1526,2023-06-26 15:00:00-04:00,14.630000114440918,14.630000114440918,14.630000114440918,14.630000114440918,203,0.0,0.0,2023-06-26
1527,2023-06-26 15:05:00-04:00,14.630000114440918,14.630000114440918,14.625,14.625,635,0.0,0.0,2023-06-26
1528,2023-06-26 15:10:00-04:00,14.619999885559082,14.619999885559082,14.619999885559082,14.619999885559082,1857,0.0,0.0,2023-06-26
1529,2023-06-26 15:15:00-04:00,14.625,14.625,14.625,14.625,109,0.0,0.0,2023-06-26
1530,2023-06-26 15:20:00-04:00,14.619999885559082,14.619999885559082,14.609999656677246,14.609999656677246,43785,0.0,0.0,2023-06-26
1531,2023-06-26 15:25:00-04:00,14.614999771118164,14.614999771118164,14.614999771118164,14.614999771118164,647,0.0,0.0,2023-06-26
1532,2023-06-26 15:30:00-04:00,14.614999771118164,14.614999771118164,14.609999656677246,14.609999656677246,953,0.0,0.0,2023-06-26
1533,2023-06-26 15:35:00-04:00,14.609999656677246,14.614999771118164,14.609999656677246,14.609999656677246,1213,0.0,0.0,2023-06-26
1534,2023-06-26 15:40:00-04:00,14.614999771118164,14.619999885559082,14.614999771118164,14.619999885559082,1689,0.0,0.0,2023-06-26
1535,2023-06-26 15:45:00-04:00,14.614999771118164,14.619999885559082,14.609999656677246,14.614999771118164,3349,0.0,0.0,2023-06-26
1536,2023-06-26 15:50:00-04:00,14.619999885559082,14.619999885559082,14.609999656677246,14.609999656677246,91911,0.0,0.0,2023-06-26
1537,2023-06-26 15:55:00-04:00,14.614999771118164,14.619999885559082,14.609999656677246,14.619999885559082,9228,0.0,0.0,2023-06-26
1538,2023-06-27 09:30:00-04:00,14.630000114440918,14.640000343322754,14.630000114440918,14.640000343322754,1569,0.0,0.0,2023-06-27
1539,2023-06-27 09:35:00-04:00,14.630000114440918,14.63010025024414,14.609999656677246,14.619999885559082,34842,0.0,0.0,2023-06-27
1540,2023-06-27 09:40:00-04:00,14.619999885559082,14.619999885559082,14.619999885559082,14.619999885559082,254,0.0,0.0,2023-06-27
1541,2023-06-27 09:45:00-04:00,14.609999656677246,14.619999885559082,14.609999656677246,14.609999656677246,2105,0.0,0.0,2023-06-27
1542,2023-06-27 09:50:00-04:00,14.609999656677246,14.619999885559082,14.609999656677246,14.619999885559082,1927,0.0,0.0,2023-06-27
1543,2023-06-27 09:55:00-04:00,14.619999885559082,14.619999885559082,14.619999885559082,14.619999885559082,395,0.0,0.0,2023-06-27
1544,2023-06-27 10:00:00-04:00,14.619999885559082,14.619999885559082,14.619999885559082,14.619999885559082,524,0.0,0.0,2023-06-27
1545,2023-06-27 10:05:00-04:00,14.619999885559082,14.619999885559082,14.614999771118164,14.619999885559082,7470,0.0,0.0,2023-06-27
1546,2023-06-27 10:10:00-04:00,14.619999885559082,14.630000114440918,14.619999885559082,14.630000114440918,3565,0.0,0.0,2023-06-27
1547,2023-06-27 10:15:00-04:00,14.619999885559082,14.625,14.619999885559082,14.619999885559082,355,0.0,0.0,2023-06-27
1548,2023-06-27 10:20:00-04:00,14.630000114440918,14.630000114440918,14.619999885559082,14.619999885559082,1942,0.0,0.0,2023-06-27
1549,2023-06-27 10:25:00-04:00,14.619999885559082,14.619999885559082,14.619999885559082,14.619999885559082,310,0.0,0.0,2023-06-27
1550,2023-06-27 10:30:00-04:00,14.619999885559082,14.619999885559082,14.619999885559082,14.619999885559082,291,0.0,0.0,2023-06-27
1551,2023-06-27 10:35:00-04:00,14.630000114440918,14.630000114440918,14.630000114440918,14.630000114440918,680,0.0,0.0,2023-06-27
1552,2023-06-27 10:40:00-04:00,14.619999885559082,14.630000114440918,14.619999885559082,14.630000114440918,631,0.0,0.0,2023-06-27
1553,2023-06-27 10:45:00-04:00,14.619999885559082,14.619999885559082,14.619999885559082,14.619999885559082,310,0.0,0.0,2023-06-27
1554,2023-06-27 10:50:00-04:00,14.625,14.630000114440918,14.619999885559082,14.619999885559082,979,0.0,0.0,2023-06-27
1555,2023-06-27 10:55:00-04:00,14.625,14.625,14.614999771118164,14.619999885559082,1731,0.0,0.0,2023-06-27
1556,2023-06-27 11:00:00-04:00,14.619999885559082,14.619999885559082,14.614999771118164,14.614999771118164,243,0.0,0.0,2023-06-27
1557,2023-06-27 11:05:00-04:00,14.614999771118164,14.614999771118164,14.609999656677246,14.609999656677246,520,0.0,0.0,2023-06-27
1558,2023-06-27 11:10:00-04:00,14.619999885559082,14.619999885559082,14.619999885559082,14.619999885559082,345,0.0,0.0,2023-06-27
1559,2023-06-27 11:15:00-04:00,14.614999771118164,14.614999771118164,14.614999771118164,14.614999771118164,12133,0.0,0.0,2023-06-27
1560,2023-06-27 11:20:00-04:00,14.614999771118164,14.614999771118164,14.609999656677246,14.609999656677246,5206,0.0,0.0,2023-06-27
1561,2023-06-27 11:25:00-04:00,14.619999885559082,14.619999885559082,14.619999885559082,14.619999885559082,337,0.0,0.0,2023-06-27
1562,2023-06-27 11:30:00-04:00,14.609999656677246,14.609999656677246,14.609999656677246,14.609999656677246,138,0.0,0.0,2023-06-27
1563,2023-06-27 11:35:00-04:00,14.619999885559082,14.619999885559082,14.609999656677246,14.609999656677246,1076,0.0,0.0,2023-06-27
1564,2023-06-27 11:40:00-04:00,14.614999771118164,14.614999771118164,14.609999656677246,14.614999771118164,984,0.0,0.0,2023-06-27
1565,2023-06-27 11:50:00-04:00,14.609999656677246,14.619999885559082,14.609999656677246,14.619999885559082,867,0.0,0.0,2023-06-27
1566,2023-06-27 11:55:00-04:00,14.614999771118164,14.614999771118164,14.614999771118164,14.614999771118164,154,0.0,0.0,2023-06-27
1567,2023-06-27 12:00:00-04:00,14.614999771118164,14.619999885559082,14.609999656677246,14.619999885559082,1131,0.0,0.0,2023-06-27
1568,2023-06-27 12:05:00-04:00,14.614999771118164,14.614999771118164,14.609999656677246,14.609999656677246,5395,0.0,0.0,2023-06-27
1569,2023-06-27 12:10:00-04:00,14.619999885559082,14.619999885559082,14.609999656677246,14.609999656677246,5622,0.0,0.0,2023-06-27
1570,2023-06-27 12:15:00-04:00,14.609999656677246,14.609999656677246,14.609999656677246,14.609999656677246,505,0.0,0.0,2023-06-27
1571,2023-06-27 12:25:00-04:00,14.614999771118164,14.619999885559082,14.614999771118164,14.619999885559082,674,0.0,0.0,2023-06-27
1572,2023-06-27 12:30:00-04:00,14.609999656677246,14.609999656677246,14.609999656677246,14.609999656677246,693,0.0,0.0,2023-06-27
1573,2023-06-27 12:50:00-04:00,14.614999771118164,14.619999885559082,14.614999771118164,14.619999885559082,731,0.0,0.0,2023-06-27
1574,2023-06-27 12:55:00-04:00,14.609999656677246,14.609999656677246,14.609999656677246,14.609999656677246,394,0.0,0.0,2023-06-27
1575,2023-06-27 13:05:00-04:00,14.609999656677246,14.609999656677246,14.609999656677246,14.609999656677246,226,0.0,0.0,2023-06-27
1576,2023-06-27 13:20:00-04:00,14.609999656677246,14.619999885559082,14.609999656677246,14.619999885559082,382,0.0,0.0,2023-06-27
1577,2023-06-27 13:25:00-04:00,14.614999771118164,14.619999885559082,14.614999771118164,14.619999885559082,559,0.0,0.0,2023-06-27
1578,2023-06-27 13:35:00-04:00,14.619999885559082,14.619999885559082,14.619999885559082,14.619999885559082,283,0.0,0.0,2023-06-27
1579,2023-06-27 13:40:00-04:00,14.609999656677246,14.609999656677246,14.609999656677246,14.609999656677246,167,0.0,0.0,2023-06-27
1580,2023-06-27 13:45:00-04:00,14.619999885559082,14.619999885559082,14.619999885559082,14.619999885559082,261,0.0,0.0,2023-06-27
1581,2023-06-27 13:50:00-04:00,14.619999885559082,14.630000114440918,14.619999885559082,14.630000114440918,2672,0.0,0.0,2023-06-27
1582,2023-06-27 13:55:00-04:00,14.619999885559082,14.619999885559082,14.619999885559082,14.619999885559082,649,0.0,0.0,2023-06-27
1583,2023-06-27 14:00:00-04:00,14.619999885559082,14.619999885559082,14.619999885559082,14.619999885559082,402,0.0,0.0,2023-06-27
1584,2023-06-27 14:05:00-04:00,14.619999885559082,14.619999885559082,14.609999656677246,14.619999885559082,8382,0.0,0.0,2023-06-27
1585,2023-06-27 14:20:00-04:00,14.614999771118164,14.614999771118164,14.609999656677246,14.609999656677246,551,0.0,0.0,2023-06-27
1586,2023-06-27 14:30:00-04:00,14.609999656677246,14.609999656677246,14.609999656677246,14.609999656677246,322,0.0,0.0,2023-06-27
1587,2023-06-27 14:45:00-04:00,14.619999885559082,14.619999885559082,14.619999885559082,14.619999885559082,408,0.0,0.0,2023-06-27
1588,2023-06-27 14:50:00-04:00,14.619999885559082,14.619999885559082,14.609999656677246,14.609999656677246,1127,0.0,0.0,2023-06-27
1589,2023-06-27 14:55:00-04:00,14.612000465393066,14.619999885559082,14.609999656677246,14.614999771118164,5641,0.0,0.0,2023-06-27
1590,2023-06-27 15:00:00-04:00,14.614999771118164,14.614999771118164,14.614999771118164,14.614999771118164,2541,0.0,0.0,2023-06-27
1591,2023-06-27 15:05:00-04:00,14.614999771118164,14.614999771118164,14.614999771118164,14.614999771118164,845,0.0,0.0,2023-06-27
1592,2023-06-27 15:10:00-04:00,14.614999771118164,14.614999771118164,14.614999771118164,14.614999771118164,1717,0.0,0.0,2023-06-27
1593,2023-06-27 15:15:00-04:00,14.609999656677246,14.614999771118164,14.609999656677246,14.614999771118164,6437,0.0,0.0,2023-06-27
1594,2023-06-27 15:20:00-04:00,14.619999885559082,14.619999885559082,14.619999885559082,14.619999885559082,233,0.0,0.0,2023-06-27
1595,2023-06-27 15:30:00-04:00,14.614999771118164,14.619999885559082,14.609999656677246,14.614999771118164,11366,0.0,0.0,2023-06-27
1596,2023-06-27 15:35:00-04:00,14.609999656677246,14.619999885559082,14.609999656677246,14.609999656677246,2862,0.0,0.0,2023-06-27
1597,2023-06-27 15:40:00-04:00,14.619999885559082,14.619999885559082,14.609999656677246,14.609999656677246,2255,0.0,0.0,2023-06-27
1598,2023-06-27 15:45:00-04:00,14.614999771118164,14.619999885559082,14.609999656677246,14.619999885559082,5711,0.0,0.0,2023-06-27
1599,2023-06-27 15:50:00-04:00,14.619999885559082,14.630000114440918,14.609999656677246,14.625,16759,0.0,0.0,2023-06-27
1600,2023-06-27 15:55:00-04:00,14.619999885559082,14.619999885559082,14.609999656677246,14.609999656677246,5085,0.0,0.0,2023-06-27
1601,2023-06-28 09:30:00-04:00,14.619999885559082,14.630000114440918,14.619999885559082,14.630000114440918,0,0.0,0.0,2023-06-28
1602,2023-06-28 09:35:00-04:00,14.630000114440918,14.640000343322754,14.630000114440918,14.640000343322754,2818,0.0,0.0,2023-06-28
1603,2023-06-28 09:40:00-04:00,14.635000228881836,14.635000228881836,14.635000228881836,14.635000228881836,100,0.0,0.0,2023-06-28
1604,2023-06-28 09:50:00-04:00,14.630000114440918,14.635000228881836,14.630000114440918,14.630000114440918,1294,0.0,0.0,2023-06-28
1605,2023-06-28 09:55:00-04:00,14.630000114440918,14.635000228881836,14.630000114440918,14.630000114440918,606,0.0,0.0,2023-06-28
1606,2023-06-28 10:05:00-04:00,14.630000114440918,14.635000228881836,14.630000114440918,14.635000228881836,389,0.0,0.0,2023-06-28
1607,2023-06-28 10:10:00-04:00,14.619999885559082,14.619999885559082,14.619999885559082,14.619999885559082,300,0.0,0.0,2023-06-28
1608,2023-06-28 10:15:00-04:00,14.619999885559082,14.630000114440918,14.619999885559082,14.625,706,0.0,0.0,2023-06-28
1609,2023-06-28 10:20:00-04:00,14.630000114440918,14.630000114440918,14.630000114440918,14.630000114440918,363,0.0,0.0,2023-06-28
1610,2023-06-28 10:30:00-04:00,14.630000114440918,14.630000114440918,14.630000114440918,14.630000114440918,202,0.0,0.0,2023-06-28
1611,2023-06-28 10:35:00-04:00,14.625,14.625,14.625,14.625,407,0.0,0.0,2023-06-28
1612,2023-06-28 10:40:00-04:00,14.625,14.625,14.625,14.625,172,0.0,0.0,2023-06-28
1613,2023-06-28 10:45:00-04:00,14.619999885559082,14.624699592590332,14.619999885559082,14.619999885559082,14923,0.0,0.0,2023-06-28
1614,2023-06-28 10:50:00-04:00,14.619999885559082,14.625,14.619999885559082,14.625,719,0.0,0.0,2023-06-28
1615,2023-06-28 10:55:00-04:00,14.619999885559082,14.625,14.619999885559082,14.625,1657,0.0,0.0,2023-06-28
1616,2023-06-28 11:00:00-04:00,14.619999885559082,14.619999885559082,14.619999885559082,14.619999885559082,164,0.0,0.0,2023-06-28
1617,2023-06-28 11:05:00-04:00,14.625,14.625,14.619999885559082,14.619999885559082,491,0.0,0.0,2023-06-28
1618,2023-06-28 11:10:00-04:00,14.619999885559082,14.619999885559082,14.619999885559082,14.619999885559082,829,0.0,0.0,2023-06-28
1619,2023-06-28 11:15:00-04:00,14.625,14.625,14.625,14.625,1019,0.0,0.0,2023-06-28
1620,2023-06-28 11:30:00-04:00,14.625,14.625,14.625,14.625,100,0.0,0.0,2023-06-28
1621,2023-06-28 11:40:00-04:00,14.619999885559082,14.630000114440918,14.619999885559082,14.630000114440918,402,0.0,0.0,2023-06-28
1622,2023-06-28 11:50:00-04:00,14.625,14.625499725341797,14.625,14.625,2347,0.0,0.0,2023-06-28
1623,2023-06-28 12:00:00-04:00,14.625,14.625,14.625,14.625,191,0.0,0.0,2023-06-28
1624,2023-06-28 12:05:00-04:00,14.630000114440918,14.630000114440918,14.619999885559082,14.625,2194,0.0,0.0,2023-06-28
1625,2023-06-28 12:10:00-04:00,14.625,14.625,14.619999885559082,14.619999885559082,375,0.0,0.0,2023-06-28
1626,2023-06-28 12:25:00-04:00,14.619999885559082,14.619999885559082,14.619999885559082,14.619999885559082,126,0.0,0.0,2023-06-28
1627,2023-06-28 12:30:00-04:00,14.619999885559082,14.619999885559082,14.619999885559082,14.619999885559082,341,0.0,0.0,2023-06-28
1628,2023-06-28 12:35:00-04:00,14.619999885559082,14.630000114440918,14.619999885559082,14.619999885559082,1187,0.0,0.0,2023-06-28
1629,2023-06-28 12:50:00-04:00,14.619999885559082,14.619999885559082,14.619999885559082,14.619999885559082,2269,0.0,0.0,2023-06-28
1630,2023-06-28 13:00:00-04:00,14.619999885559082,14.630000114440918,14.619999885559082,14.630000114440918,1218,0.0,0.0,2023-06-28
1631,2023-06-28 13:20:00-04:00,14.619999885559082,14.619999885559082,14.619999885559082,14.619999885559082,165,0.0,0.0,2023-06-28
1632,2023-06-28 13:30:00-04:00,14.619999885559082,14.619999885559082,14.619999885559082,14.619999885559082,127,0.0,0.0,2023-06-28
1633,2023-06-28 13:40:00-04:00,14.625,14.625,14.625,14.625,184,0.0,0.0,2023-06-28
1634,2023-06-28 13:45:00-04:00,14.619999885559082,14.619999885559082,14.619999885559082,14.619999885559082,246,0.0,0.0,2023-06-28
1635,2023-06-28 13:50:00-04:00,14.630000114440918,14.630000114440918,14.630000114440918,14.630000114440918,144,0.0,0.0,2023-06-28
1636,2023-06-28 14:05:00-04:00,14.619999885559082,14.619999885559082,14.619999885559082,14.619999885559082,415,0.0,0.0,2023-06-28
1637,2023-06-28 14:25:00-04:00,14.625,14.630000114440918,14.625,14.630000114440918,388,0.0,0.0,2023-06-28
1638,2023-06-28 14:30:00-04:00,14.630000114440918,14.630000114440918,14.619999885559082,14.619999885559082,325,0.0,0.0,2023-06-28
1639,2023-06-28 14:40:00-04:00,14.625,14.625,14.625,14.625,319,0.0,0.0,2023-06-28
1640,2023-06-28 14:45:00-04:00,14.619999885559082,14.619999885559082,14.619999885559082,14.619999885559082,194,0.0,0.0,2023-06-28
1641,2023-06-28 14:55:00-04:00,14.619999885559082,14.619999885559082,14.619999885559082,14.619999885559082,206,0.0,0.0,2023-06-28
1642,2023-06-28 15:00:00-04:00,14.619999885559082,14.630000114440918,14.619999885559082,14.619999885559082,703,0.0,0.0,2023-06-28
1643,2023-06-28 15:05:00-04:00,14.619999885559082,14.619999885559082,14.619999885559082,14.619999885559082,249,0.0,0.0,2023-06-28
1644,2023-06-28 15:10:00-04:00,14.619999885559082,14.619999885559082,14.619999885559082,14.619999885559082,887,0.0,0.0,2023-06-28
1645,2023-06-28 15:15:00-04:00,14.619999885559082,14.619999885559082,14.619999885559082,14.619999885559082,125,0.0,0.0,2023-06-28
1646,2023-06-28 15:20:00-04:00,14.625,14.630000114440918,14.625,14.630000114440918,1144,0.0,0.0,2023-06-28
1647,2023-06-28 15:25:00-04:00,14.619999885559082,14.619999885559082,14.619999885559082,14.619999885559082,311,0.0,0.0,2023-06-28
1648,2023-06-28 15:30:00-04:00,14.619999885559082,14.619999885559082,14.619999885559082,14.619999885559082,473,0.0,0.0,2023-06-28
1649,2023-06-28 15:35:00-04:00,14.619999885559082,14.630000114440918,14.619999885559082,14.619999885559082,1301,0.0,0.0,2023-06-28
1650,2023-06-28 15:40:00-04:00,14.625,14.625,14.619999885559082,14.619999885559082,1372,0.0,0.0,2023-06-28
1651,2023-06-28 15:45:00-04:00,14.625,14.630000114440918,14.619999885559082,14.619999885559082,2375,0.0,0.0,2023-06-28
1652,2023-06-28 15:50:00-04:00,14.619999885559082,14.630000114440918,14.619999885559082,14.619999885559082,2015,0.0,0.0,2023-06-28
1653,2023-06-28 15:55:00-04:00,14.625,14.630000114440918,14.619999885559082,14.625,8413,0.0,0.0,2023-06-28
1654,2023-06-29 09:30:00-04:00,14.640000343322754,14.649999618530273,14.630000114440918,14.649999618530273,0,0.0,0.0,2023-06-29
1655,2023-06-29 09:35:00-04:00,14.65999984741211,14.65999984741211,14.65999984741211,14.65999984741211,345,0.0,0.0,2023-06-29
1656,2023-06-29 09:40:00-04:00,14.65999984741211,14.65999984741211,14.65999984741211,14.65999984741211,1542,0.0,0.0,2023-06-29
1657,2023-06-29 09:50:00-04:00,14.65999984741211,14.65999984741211,14.649999618530273,14.649999618530273,987,0.0,0.0,2023-06-29
1658,2023-06-29 09:55:00-04:00,14.65060043334961,14.65060043334961,14.649999618530273,14.649999618530273,700,0.0,0.0,2023-06-29
1659,2023-06-29 10:05:00-04:00,14.65999984741211,14.65999984741211,14.65999984741211,14.65999984741211,332,0.0,0.0,2023-06-29
1660,2023-06-29 10:20:00-04:00,14.654999732971191,14.654999732971191,14.649999618530273,14.649999618530273,851,0.0,0.0,2023-06-29
1661,2023-06-29 10:30:00-04:00,14.649999618530273,14.65999984741211,14.649999618530273,14.65999984741211,1029,0.0,0.0,2023-06-29
1662,2023-06-29 10:35:00-04:00,14.650199890136719,14.650199890136719,14.649999618530273,14.649999618530273,849,0.0,0.0,2023-06-29
1663,2023-06-29 10:40:00-04:00,14.650699615478516,14.650699615478516,14.650699615478516,14.650699615478516,201,0.0,0.0,2023-06-29
1664,2023-06-29 10:50:00-04:00,14.649999618530273,14.649999618530273,14.649999618530273,14.649999618530273,1320,0.0,0.0,2023-06-29
1665,2023-06-29 11:00:00-04:00,14.649999618530273,14.649999618530273,14.649999618530273,14.649999618530273,215,0.0,0.0,2023-06-29
1666,2023-06-29 11:15:00-04:00,14.654999732971191,14.65999984741211,14.654999732971191,14.65999984741211,1426,0.0,0.0,2023-06-29
1667,2023-06-29 11:20:00-04:00,14.649999618530273,14.649999618530273,14.640000343322754,14.640000343322754,1753,0.0,0.0,2023-06-29
1668,2023-06-29 11:25:00-04:00,14.640000343322754,14.645000457763672,14.640000343322754,14.645000457763672,314,0.0,0.0,2023-06-29
1669,2023-06-29 11:30:00-04:00,14.649999618530273,14.649999618530273,14.649999618530273,14.649999618530273,135,0.0,0.0,2023-06-29
1670,2023-06-29 11:35:00-04:00,14.645000457763672,14.645000457763672,14.640000343322754,14.645000457763672,622,0.0,0.0,2023-06-29
1671,2023-06-29 11:40:00-04:00,14.649999618530273,14.649999618530273,14.649999618530273,14.649999618530273,141,0.0,0.0,2023-06-29
1672,2023-06-29 11:45:00-04:00,14.649999618530273,14.649999618530273,14.649999618530273,14.649999618530273,314,0.0,0.0,2023-06-29
1673,2023-06-29 11:50:00-04:00,14.649999618530273,14.649999618530273,14.649999618530273,14.649999618530273,295,0.0,0.0,2023-06-29
1674,2023-06-29 11:55:00-04:00,14.649999618530273,14.649999618530273,14.649999618530273,14.649999618530273,212,0.0,0.0,2023-06-29
1675,2023-06-29 12:00:00-04:00,14.649999618530273,14.649999618530273,14.649999618530273,14.649999618530273,439,0.0,0.0,2023-06-29
1676,2023-06-29 12:05:00-04:00,14.645000457763672,14.649999618530273,14.645000457763672,14.649999618530273,432,0.0,0.0,2023-06-29
1677,2023-06-29 12:10:00-04:00,14.649999618530273,14.649999618530273,14.649999618530273,14.649999618530273,104,0.0,0.0,2023-06-29
1678,2023-06-29 12:15:00-04:00,14.649999618530273,14.649999618530273,14.649999618530273,14.649999618530273,324,0.0,0.0,2023-06-29
1679,2023-06-29 12:20:00-04:00,14.645000457763672,14.645000457763672,14.645000457763672,14.645000457763672,247,0.0,0.0,2023-06-29
1680,2023-06-29 12:25:00-04:00,14.649999618530273,14.649999618530273,14.649999618530273,14.649999618530273,418,0.0,0.0,2023-06-29
1681,2023-06-29 12:30:00-04:00,14.649999618530273,14.649999618530273,14.649999618530273,14.649999618530273,101,0.0,0.0,2023-06-29
1682,2023-06-29 12:35:00-04:00,14.649999618530273,14.649999618530273,14.649999618530273,14.649999618530273,331,0.0,0.0,2023-06-29
1683,2023-06-29 12:40:00-04:00,14.649999618530273,14.649999618530273,14.649999618530273,14.649999618530273,388,0.0,0.0,2023-06-29
1684,2023-06-29 12:45:00-04:00,14.649999618530273,14.649999618530273,14.649999618530273,14.649999618530273,207,0.0,0.0,2023-06-29
1685,2023-06-29 12:50:00-04:00,14.649999618530273,14.649999618530273,14.649999618530273,14.649999618530273,555,0.0,0.0,2023-06-29
1686,2023-06-29 12:55:00-04:00,14.645000457763672,14.649999618530273,14.645000457763672,14.649999618530273,319,0.0,0.0,2023-06-29
1687,2023-06-29 13:00:00-04:00,14.649999618530273,14.649999618530273,14.649999618530273,14.649999618530273,253,0.0,0.0,2023-06-29
1688,2023-06-29 13:05:00-04:00,14.645000457763672,14.649999618530273,14.645000457763672,14.649999618530273,511,0.0,0.0,2023-06-29
1689,2023-06-29 13:10:00-04:00,14.654999732971191,14.654999732971191,14.654999732971191,14.654999732971191,158,0.0,0.0,2023-06-29
1690,2023-06-29 13:35:00-04:00,14.649999618530273,14.649999618530273,14.649999618530273,14.649999618530273,466,0.0,0.0,2023-06-29
1691,2023-06-29 13:50:00-04:00,14.649999618530273,14.649999618530273,14.649999618530273,14.649999618530273,435,0.0,0.0,2023-06-29
1692,2023-06-29 14:00:00-04:00,14.649999618530273,14.649999618530273,14.649999618530273,14.649999618530273,541,0.0,0.0,2023-06-29
1693,2023-06-29 14:05:00-04:00,14.640000343322754,14.640000343322754,14.640000343322754,14.640000343322754,225,0.0,0.0,2023-06-29
1694,2023-06-29 14:15:00-04:00,14.649999618530273,14.649999618530273,14.640000343322754,14.645000457763672,877,0.0,0.0,2023-06-29
1695,2023-06-29 14:20:00-04:00,14.645000457763672,14.645000457763672,14.645000457763672,14.645000457763672,331,0.0,0.0,2023-06-29
1696,2023-06-29 14:25:00-04:00,14.640000343322754,14.649999618530273,14.640000343322754,14.649999618530273,317,0.0,0.0,2023-06-29
1697,2023-06-29 14:30:00-04:00,14.649999618530273,14.649999618530273,14.649999618530273,14.649999618530273,426,0.0,0.0,2023-06-29
1698,2023-06-29 14:35:00-04:00,14.649999618530273,14.649999618530273,14.649999618530273,14.649999618530273,426,0.0,0.0,2023-06-29
1699,2023-06-29 14:40:00-04:00,14.649999618530273,14.649999618530273,14.645000457763672,14.645000457763672,617,0.0,0.0,2023-06-29
1700,2023-06-29 14:45:00-04:00,14.649999618530273,14.649999618530273,14.640000343322754,14.640000343322754,1996,0.0,0.0,2023-06-29
1701,2023-06-29 14:50:00-04:00,14.649999618530273,14.649999618530273,14.645000457763672,14.645000457763672,413,0.0,0.0,2023-06-29
1702,2023-06-29 14:55:00-04:00,14.649999618530273,14.649999618530273,14.645000457763672,14.645000457763672,1842,0.0,0.0,2023-06-29
1703,2023-06-29 15:10:00-04:00,14.649999618530273,14.649999618530273,14.645000457763672,14.649999618530273,546,0.0,0.0,2023-06-29
1704,2023-06-29 15:15:00-04:00,14.649999618530273,14.649999618530273,14.649999618530273,14.649999618530273,369,0.0,0.0,2023-06-29
1705,2023-06-29 15:20:00-04:00,14.649999618530273,14.649999618530273,14.649999618530273,14.649999618530273,556,0.0,0.0,2023-06-29
1706,2023-06-29 15:25:00-04:00,14.649999618530273,14.654999732971191,14.649999618530273,14.654999732971191,1042,0.0,0.0,2023-06-29
1707,2023-06-29 15:30:00-04:00,14.654999732971191,14.654999732971191,14.649999618530273,14.649999618530273,1590,0.0,0.0,2023-06-29
1708,2023-06-29 15:35:00-04:00,14.649999618530273,14.654999732971191,14.649999618530273,14.649999618530273,319,0.0,0.0,2023-06-29
1709,2023-06-29 15:40:00-04:00,14.649999618530273,14.65999984741211,14.649999618530273,14.654999732971191,1558,0.0,0.0,2023-06-29
1710,2023-06-29 15:45:00-04:00,14.654999732971191,14.654999732971191,14.654999732971191,14.654999732971191,1170,0.0,0.0,2023-06-29
1711,2023-06-29 15:50:00-04:00,14.654999732971191,14.65999984741211,14.649999618530273,14.654999732971191,3060,0.0,0.0,2023-06-29
1712,2023-06-29 15:55:00-04:00,14.649999618530273,14.654999732971191,14.649999618530273,14.654999732971191,7712,0.0,0.0,2023-06-29
1713,2023-06-30 09:30:00-04:00,14.670000076293945,14.6899995803833,14.670000076293945,14.6899995803833,3693,0.0,0.0,2023-06-30
1714,2023-06-30 09:40:00-04:00,14.649999618530273,14.670000076293945,14.649999618530273,14.670000076293945,2639,0.0,0.0,2023-06-30
1715,2023-06-30 09:45:00-04:00,14.649999618530273,14.649999618530273,14.649999618530273,14.649999618530273,119,0.0,0.0,2023-06-30
1716,2023-06-30 09:55:00-04:00,14.649999618530273,14.649999618530273,14.649999618530273,14.649999618530273,2572,0.0,0.0,2023-06-30
1717,2023-06-30 10:00:00-04:00,14.654999732971191,14.65999984741211,14.649999618530273,14.649999618530273,3468,0.0,0.0,2023-06-30
1718,2023-06-30 10:05:00-04:00,14.65999984741211,14.65999984741211,14.65999984741211,14.65999984741211,626,0.0,0.0,2023-06-30
1719,2023-06-30 10:10:00-04:00,14.65999984741211,14.65999984741211,14.65999984741211,14.65999984741211,527,0.0,0.0,2023-06-30
1720,2023-06-30 10:15:00-04:00,14.65999984741211,14.65999984741211,14.65999984741211,14.65999984741211,213,0.0,0.0,2023-06-30
1721,2023-06-30 10:20:00-04:00,14.649999618530273,14.649999618530273,14.649999618530273,14.649999618530273,300,0.0,0.0,2023-06-30
1722,2023-06-30 10:25:00-04:00,14.654999732971191,14.654999732971191,14.649999618530273,14.649999618530273,225,0.0,0.0,2023-06-30
1723,2023-06-30 10:35:00-04:00,14.649999618530273,14.654999732971191,14.649999618530273,14.654999732971191,305,0.0,0.0,2023-06-30
1724,2023-06-30 10:45:00-04:00,14.65999984741211,14.65999984741211,14.65999984741211,14.65999984741211,116,0.0,0.0,2023-06-30
1725,2023-06-30 10:50:00-04:00,14.654999732971191,14.654999732971191,14.649999618530273,14.649999618530273,641,0.0,0.0,2023-06-30
1726,2023-06-30 11:50:00-04:00,14.649999618530273,14.649999618530273,14.649999618530273,14.649999618530273,1154,0.0,0.0,2023-06-30
1727,2023-06-30 12:05:00-04:00,14.649999618530273,14.649999618530273,14.649999618530273,14.649999618530273,206,0.0,0.0,2023-06-30
1728,2023-06-30 12:15:00-04:00,14.65999984741211,14.65999984741211,14.65999984741211,14.65999984741211,161,0.0,0.0,2023-06-30
1729,2023-06-30 12:40:00-04:00,14.65999984741211,14.65999984741211,14.654999732971191,14.654999732971191,383,0.0,0.0,2023-06-30
1730,2023-06-30 12:55:00-04:00,14.65999984741211,14.65999984741211,14.65999984741211,14.65999984741211,319,0.0,0.0,2023-06-30
1731,2023-06-30 13:45:00-04:00,14.65999984741211,14.65999984741211,14.654999732971191,14.654999732971191,248,0.0,0.0,2023-06-30
1732,2023-06-30 13:50:00-04:00,14.65999984741211,14.65999984741211,14.65999984741211,14.65999984741211,149,0.0,0.0,2023-06-30
1733,2023-06-30 14:05:00-04:00,14.658100128173828,14.658100128173828,14.658100128173828,14.658100128173828,355,0.0,0.0,2023-06-30
1734,2023-06-30 14:20:00-04:00,14.65999984741211,14.65999984741211,14.654999732971191,14.654999732971191,716,0.0,0.0,2023-06-30
1735,2023-06-30 14:30:00-04:00,14.654999732971191,14.659000396728516,14.654999732971191,14.659000396728516,653,0.0,0.0,2023-06-30
1736,2023-06-30 14:35:00-04:00,14.654999732971191,14.65999984741211,14.649999618530273,14.649999618530273,749,0.0,0.0,2023-06-30
1737,2023-06-30 14:45:00-04:00,14.654999732971191,14.654999732971191,14.654999732971191,14.654999732971191,173,0.0,0.0,2023-06-30
1738,2023-06-30 14:50:00-04:00,14.654999732971191,14.65999984741211,14.649999618530273,14.649999618530273,759,0.0,0.0,2023-06-30
1739,2023-06-30 14:55:00-04:00,14.654999732971191,14.65999984741211,14.654999732971191,14.65999984741211,789,0.0,0.0,2023-06-30
1740,2023-06-30 15:00:00-04:00,14.65999984741211,14.65999984741211,14.654999732971191,14.654999732971191,213,0.0,0.0,2023-06-30
1741,2023-06-30 15:05:00-04:00,14.65999984741211,14.65999984741211,14.654999732971191,14.654999732971191,945,0.0,0.0,2023-06-30
1742,2023-06-30 15:10:00-04:00,14.654999732971191,14.654999732971191,14.654999732971191,14.654999732971191,246,0.0,0.0,2023-06-30
1743,2023-06-30 15:15:00-04:00,14.65999984741211,14.65999984741211,14.654999732971191,14.654999732971191,2425,0.0,0.0,2023-06-30
1744,2023-06-30 15:20:00-04:00,14.654999732971191,14.654999732971191,14.654999732971191,14.654999732971191,704,0.0,0.0,2023-06-30
1745,2023-06-30 15:25:00-04:00,14.65999984741211,14.65999984741211,14.654999732971191,14.654999732971191,2512,0.0,0.0,2023-06-30
1746,2023-06-30 15:30:00-04:00,14.654999732971191,14.65999984741211,14.649999618530273,14.654999732971191,2775,0.0,0.0,2023-06-30
1747,2023-06-30 15:35:00-04:00,14.654999732971191,14.65999984741211,14.654999732971191,14.65999984741211,962,0.0,0.0,2023-06-30
1748,2023-06-30 15:40:00-04:00,14.65999984741211,14.65999984741211,14.654999732971191,14.654999732971191,2253,0.0,0.0,2023-06-30
1749,2023-06-30 15:45:00-04:00,14.654999732971191,14.65999984741211,14.649999618530273,14.654999732971191,2585,0.0,0.0,2023-06-30
1750,2023-06-30 15:50:00-04:00,14.65999984741211,14.670000076293945,14.654999732971191,14.65999984741211,9169,0.0,0.0,2023-06-30
1751,2023-06-30 15:55:00-04:00,14.664999961853027,14.664999961853027,14.649999618530273,14.649999618530273,27108,0.0,0.0,2023-06-30
1752,2023-07-03 09:30:00-04:00,14.649999618530273,14.699999809265137,14.649999618530273,14.664999961853027,3175,0.0,0.0,2023-07-03
1753,2023-07-03 09:35:00-04:00,14.680000305175781,14.680000305175781,14.680000305175781,14.680000305175781,613,0.0,0.0,2023-07-03
1754,2023-07-03 09:40:00-04:00,14.65999984741211,14.670000076293945,14.65999984741211,14.670000076293945,1852,0.0,0.0,2023-07-03
1755,2023-07-03 09:45:00-04:00,14.670000076293945,14.670000076293945,14.65999984741211,14.65999984741211,1203,0.0,0.0,2023-07-03
1756,2023-07-03 09:50:00-04:00,14.65999984741211,14.65999984741211,14.65999984741211,14.65999984741211,404,0.0,0.0,2023-07-03
1757,2023-07-03 10:00:00-04:00,14.670000076293945,14.670900344848633,14.670000076293945,14.670000076293945,2258,0.0,0.0,2023-07-03
1758,2023-07-03 10:05:00-04:00,14.675000190734863,14.675000190734863,14.675000190734863,14.675000190734863,2000,0.0,0.0,2023-07-03
1759,2023-07-03 10:10:00-04:00,14.670000076293945,14.670000076293945,14.670000076293945,14.670000076293945,131,0.0,0.0,2023-07-03
1760,2023-07-03 10:20:00-04:00,14.670000076293945,14.675000190734863,14.670000076293945,14.675000190734863,436,0.0,0.0,2023-07-03
1761,2023-07-03 10:40:00-04:00,14.675000190734863,14.675000190734863,14.670000076293945,14.670000076293945,1499,0.0,0.0,2023-07-03
1762,2023-07-03 11:00:00-04:00,14.664999961853027,14.664999961853027,14.65999984741211,14.65999984741211,732,0.0,0.0,2023-07-03
1763,2023-07-03 11:15:00-04:00,14.65999984741211,14.65999984741211,14.65999984741211,14.65999984741211,100,0.0,0.0,2023-07-03
1764,2023-07-03 11:20:00-04:00,14.65999984741211,14.65999984741211,14.654999732971191,14.65999984741211,3208,0.0,0.0,2023-07-03
1765,2023-07-03 11:25:00-04:00,14.65999984741211,14.664999961853027,14.65999984741211,14.65999984741211,1090,0.0,0.0,2023-07-03
1766,2023-07-03 11:35:00-04:00,14.65999984741211,14.65999984741211,14.65999984741211,14.65999984741211,200,0.0,0.0,2023-07-03
1767,2023-07-03 11:40:00-04:00,14.65999984741211,14.65999984741211,14.65999984741211,14.65999984741211,215,0.0,0.0,2023-07-03
1768,2023-07-03 11:45:00-04:00,14.65999984741211,14.65999984741211,14.649999618530273,14.649999618530273,300,0.0,0.0,2023-07-03
1769,2023-07-03 11:50:00-04:00,14.649999618530273,14.65999984741211,14.649999618530273,14.65999984741211,543,0.0,0.0,2023-07-03
1770,2023-07-03 11:55:00-04:00,14.65999984741211,14.65999984741211,14.65999984741211,14.65999984741211,516,0.0,0.0,2023-07-03
1771,2023-07-03 12:00:00-04:00,14.65999984741211,14.65999984741211,14.65999984741211,14.65999984741211,423,0.0,0.0,2023-07-03
1772,2023-07-03 12:05:00-04:00,14.65999984741211,14.65999984741211,14.65999984741211,14.65999984741211,153,0.0,0.0,2023-07-03
1773,2023-07-03 12:15:00-04:00,14.65999984741211,14.65999984741211,14.65999984741211,14.65999984741211,632,0.0,0.0,2023-07-03
1774,2023-07-03 12:20:00-04:00,14.65999984741211,14.65999984741211,14.65999984741211,14.65999984741211,425,0.0,0.0,2023-07-03
1775,2023-07-03 12:30:00-04:00,14.65999984741211,14.65999984741211,14.65999984741211,14.65999984741211,206,0.0,0.0,2023-07-03
1776,2023-07-03 12:35:00-04:00,14.65999984741211,14.65999984741211,14.652199745178223,14.652199745178223,486,0.0,0.0,2023-07-03
1777,2023-07-03 12:40:00-04:00,14.654999732971191,14.654999732971191,14.654999732971191,14.654999732971191,119,0.0,0.0,2023-07-03
1778,2023-07-05 09:30:00-04:00,14.649999618530273,14.649999618530273,14.649999618530273,14.649999618530273,7271,0.0,0.0,2023-07-05
1779,2023-07-05 09:35:00-04:00,14.649999618530273,14.649999618530273,14.649999618530273,14.649999618530273,1426,0.0,0.0,2023-07-05
1780,2023-07-05 09:45:00-04:00,14.649999618530273,14.654999732971191,14.649999618530273,14.654999732971191,1758,0.0,0.0,2023-07-05
1781,2023-07-05 09:50:00-04:00,14.649999618530273,14.649999618530273,14.649999618530273,14.649999618530273,651,0.0,0.0,2023-07-05
1782,2023-07-05 10:00:00-04:00,14.654999732971191,14.654999732971191,14.654999732971191,14.654999732971191,133,0.0,0.0,2023-07-05
1783,2023-07-05 10:10:00-04:00,14.649999618530273,14.649999618530273,14.649999618530273,14.649999618530273,243,0.0,0.0,2023-07-05
1784,2023-07-05 10:15:00-04:00,14.649999618530273,14.65999984741211,14.649999618530273,14.65999984741211,908,0.0,0.0,2023-07-05
1785,2023-07-05 10:20:00-04:00,14.649999618530273,14.649999618530273,14.649999618530273,14.649999618530273,300,0.0,0.0,2023-07-05
1786,2023-07-05 10:25:00-04:00,14.654999732971191,14.65999984741211,14.654999732971191,14.65999984741211,4123,0.0,0.0,2023-07-05
1787,2023-07-05 10:35:00-04:00,14.65999984741211,14.65999984741211,14.65999984741211,14.65999984741211,160,0.0,0.0,2023-07-05
1788,2023-07-05 10:40:00-04:00,14.654999732971191,14.654999732971191,14.649999618530273,14.649999618530273,567,0.0,0.0,2023-07-05
1789,2023-07-05 10:55:00-04:00,14.649999618530273,14.649999618530273,14.649999618530273,14.649999618530273,490,0.0,0.0,2023-07-05
1790,2023-07-05 11:35:00-04:00,14.65999984741211,14.65999984741211,14.65999984741211,14.65999984741211,686,0.0,0.0,2023-07-05
1791,2023-07-05 11:40:00-04:00,14.65999984741211,14.65999984741211,14.65999984741211,14.65999984741211,480,0.0,0.0,2023-07-05
1792,2023-07-05 12:35:00-04:00,14.649999618530273,14.649999618530273,14.649999618530273,14.649999618530273,1277,0.0,0.0,2023-07-05
1793,2023-07-05 13:35:00-04:00,14.654999732971191,14.654999732971191,14.649999618530273,14.649999618530273,591,0.0,0.0,2023-07-05
1794,2023-07-05 13:55:00-04:00,14.65999984741211,14.65999984741211,14.65999984741211,14.65999984741211,509,0.0,0.0,2023-07-05
1795,2023-07-05 14:05:00-04:00,14.65999984741211,14.65999984741211,14.65999984741211,14.65999984741211,182,0.0,0.0,2023-07-05
1796,2023-07-05 14:15:00-04:00,14.649999618530273,14.649999618530273,14.649999618530273,14.649999618530273,201,0.0,0.0,2023-07-05
1797,2023-07-05 14:20:00-04:00,14.649999618530273,14.654999732971191,14.649999618530273,14.649999618530273,863,0.0,0.0,2023-07-05
1798,2023-07-05 14:40:00-04:00,14.654999732971191,14.654999732971191,14.650899887084961,14.650899887084961,1143,0.0,0.0,2023-07-05
1799,2023-07-05 14:55:00-04:00,14.649999618530273,14.649999618530273,14.649999618530273,14.649999618530273,336,0.0,0.0,2023-07-05
1800,2023-07-05 15:05:00-04:00,14.649999618530273,14.649999618530273,14.649999618530273,14.649999618530273,242,0.0,0.0,2023-07-05
1801,2023-07-05 15:10:00-04:00,14.65999984741211,14.664999961853027,14.65999984741211,14.664999961853027,4034,0.0,0.0,2023-07-05
1802,2023-07-05 15:15:00-04:00,14.664999961853027,14.664999961853027,14.664999961853027,14.664999961853027,124,0.0,0.0,2023-07-05
1803,2023-07-05 15:20:00-04:00,14.65999984741211,14.65999984741211,14.65999984741211,14.65999984741211,1679,0.0,0.0,2023-07-05
1804,2023-07-05 15:25:00-04:00,14.65999984741211,14.65999984741211,14.65999984741211,14.65999984741211,582,0.0,0.0,2023-07-05
1805,2023-07-05 15:35:00-04:00,14.65999984741211,14.65999984741211,14.649999618530273,14.65999984741211,1882,0.0,0.0,2023-07-05
1806,2023-07-05 15:40:00-04:00,14.649999618530273,14.654999732971191,14.649999618530273,14.654999732971191,364,0.0,0.0,2023-07-05
1807,2023-07-05 15:45:00-04:00,14.649999618530273,14.649999618530273,14.649999618530273,14.649999618530273,372,0.0,0.0,2023-07-05
1808,2023-07-05 15:50:00-04:00,14.65999984741211,14.65999984741211,14.654999732971191,14.654999732971191,1150,0.0,0.0,2023-07-05
1809,2023-07-05 15:55:00-04:00,14.649999618530273,14.65999984741211,14.649999618530273,14.65999984741211,11216,0.0,0.0,2023-07-05
1810,2023-07-06 09:30:00-04:00,14.670000076293945,14.720000267028809,14.670000076293945,14.720000267028809,0,0.0,0.0,2023-07-06
1811,2023-07-06 09:35:00-04:00,14.680000305175781,14.6899995803833,14.680000305175781,14.680000305175781,786,0.0,0.0,2023-07-06
1812,2023-07-06 09:40:00-04:00,14.680000305175781,14.680000305175781,14.680000305175781,14.680000305175781,1618,0.0,0.0,2023-07-06
1813,2023-07-06 09:45:00-04:00,14.699999809265137,14.699999809265137,14.699999809265137,14.699999809265137,684,0.0,0.0,2023-07-06
1814,2023-07-06 09:50:00-04:00,14.6899995803833,14.6899995803833,14.6899995803833,14.6899995803833,595,0.0,0.0,2023-07-06
1815,2023-07-06 09:55:00-04:00,14.6899995803833,14.6899995803833,14.6899995803833,14.6899995803833,301,0.0,0.0,2023-07-06
1816,2023-07-06 10:00:00-04:00,14.680000305175781,14.6899995803833,14.680000305175781,14.6899995803833,3400,0.0,0.0,2023-07-06
1817,2023-07-06 10:05:00-04:00,14.680000305175781,14.680000305175781,14.680000305175781,14.680000305175781,748,0.0,0.0,2023-07-06
1818,2023-07-06 10:15:00-04:00,14.680000305175781,14.680000305175781,14.680000305175781,14.680000305175781,590,0.0,0.0,2023-07-06
1819,2023-07-06 10:20:00-04:00,14.680000305175781,14.6899995803833,14.680000305175781,14.6899995803833,795,0.0,0.0,2023-07-06
1820,2023-07-06 10:25:00-04:00,14.6899995803833,14.6899995803833,14.6899995803833,14.6899995803833,213,0.0,0.0,2023-07-06
1821,2023-07-06 10:30:00-04:00,14.6899995803833,14.6899995803833,14.6899995803833,14.6899995803833,115,0.0,0.0,2023-07-06
1822,2023-07-06 10:35:00-04:00,14.680000305175781,14.6899995803833,14.680000305175781,14.6899995803833,747,0.0,0.0,2023-07-06
1823,2023-07-06 10:40:00-04:00,14.6899995803833,14.6899995803833,14.680000305175781,14.680000305175781,495,0.0,0.0,2023-07-06
1824,2023-07-06 10:45:00-04:00,14.670000076293945,14.670000076293945,14.670000076293945,14.670000076293945,2577,0.0,0.0,2023-07-06
1825,2023-07-06 10:50:00-04:00,14.670000076293945,14.670000076293945,14.670000076293945,14.670000076293945,831,0.0,0.0,2023-07-06
1826,2023-07-06 10:55:00-04:00,14.680000305175781,14.680000305175781,14.680000305175781,14.680000305175781,563,0.0,0.0,2023-07-06
1827,2023-07-06 11:05:00-04:00,14.671199798583984,14.671199798583984,14.671199798583984,14.671199798583984,442,0.0,0.0,2023-07-06
1828,2023-07-06 11:10:00-04:00,14.670000076293945,14.670000076293945,14.670000076293945,14.670000076293945,300,0.0,0.0,2023-07-06
1829,2023-07-06 11:20:00-04:00,14.670000076293945,14.670000076293945,14.670000076293945,14.670000076293945,1084,0.0,0.0,2023-07-06
1830,2023-07-06 11:35:00-04:00,14.670000076293945,14.680000305175781,14.670000076293945,14.680000305175781,1357,0.0,0.0,2023-07-06
1831,2023-07-06 12:35:00-04:00,14.670000076293945,14.670000076293945,14.670000076293945,14.670000076293945,694,0.0,0.0,2023-07-06
1832,2023-07-06 12:45:00-04:00,14.680000305175781,14.680000305175781,14.670000076293945,14.680000305175781,1563,0.0,0.0,2023-07-06
1833,2023-07-06 13:15:00-04:00,14.670000076293945,14.670000076293945,14.670000076293945,14.670000076293945,203,0.0,0.0,2023-07-06
1834,2023-07-06 13:20:00-04:00,14.680000305175781,14.680000305175781,14.680000305175781,14.680000305175781,337,0.0,0.0,2023-07-06
1835,2023-07-06 13:30:00-04:00,14.670000076293945,14.670000076293945,14.670000076293945,14.670000076293945,237,0.0,0.0,2023-07-06
1836,2023-07-06 13:40:00-04:00,14.675000190734863,14.675000190734863,14.675000190734863,14.675000190734863,134,0.0,0.0,2023-07-06
1837,2023-07-06 13:45:00-04:00,14.680000305175781,14.680000305175781,14.680000305175781,14.680000305175781,131,0.0,0.0,2023-07-06
1838,2023-07-06 13:55:00-04:00,14.670000076293945,14.670000076293945,14.670000076293945,14.670000076293945,168,0.0,0.0,2023-07-06
1839,2023-07-06 14:15:00-04:00,14.670000076293945,14.670000076293945,14.670000076293945,14.670000076293945,131,0.0,0.0,2023-07-06
1840,2023-07-06 14:20:00-04:00,14.670000076293945,14.670000076293945,14.670000076293945,14.670000076293945,553,0.0,0.0,2023-07-06
1841,2023-07-06 14:25:00-04:00,14.670000076293945,14.670000076293945,14.670000076293945,14.670000076293945,680,0.0,0.0,2023-07-06
1842,2023-07-06 14:30:00-04:00,14.670000076293945,14.670000076293945,14.670000076293945,14.670000076293945,101,0.0,0.0,2023-07-06
1843,2023-07-06 14:35:00-04:00,14.670000076293945,14.680000305175781,14.670000076293945,14.680000305175781,377,0.0,0.0,2023-07-06
1844,2023-07-06 14:50:00-04:00,14.680000305175781,14.680000305175781,14.680000305175781,14.680000305175781,202,0.0,0.0,2023-07-06
1845,2023-07-06 14:55:00-04:00,14.670000076293945,14.670000076293945,14.670000076293945,14.670000076293945,488,0.0,0.0,2023-07-06
1846,2023-07-06 15:10:00-04:00,14.670000076293945,14.675000190734863,14.670000076293945,14.675000190734863,636,0.0,0.0,2023-07-06
1847,2023-07-06 15:20:00-04:00,14.670000076293945,14.670000076293945,14.670000076293945,14.670000076293945,1245,0.0,0.0,2023-07-06
1848,2023-07-06 15:35:00-04:00,14.670000076293945,14.680000305175781,14.670000076293945,14.670000076293945,855,0.0,0.0,2023-07-06
1849,2023-07-06 15:40:00-04:00,14.670000076293945,14.670000076293945,14.670000076293945,14.670000076293945,344,0.0,0.0,2023-07-06
1850,2023-07-06 15:45:00-04:00,14.670000076293945,14.680000305175781,14.670000076293945,14.670000076293945,1157,0.0,0.0,2023-07-06
1851,2023-07-06 15:50:00-04:00,14.670000076293945,14.680000305175781,14.670000076293945,14.670000076293945,6481,0.0,0.0,2023-07-06
1852,2023-07-06 15:55:00-04:00,14.670000076293945,14.675000190734863,14.65999984741211,14.65999984741211,16158,0.0,0.0,2023-07-06
1853,2023-07-07 09:30:00-04:00,14.649999618530273,14.680000305175781,14.649999618530273,14.680000305175781,0,0.0,0.0,2023-07-07
1854,2023-07-07 09:35:00-04:00,14.6899995803833,14.6899995803833,14.6899995803833,14.6899995803833,1185,0.0,0.0,2023-07-07
1855,2023-07-07 09:40:00-04:00,14.68120002746582,14.68120002746582,14.68120002746582,14.68120002746582,906,0.0,0.0,2023-07-07
1856,2023-07-07 09:50:00-04:00,14.6850004196167,14.6850004196167,14.6850004196167,14.6850004196167,500,0.0,0.0,2023-07-07
1857,2023-07-07 09:55:00-04:00,14.680000305175781,14.680000305175781,14.680000305175781,14.680000305175781,1578,0.0,0.0,2023-07-07
1858,2023-07-07 10:00:00-04:00,14.6899995803833,14.6899995803833,14.6899995803833,14.6899995803833,1024,0.0,0.0,2023-07-07
1859,2023-07-07 10:15:00-04:00,14.6850004196167,14.6850004196167,14.6850004196167,14.6850004196167,197,0.0,0.0,2023-07-07
1860,2023-07-07 10:20:00-04:00,14.6899995803833,14.6899995803833,14.6899995803833,14.6899995803833,100,0.0,0.0,2023-07-07
1861,2023-07-07 10:25:00-04:00,14.6899995803833,14.6899995803833,14.6899995803833,14.6899995803833,660,0.0,0.0,2023-07-07
1862,2023-07-07 10:30:00-04:00,14.6899995803833,14.6899995803833,14.6899995803833,14.6899995803833,327,0.0,0.0,2023-07-07
1863,2023-07-07 10:40:00-04:00,14.680000305175781,14.6899995803833,14.680000305175781,14.6899995803833,236,0.0,0.0,2023-07-07
1864,2023-07-07 10:45:00-04:00,14.6850004196167,14.6899995803833,14.6850004196167,14.6899995803833,535,0.0,0.0,2023-07-07
1865,2023-07-07 11:05:00-04:00,14.6899995803833,14.6899995803833,14.6899995803833,14.6899995803833,918,0.0,0.0,2023-07-07
1866,2023-07-07 11:10:00-04:00,14.680000305175781,14.6899995803833,14.680000305175781,14.6899995803833,759,0.0,0.0,2023-07-07
1867,2023-07-07 11:20:00-04:00,14.6899995803833,14.6899995803833,14.6899995803833,14.6899995803833,1906,0.0,0.0,2023-07-07
1868,2023-07-07 11:25:00-04:00,14.6899995803833,14.6899995803833,14.6899995803833,14.6899995803833,563,0.0,0.0,2023-07-07
1869,2023-07-07 11:40:00-04:00,14.6899995803833,14.6899995803833,14.6899995803833,14.6899995803833,430,0.0,0.0,2023-07-07
1870,2023-07-07 12:00:00-04:00,14.6850004196167,14.6850004196167,14.6850004196167,14.6850004196167,4406,0.0,0.0,2023-07-07
1871,2023-07-07 12:20:00-04:00,14.680000305175781,14.680000305175781,14.680000305175781,14.680000305175781,363,0.0,0.0,2023-07-07
1872,2023-07-07 12:40:00-04:00,14.6899995803833,14.6899995803833,14.6850004196167,14.6899995803833,3476,0.0,0.0,2023-07-07
1873,2023-07-07 12:55:00-04:00,14.6850004196167,14.6850004196167,14.6850004196167,14.6850004196167,827,0.0,0.0,2023-07-07
1874,2023-07-07 13:05:00-04:00,14.6899995803833,14.6899995803833,14.6899995803833,14.6899995803833,212,0.0,0.0,2023-07-07
1875,2023-07-07 13:10:00-04:00,14.6899995803833,14.6899995803833,14.6899995803833,14.6899995803833,295,0.0,0.0,2023-07-07
1876,2023-07-07 13:30:00-04:00,14.6899995803833,14.6899995803833,14.6899995803833,14.6899995803833,400,0.0,0.0,2023-07-07
1877,2023-07-07 13:35:00-04:00,14.6850004196167,14.6850004196167,14.6850004196167,14.6850004196167,283,0.0,0.0,2023-07-07
1878,2023-07-07 13:40:00-04:00,14.6850004196167,14.6850004196167,14.6850004196167,14.6850004196167,349,0.0,0.0,2023-07-07
1879,2023-07-07 13:55:00-04:00,14.680000305175781,14.680000305175781,14.680000305175781,14.680000305175781,1273,0.0,0.0,2023-07-07
1880,2023-07-07 14:10:00-04:00,14.6850004196167,14.6850004196167,14.6850004196167,14.6850004196167,175,0.0,0.0,2023-07-07
1881,2023-07-07 14:25:00-04:00,14.680000305175781,14.6850004196167,14.680000305175781,14.6850004196167,543,0.0,0.0,2023-07-07
1882,2023-07-07 14:45:00-04:00,14.6850004196167,14.6850004196167,14.680000305175781,14.6850004196167,6491,0.0,0.0,2023-07-07
1883,2023-07-07 14:55:00-04:00,14.680000305175781,14.6850004196167,14.680000305175781,14.6850004196167,501,0.0,0.0,2023-07-07
1884,2023-07-07 15:05:00-04:00,14.680000305175781,14.680000305175781,14.680000305175781,14.680000305175781,850,0.0,0.0,2023-07-07
1885,2023-07-07 15:10:00-04:00,14.680000305175781,14.680000305175781,14.680000305175781,14.680000305175781,140,0.0,0.0,2023-07-07
1886,2023-07-07 15:15:00-04:00,14.680000305175781,14.680999755859375,14.680000305175781,14.680999755859375,415,0.0,0.0,2023-07-07
1887,2023-07-07 15:25:00-04:00,14.680000305175781,14.680000305175781,14.680000305175781,14.680000305175781,602,0.0,0.0,2023-07-07
1888,2023-07-07 15:35:00-04:00,14.680000305175781,14.680000305175781,14.680000305175781,14.680000305175781,688,0.0,0.0,2023-07-07
1889,2023-07-07 15:40:00-04:00,14.680000305175781,14.680000305175781,14.680000305175781,14.680000305175781,1515,0.0,0.0,2023-07-07
1890,2023-07-07 15:45:00-04:00,14.670000076293945,14.670000076293945,14.670000076293945,14.670000076293945,690,0.0,0.0,2023-07-07
1891,2023-07-07 15:50:00-04:00,14.670000076293945,14.680000305175781,14.670000076293945,14.675000190734863,9163,0.0,0.0,2023-07-07
1892,2023-07-07 15:55:00-04:00,14.675000190734863,14.680000305175781,14.670000076293945,14.670000076293945,10810,0.0,0.0,2023-07-07
1893,2023-07-10 09:30:00-04:00,14.6899995803833,14.699999809265137,14.670000076293945,14.699999809265137,0,0.0,0.0,2023-07-10
1894,2023-07-10 09:40:00-04:00,14.699999809265137,14.699999809265137,14.699999809265137,14.699999809265137,698,0.0,0.0,2023-07-10
1895,2023-07-10 09:45:00-04:00,14.699999809265137,14.699999809265137,14.699999809265137,14.699999809265137,248,0.0,0.0,2023-07-10
1896,2023-07-10 10:00:00-04:00,14.699999809265137,14.699999809265137,14.699999809265137,14.699999809265137,1832,0.0,0.0,2023-07-10
1897,2023-07-10 10:05:00-04:00,14.699999809265137,14.699999809265137,14.699999809265137,14.699999809265137,100,0.0,0.0,2023-07-10
1898,2023-07-10 10:15:00-04:00,14.6899995803833,14.699999809265137,14.6899995803833,14.6899995803833,2329,0.0,0.0,2023-07-10
1899,2023-07-10 10:20:00-04:00,14.6899995803833,14.6899995803833,14.6899995803833,14.6899995803833,413,0.0,0.0,2023-07-10
1900,2023-07-10 10:25:00-04:00,14.694999694824219,14.694999694824219,14.6899995803833,14.6899995803833,356,0.0,0.0,2023-07-10
1901,2023-07-10 10:35:00-04:00,14.6899995803833,14.6899995803833,14.6899995803833,14.6899995803833,449,0.0,0.0,2023-07-10
1902,2023-07-10 11:00:00-04:00,14.694999694824219,14.694999694824219,14.690999984741211,14.690999984741211,233,0.0,0.0,2023-07-10
1903,2023-07-10 11:05:00-04:00,14.6899995803833,14.6899995803833,14.6899995803833,14.6899995803833,1119,0.0,0.0,2023-07-10
1904,2023-07-10 11:10:00-04:00,14.694999694824219,14.694999694824219,14.694999694824219,14.694999694824219,190,0.0,0.0,2023-07-10
1905,2023-07-10 11:20:00-04:00,14.6899995803833,14.6899995803833,14.6899995803833,14.6899995803833,200,0.0,0.0,2023-07-10
1906,2023-07-10 11:25:00-04:00,14.699999809265137,14.699999809265137,14.699999809265137,14.699999809265137,1153,0.0,0.0,2023-07-10
1907,2023-07-10 11:30:00-04:00,14.694999694824219,14.699999809265137,14.6899995803833,14.699999809265137,670,0.0,0.0,2023-07-10
1908,2023-07-10 11:40:00-04:00,14.694999694824219,14.694999694824219,14.6899995803833,14.6899995803833,562,0.0,0.0,2023-07-10
1909,2023-07-10 12:05:00-04:00,14.6899995803833,14.6899995803833,14.6899995803833,14.6899995803833,110,0.0,0.0,2023-07-10
1910,2023-07-10 12:10:00-04:00,14.694999694824219,14.694999694824219,14.694999694824219,14.694999694824219,100,0.0,0.0,2023-07-10
1911,2023-07-10 12:15:00-04:00,14.6899995803833,14.6899995803833,14.6899995803833,14.6899995803833,100,0.0,0.0,2023-07-10
1912,2023-07-10 12:20:00-04:00,14.6899995803833,14.6899995803833,14.6899995803833,14.6899995803833,100,0.0,0.0,2023-07-10
1913,2023-07-10 12:30:00-04:00,14.694999694824219,14.694999694824219,14.694999694824219,14.694999694824219,162,0.0,0.0,2023-07-10
1914,2023-07-10 12:35:00-04:00,14.694999694824219,14.694999694824219,14.694999694824219,14.694999694824219,100,0.0,0.0,2023-07-10
1915,2023-07-10 12:40:00-04:00,14.694999694824219,14.694999694824219,14.694999694824219,14.694999694824219,474,0.0,0.0,2023-07-10
1916,2023-07-10 12:50:00-04:00,14.6899995803833,14.6899995803833,14.6899995803833,14.6899995803833,232,0.0,0.0,2023-07-10
1917,2023-07-10 12:55:00-04:00,14.694999694824219,14.694999694824219,14.692999839782715,14.692999839782715,905,0.0,0.0,2023-07-10
1918,2023-07-10 13:00:00-04:00,14.6899995803833,14.6899995803833,14.6899995803833,14.6899995803833,289,0.0,0.0,2023-07-10
1919,2023-07-10 13:05:00-04:00,14.6850004196167,14.6850004196167,14.6850004196167,14.6850004196167,100,0.0,0.0,2023-07-10
1920,2023-07-10 13:15:00-04:00,14.680000305175781,14.680000305175781,14.680000305175781,14.680000305175781,248,0.0,0.0,2023-07-10
1921,2023-07-10 13:30:00-04:00,14.6899995803833,14.6899995803833,14.6899995803833,14.6899995803833,422,0.0,0.0,2023-07-10
1922,2023-07-10 13:40:00-04:00,14.6899995803833,14.6899995803833,14.6899995803833,14.6899995803833,118,0.0,0.0,2023-07-10
1923,2023-07-10 13:55:00-04:00,14.680000305175781,14.6850004196167,14.680000305175781,14.6850004196167,3987,0.0,0.0,2023-07-10
1924,2023-07-10 14:05:00-04:00,14.6850004196167,14.6850004196167,14.680000305175781,14.680000305175781,604,0.0,0.0,2023-07-10
1925,2023-07-10 14:25:00-04:00,14.6850004196167,14.6850004196167,14.6850004196167,14.6850004196167,116,0.0,0.0,2023-07-10
1926,2023-07-10 14:30:00-04:00,14.6850004196167,14.6850004196167,14.6850004196167,14.6850004196167,147,0.0,0.0,2023-07-10
1927,2023-07-10 14:35:00-04:00,14.680000305175781,14.680000305175781,14.680000305175781,14.680000305175781,530,0.0,0.0,2023-07-10
1928,2023-07-10 14:55:00-04:00,14.680000305175781,14.680000305175781,14.680000305175781,14.680000305175781,144,0.0,0.0,2023-07-10
1929,2023-07-10 15:00:00-04:00,14.6850004196167,14.6850004196167,14.6850004196167,14.6850004196167,107,0.0,0.0,2023-07-10
1930,2023-07-10 15:05:00-04:00,14.680000305175781,14.680000305175781,14.680000305175781,14.680000305175781,775,0.0,0.0,2023-07-10
1931,2023-07-10 15:10:00-04:00,14.680000305175781,14.680000305175781,14.680000305175781,14.680000305175781,411,0.0,0.0,2023-07-10
1932,2023-07-10 15:20:00-04:00,14.680000305175781,14.6850004196167,14.680000305175781,14.680000305175781,528,0.0,0.0,2023-07-10
1933,2023-07-10 15:25:00-04:00,14.680000305175781,14.680000305175781,14.680000305175781,14.680000305175781,422,0.0,0.0,2023-07-10
1934,2023-07-10 15:35:00-04:00,14.680000305175781,14.680000305175781,14.680000305175781,14.680000305175781,329,0.0,0.0,2023-07-10
1935,2023-07-10 15:40:00-04:00,14.6850004196167,14.699999809265137,14.6850004196167,14.6899995803833,5267,0.0,0.0,2023-07-10
1936,2023-07-10 15:45:00-04:00,14.6899995803833,14.6899995803833,14.6899995803833,14.6899995803833,517,0.0,0.0,2023-07-10
1937,2023-07-10 15:50:00-04:00,14.6899995803833,14.694999694824219,14.6899995803833,14.6899995803833,1178,0.0,0.0,2023-07-10
1938,2023-07-10 15:55:00-04:00,14.694999694824219,14.694999694824219,14.6899995803833,14.6899995803833,3617,0.0,0.0,2023-07-10
1939,2023-07-11 09:30:00-04:00,14.720000267028809,14.720000267028809,14.6899995803833,14.704999923706055,0,0.0,0.0,2023-07-11
1940,2023-07-11 09:35:00-04:00,14.699999809265137,14.710000038146973,14.699999809265137,14.704999923706055,833,0.0,0.0,2023-07-11
1941,2023-07-11 09:40:00-04:00,14.699999809265137,14.699999809265137,14.699999809265137,14.699999809265137,200,0.0,0.0,2023-07-11
1942,2023-07-11 09:50:00-04:00,14.710000038146973,14.710000038146973,14.710000038146973,14.710000038146973,1527,0.0,0.0,2023-07-11
1943,2023-07-11 09:55:00-04:00,14.699999809265137,14.710000038146973,14.699999809265137,14.699999809265137,2623,0.0,0.0,2023-07-11
1944,2023-07-11 10:05:00-04:00,14.710000038146973,14.710000038146973,14.704999923706055,14.704999923706055,798,0.0,0.0,2023-07-11
1945,2023-07-11 10:10:00-04:00,14.704999923706055,14.704999923706055,14.704999923706055,14.704999923706055,384,0.0,0.0,2023-07-11
1946,2023-07-11 10:15:00-04:00,14.704999923706055,14.704999923706055,14.704999923706055,14.704999923706055,100,0.0,0.0,2023-07-11
1947,2023-07-11 10:20:00-04:00,14.710000038146973,14.710000038146973,14.704999923706055,14.704999923706055,611,0.0,0.0,2023-07-11
1948,2023-07-11 10:25:00-04:00,14.704999923706055,14.704999923706055,14.699999809265137,14.704999923706055,5072,0.0,0.0,2023-07-11
1949,2023-07-11 10:30:00-04:00,14.699999809265137,14.699999809265137,14.699999809265137,14.699999809265137,792,0.0,0.0,2023-07-11
1950,2023-07-11 10:50:00-04:00,14.710000038146973,14.710000038146973,14.710000038146973,14.710000038146973,307,0.0,0.0,2023-07-11
1951,2023-07-11 11:10:00-04:00,14.710000038146973,14.710000038146973,14.710000038146973,14.710000038146973,100,0.0,0.0,2023-07-11
1952,2023-07-11 11:15:00-04:00,14.699999809265137,14.699999809265137,14.699999809265137,14.699999809265137,117,0.0,0.0,2023-07-11
1953,2023-07-11 11:20:00-04:00,14.699999809265137,14.704999923706055,14.699999809265137,14.704999923706055,292,0.0,0.0,2023-07-11
1954,2023-07-11 11:25:00-04:00,14.704999923706055,14.704999923706055,14.704999923706055,14.704999923706055,115,0.0,0.0,2023-07-11
1955,2023-07-11 11:30:00-04:00,14.710000038146973,14.710000038146973,14.710000038146973,14.710000038146973,315,0.0,0.0,2023-07-11
1956,2023-07-11 11:55:00-04:00,14.704999923706055,14.704999923706055,14.699999809265137,14.699999809265137,7655,0.0,0.0,2023-07-11
1957,2023-07-11 12:00:00-04:00,14.710000038146973,14.710000038146973,14.704999923706055,14.704999923706055,281,0.0,0.0,2023-07-11
1958,2023-07-11 12:05:00-04:00,14.704999923706055,14.710000038146973,14.704999923706055,14.710000038146973,417,0.0,0.0,2023-07-11
1959,2023-07-11 12:25:00-04:00,14.699999809265137,14.710000038146973,14.699999809265137,14.704999923706055,1766,0.0,0.0,2023-07-11
1960,2023-07-11 12:50:00-04:00,14.704999923706055,14.710000038146973,14.699999809265137,14.710000038146973,11756,0.0,0.0,2023-07-11
1961,2023-07-11 12:55:00-04:00,14.704999923706055,14.710000038146973,14.704999923706055,14.710000038146973,1067,0.0,0.0,2023-07-11
1962,2023-07-11 13:00:00-04:00,14.704999923706055,14.710000038146973,14.704999923706055,14.710000038146973,26682,0.0,0.0,2023-07-11
1963,2023-07-11 13:05:00-04:00,14.710000038146973,14.710000038146973,14.710000038146973,14.710000038146973,340,0.0,0.0,2023-07-11
1964,2023-07-11 13:10:00-04:00,14.710000038146973,14.710000038146973,14.710000038146973,14.710000038146973,212,0.0,0.0,2023-07-11
1965,2023-07-11 13:15:00-04:00,14.710000038146973,14.710000038146973,14.710000038146973,14.710000038146973,112,0.0,0.0,2023-07-11
1966,2023-07-11 13:20:00-04:00,14.710000038146973,14.710000038146973,14.710000038146973,14.710000038146973,112,0.0,0.0,2023-07-11
1967,2023-07-11 13:25:00-04:00,14.710000038146973,14.710000038146973,14.699999809265137,14.710000038146973,312,0.0,0.0,2023-07-11
1968,2023-07-11 13:30:00-04:00,14.710000038146973,14.729999542236328,14.710000038146973,14.729999542236328,22550,0.0,0.0,2023-07-11
1969,2023-07-11 13:35:00-04:00,14.729999542236328,14.729999542236328,14.729999542236328,14.729999542236328,557,0.0,0.0,2023-07-11
1970,2023-07-11 14:20:00-04:00,14.729999542236328,14.729999542236328,14.729999542236328,14.729999542236328,226,0.0,0.0,2023-07-11
1971,2023-07-11 14:25:00-04:00,14.729999542236328,14.729999542236328,14.729999542236328,14.729999542236328,112,0.0,0.0,2023-07-11
1972,2023-07-11 14:35:00-04:00,14.729999542236328,14.729999542236328,14.729999542236328,14.729999542236328,552,0.0,0.0,2023-07-11
1973,2023-07-11 14:40:00-04:00,14.729999542236328,14.729999542236328,14.729999542236328,14.729999542236328,200,0.0,0.0,2023-07-11
1974,2023-07-11 14:45:00-04:00,14.725000381469727,14.729999542236328,14.725000381469727,14.729999542236328,305,0.0,0.0,2023-07-11
1975,2023-07-11 14:50:00-04:00,14.729999542236328,14.729999542236328,14.729999542236328,14.729999542236328,547,0.0,0.0,2023-07-11
1976,2023-07-11 14:55:00-04:00,14.729999542236328,14.739999771118164,14.729999542236328,14.739999771118164,782,0.0,0.0,2023-07-11
1977,2023-07-11 15:00:00-04:00,14.739999771118164,14.739999771118164,14.739999771118164,14.739999771118164,114,0.0,0.0,2023-07-11
1978,2023-07-11 15:05:00-04:00,14.739999771118164,14.739999771118164,14.739999771118164,14.739999771118164,700,0.0,0.0,2023-07-11
1979,2023-07-11 15:10:00-04:00,14.739999771118164,14.739999771118164,14.739999771118164,14.739999771118164,449,0.0,0.0,2023-07-11
1980,2023-07-11 15:20:00-04:00,14.739999771118164,14.75,14.739999771118164,14.75,1833,0.0,0.0,2023-07-11
1981,2023-07-11 15:25:00-04:00,14.744999885559082,14.75,14.739999771118164,14.739999771118164,2485,0.0,0.0,2023-07-11
1982,2023-07-11 15:30:00-04:00,14.739999771118164,14.744999885559082,14.739999771118164,14.744999885559082,837,0.0,0.0,2023-07-11
1983,2023-07-11 15:35:00-04:00,14.75,14.75,14.739999771118164,14.739999771118164,524,0.0,0.0,2023-07-11
1984,2023-07-11 15:40:00-04:00,14.744999885559082,14.75,14.739999771118164,14.739999771118164,1598,0.0,0.0,2023-07-11
1985,2023-07-11 15:45:00-04:00,14.75,14.75,14.739999771118164,14.739999771118164,330,0.0,0.0,2023-07-11
1986,2023-07-11 15:50:00-04:00,14.75,14.75,14.739999771118164,14.75,1292,0.0,0.0,2023-07-11
1987,2023-07-11 15:55:00-04:00,14.75,14.75,14.739999771118164,14.75,4001,0.0,0.0,2023-07-11
1988,2023-07-12 09:30:00-04:00,14.710000038146973,14.739999771118164,14.710000038146973,14.739999771118164,0,0.0,0.0,2023-07-12
1989,2023-07-12 09:35:00-04:00,14.75,14.760000228881836,14.739999771118164,14.75,1579,0.0,0.0,2023-07-12
1990,2023-07-12 09:40:00-04:00,14.755000114440918,14.755000114440918,14.755000114440918,14.755000114440918,432,0.0,0.0,2023-07-12
1991,2023-07-12 09:50:00-04:00,14.75,14.75,14.75,14.75,2265,0.0,0.0,2023-07-12
1992,2023-07-12 09:55:00-04:00,14.739999771118164,14.739999771118164,14.739999771118164,14.739999771118164,2325,0.0,0.0,2023-07-12
1993,2023-07-12 10:05:00-04:00,14.739999771118164,14.739999771118164,14.729999542236328,14.729999542236328,3349,0.0,0.0,2023-07-12
1994,2023-07-12 10:10:00-04:00,14.739999771118164,14.739999771118164,14.739999771118164,14.739999771118164,605,0.0,0.0,2023-07-12
1995,2023-07-12 10:20:00-04:00,14.729999542236328,14.729999542236328,14.729999542236328,14.729999542236328,796,0.0,0.0,2023-07-12
1996,2023-07-12 10:30:00-04:00,14.729999542236328,14.729999542236328,14.729999542236328,14.729999542236328,250,0.0,0.0,2023-07-12
1997,2023-07-12 10:35:00-04:00,14.729999542236328,14.729999542236328,14.729999542236328,14.729999542236328,1270,0.0,0.0,2023-07-12
1998,2023-07-12 10:40:00-04:00,14.729999542236328,14.729999542236328,14.729999542236328,14.729999542236328,840,0.0,0.0,2023-07-12
1999,2023-07-12 10:45:00-04:00,14.729999542236328,14.739999771118164,14.729999542236328,14.739999771118164,819,0.0,0.0,2023-07-12
2000,2023-07-12 10:50:00-04:00,14.729999542236328,14.729999542236328,14.729999542236328,14.729999542236328,457,0.0,0.0,2023-07-12
2001,2023-07-12 10:55:00-04:00,14.729999542236328,14.739999771118164,14.729999542236328,14.739999771118164,760,0.0,0.0,2023-07-12
2002,2023-07-12 11:00:00-04:00,14.729999542236328,14.729999542236328,14.729999542236328,14.729999542236328,350,0.0,0.0,2023-07-12
2003,2023-07-12 11:05:00-04:00,14.734999656677246,14.739999771118164,14.729999542236328,14.739999771118164,936,0.0,0.0,2023-07-12
2004,2023-07-12 11:10:00-04:00,14.729999542236328,14.739899635314941,14.729999542236328,14.729999542236328,789,0.0,0.0,2023-07-12
2005,2023-07-12 11:15:00-04:00,14.729999542236328,14.739999771118164,14.729999542236328,14.729999542236328,2639,0.0,0.0,2023-07-12
2006,2023-07-12 11:20:00-04:00,14.729999542236328,14.729999542236328,14.729999542236328,14.729999542236328,384,0.0,0.0,2023-07-12
2007,2023-07-12 11:25:00-04:00,14.729999542236328,14.729999542236328,14.729999542236328,14.729999542236328,482,0.0,0.0,2023-07-12
2008,2023-07-12 11:30:00-04:00,14.729999542236328,14.729999542236328,14.729999542236328,14.729999542236328,1715,0.0,0.0,2023-07-12
2009,2023-07-12 11:35:00-04:00,14.729999542236328,14.729999542236328,14.729999542236328,14.729999542236328,219,0.0,0.0,2023-07-12
2010,2023-07-12 11:40:00-04:00,14.729999542236328,14.729999542236328,14.729999542236328,14.729999542236328,1518,0.0,0.0,2023-07-12
2011,2023-07-12 11:45:00-04:00,14.729999542236328,14.729999542236328,14.729999542236328,14.729999542236328,291,0.0,0.0,2023-07-12
2012,2023-07-12 11:50:00-04:00,14.729999542236328,14.729999542236328,14.729999542236328,14.729999542236328,336,0.0,0.0,2023-07-12
2013,2023-07-12 11:55:00-04:00,14.729999542236328,14.729999542236328,14.729999542236328,14.729999542236328,645,0.0,0.0,2023-07-12
2014,2023-07-12 12:00:00-04:00,14.729999542236328,14.729999542236328,14.729999542236328,14.729999542236328,490,0.0,0.0,2023-07-12
2015,2023-07-12 12:05:00-04:00,14.729999542236328,14.729999542236328,14.729999542236328,14.729999542236328,225,0.0,0.0,2023-07-12
2016,2023-07-12 12:10:00-04:00,14.729999542236328,14.729999542236328,14.729999542236328,14.729999542236328,254,0.0,0.0,2023-07-12
2017,2023-07-12 12:15:00-04:00,14.729999542236328,14.734999656677246,14.729999542236328,14.729999542236328,371,0.0,0.0,2023-07-12
2018,2023-07-12 12:20:00-04:00,14.734999656677246,14.734999656677246,14.729999542236328,14.729999542236328,317,0.0,0.0,2023-07-12
2019,2023-07-12 12:25:00-04:00,14.729999542236328,14.729999542236328,14.729999542236328,14.729999542236328,388,0.0,0.0,2023-07-12
2020,2023-07-12 12:30:00-04:00,14.729999542236328,14.739999771118164,14.729999542236328,14.734999656677246,1533,0.0,0.0,2023-07-12
2021,2023-07-12 12:35:00-04:00,14.734999656677246,14.734999656677246,14.729999542236328,14.729999542236328,343,0.0,0.0,2023-07-12
2022,2023-07-12 12:40:00-04:00,14.729999542236328,14.729999542236328,14.729999542236328,14.729999542236328,311,0.0,0.0,2023-07-12
2023,2023-07-12 12:45:00-04:00,14.729999542236328,14.729999542236328,14.729999542236328,14.729999542236328,300,0.0,0.0,2023-07-12
2024,2023-07-12 12:50:00-04:00,14.734999656677246,14.734999656677246,14.729999542236328,14.729999542236328,410,0.0,0.0,2023-07-12
2025,2023-07-12 12:55:00-04:00,14.729999542236328,14.729999542236328,14.729999542236328,14.729999542236328,281,0.0,0.0,2023-07-12
2026,2023-07-12 13:00:00-04:00,14.729999542236328,14.729999542236328,14.729999542236328,14.729999542236328,109,0.0,0.0,2023-07-12
2027,2023-07-12 13:05:00-04:00,14.739999771118164,14.739999771118164,14.729999542236328,14.729999542236328,640,0.0,0.0,2023-07-12
2028,2023-07-12 13:10:00-04:00,14.729999542236328,14.734999656677246,14.729999542236328,14.734999656677246,360,0.0,0.0,2023-07-12
2029,2023-07-12 13:15:00-04:00,14.734999656677246,14.734999656677246,14.729999542236328,14.729999542236328,411,0.0,0.0,2023-07-12
2030,2023-07-12 13:20:00-04:00,14.739999771118164,14.739999771118164,14.729999542236328,14.729999542236328,697,0.0,0.0,2023-07-12
2031,2023-07-12 13:25:00-04:00,14.729999542236328,14.734999656677246,14.729999542236328,14.734999656677246,559,0.0,0.0,2023-07-12
2032,2023-07-12 13:30:00-04:00,14.729999542236328,14.729999542236328,14.729999542236328,14.729999542236328,110,0.0,0.0,2023-07-12
2033,2023-07-12 13:35:00-04:00,14.729999542236328,14.739999771118164,14.729999542236328,14.739899635314941,752,0.0,0.0,2023-07-12
2034,2023-07-12 13:40:00-04:00,14.734999656677246,14.734999656677246,14.729999542236328,14.729999542236328,328,0.0,0.0,2023-07-12
2035,2023-07-12 13:45:00-04:00,14.729999542236328,14.729999542236328,14.729999542236328,14.729999542236328,220,0.0,0.0,2023-07-12
2036,2023-07-12 13:50:00-04:00,14.729999542236328,14.739999771118164,14.729999542236328,14.739999771118164,10991,0.0,0.0,2023-07-12
2037,2023-07-12 13:55:00-04:00,14.734999656677246,14.734999656677246,14.734999656677246,14.734999656677246,103,0.0,0.0,2023-07-12
2038,2023-07-12 14:00:00-04:00,14.729999542236328,14.729999542236328,14.729999542236328,14.729999542236328,206,0.0,0.0,2023-07-12
2039,2023-07-12 14:05:00-04:00,14.729999542236328,14.729999542236328,14.729999542236328,14.729999542236328,650,0.0,0.0,2023-07-12
2040,2023-07-12 14:10:00-04:00,14.734999656677246,14.739999771118164,14.734999656677246,14.739999771118164,304,0.0,0.0,2023-07-12
2041,2023-07-12 14:15:00-04:00,14.734999656677246,14.734999656677246,14.734999656677246,14.734999656677246,129,0.0,0.0,2023-07-12
2042,2023-07-12 14:20:00-04:00,14.734999656677246,14.739999771118164,14.729999542236328,14.734999656677246,1580,0.0,0.0,2023-07-12
2043,2023-07-12 14:25:00-04:00,14.734999656677246,14.739999771118164,14.734999656677246,14.739999771118164,264,0.0,0.0,2023-07-12
2044,2023-07-12 14:35:00-04:00,14.729999542236328,14.734999656677246,14.729999542236328,14.734999656677246,815,0.0,0.0,2023-07-12
2045,2023-07-12 14:45:00-04:00,14.734999656677246,14.734999656677246,14.729999542236328,14.729999542236328,1421,0.0,0.0,2023-07-12
2046,2023-07-12 14:50:00-04:00,14.73009967803955,14.734999656677246,14.729999542236328,14.734999656677246,2006,0.0,0.0,2023-07-12
2047,2023-07-12 15:00:00-04:00,14.734999656677246,14.734999656677246,14.729999542236328,14.729999542236328,960,0.0,0.0,2023-07-12
2048,2023-07-12 15:05:00-04:00,14.734999656677246,14.734999656677246,14.734999656677246,14.734999656677246,275,0.0,0.0,2023-07-12
2049,2023-07-12 15:15:00-04:00,14.739999771118164,14.739999771118164,14.739999771118164,14.739999771118164,1537,0.0,0.0,2023-07-12
2050,2023-07-12 15:20:00-04:00,14.739999771118164,14.739999771118164,14.729999542236328,14.729999542236328,1097,0.0,0.0,2023-07-12
2051,2023-07-12 15:30:00-04:00,14.729999542236328,14.729999542236328,14.729999542236328,14.729999542236328,782,0.0,0.0,2023-07-12
2052,2023-07-12 15:35:00-04:00,14.734999656677246,14.734999656677246,14.729999542236328,14.734999656677246,890,0.0,0.0,2023-07-12
2053,2023-07-12 15:40:00-04:00,14.739999771118164,14.739999771118164,14.729999542236328,14.729999542236328,3016,0.0,0.0,2023-07-12
2054,2023-07-12 15:45:00-04:00,14.734999656677246,14.739999771118164,14.734999656677246,14.739999771118164,584,0.0,0.0,2023-07-12
2055,2023-07-12 15:50:00-04:00,14.734999656677246,14.739999771118164,14.729999542236328,14.734999656677246,7480,0.0,0.0,2023-07-12
2056,2023-07-12 15:55:00-04:00,14.729999542236328,14.739999771118164,14.729999542236328,14.729999542236328,16724,0.0,0.0,2023-07-12
2057,2023-07-13 09:30:00-04:00,14.720000267028809,14.75,14.720000267028809,14.75,0,0.0,0.0,2023-07-13
2058,2023-07-13 09:35:00-04:00,14.729999542236328,14.739999771118164,14.729999542236328,14.739999771118164,1006,0.0,0.0,2023-07-13
2059,2023-07-13 09:40:00-04:00,14.729999542236328,14.729999542236328,14.720000267028809,14.729999542236328,1970,0.0,0.0,2023-07-13
2060,2023-07-13 09:45:00-04:00,14.729999542236328,14.729999542236328,14.729999542236328,14.729999542236328,800,0.0,0.0,2023-07-13
2061,2023-07-13 09:50:00-04:00,14.734999656677246,14.734999656677246,14.734999656677246,14.734999656677246,100,0.0,0.0,2023-07-13
2062,2023-07-13 09:55:00-04:00,14.734999656677246,14.739999771118164,14.729999542236328,14.735799789428711,1548,0.0,0.0,2023-07-13
2063,2023-07-13 10:00:00-04:00,14.739999771118164,14.739999771118164,14.739999771118164,14.739999771118164,602,0.0,0.0,2023-07-13
2064,2023-07-13 10:05:00-04:00,14.739999771118164,14.739999771118164,14.739999771118164,14.739999771118164,300,0.0,0.0,2023-07-13
2065,2023-07-13 10:10:00-04:00,14.734999656677246,14.734999656677246,14.734999656677246,14.734999656677246,100,0.0,0.0,2023-07-13
2066,2023-07-13 10:15:00-04:00,14.734999656677246,14.739999771118164,14.729999542236328,14.730799674987793,5523,0.0,0.0,2023-07-13
2067,2023-07-13 10:20:00-04:00,14.739999771118164,14.739999771118164,14.739999771118164,14.739999771118164,949,0.0,0.0,2023-07-13
2068,2023-07-13 10:25:00-04:00,14.734999656677246,14.734999656677246,14.729999542236328,14.729999542236328,500,0.0,0.0,2023-07-13
2069,2023-07-13 10:30:00-04:00,14.729999542236328,14.739999771118164,14.729999542236328,14.739999771118164,440,0.0,0.0,2023-07-13
2070,2023-07-13 10:35:00-04:00,14.739999771118164,14.739999771118164,14.729999542236328,14.729999542236328,2799,0.0,0.0,2023-07-13
2071,2023-07-13 10:40:00-04:00,14.734999656677246,14.739999771118164,14.729999542236328,14.729999542236328,402,0.0,0.0,2023-07-13
2072,2023-07-13 10:45:00-04:00,14.729999542236328,14.739999771118164,14.729999542236328,14.739999771118164,487,0.0,0.0,2023-07-13
2073,2023-07-13 10:50:00-04:00,14.729999542236328,14.739999771118164,14.729999542236328,14.734999656677246,25501,0.0,0.0,2023-07-13
2074,2023-07-13 10:55:00-04:00,14.739999771118164,14.739999771118164,14.729999542236328,14.729999542236328,886,0.0,0.0,2023-07-13
2075,2023-07-13 11:00:00-04:00,14.739999771118164,14.739999771118164,14.729999542236328,14.739999771118164,2435,0.0,0.0,2023-07-13
2076,2023-07-13 11:05:00-04:00,14.729999542236328,14.739999771118164,14.729999542236328,14.739999771118164,1500,0.0,0.0,2023-07-13
2077,2023-07-13 11:10:00-04:00,14.729999542236328,14.739999771118164,14.729999542236328,14.739999771118164,709,0.0,0.0,2023-07-13
2078,2023-07-13 11:15:00-04:00,14.739999771118164,14.75,14.739999771118164,14.75,2089,0.0,0.0,2023-07-13
2079,2023-07-13 11:20:00-04:00,14.75,14.75,14.744999885559082,14.75,800,0.0,0.0,2023-07-13
2080,2023-07-13 11:25:00-04:00,14.739999771118164,14.75,14.739999771118164,14.739999771118164,1870,0.0,0.0,2023-07-13
2081,2023-07-13 11:30:00-04:00,14.75,14.75,14.739999771118164,14.75,433,0.0,0.0,2023-07-13
2082,2023-07-13 11:35:00-04:00,14.75,14.75,14.739999771118164,14.75,400,0.0,0.0,2023-07-13
2083,2023-07-13 11:40:00-04:00,14.739999771118164,14.75,14.739999771118164,14.75,337,0.0,0.0,2023-07-13
2084,2023-07-13 11:50:00-04:00,14.739999771118164,14.75,14.739999771118164,14.75,2700,0.0,0.0,2023-07-13
2085,2023-07-13 11:55:00-04:00,14.739999771118164,14.75,14.739999771118164,14.739999771118164,598,0.0,0.0,2023-07-13
2086,2023-07-13 12:00:00-04:00,14.75,14.75,14.739999771118164,14.75,506,0.0,0.0,2023-07-13
2087,2023-07-13 12:05:00-04:00,14.744999885559082,14.75,14.739999771118164,14.75,860,0.0,0.0,2023-07-13
2088,2023-07-13 12:10:00-04:00,14.75,14.75,14.739999771118164,14.739999771118164,301,0.0,0.0,2023-07-13
2089,2023-07-13 12:15:00-04:00,14.744999885559082,14.75,14.739999771118164,14.75,508,0.0,0.0,2023-07-13
2090,2023-07-13 12:20:00-04:00,14.739999771118164,14.75,14.739999771118164,14.75,307,0.0,0.0,2023-07-13
2091,2023-07-13 12:25:00-04:00,14.75,14.75,14.739999771118164,14.739999771118164,301,0.0,0.0,2023-07-13
2092,2023-07-13 12:30:00-04:00,14.75,14.75,14.739999771118164,14.739999771118164,301,0.0,0.0,2023-07-13
2093,2023-07-13 12:35:00-04:00,14.739999771118164,14.75,14.739999771118164,14.75,863,0.0,0.0,2023-07-13
2094,2023-07-13 12:40:00-04:00,14.739999771118164,14.739999771118164,14.739999771118164,14.739999771118164,400,0.0,0.0,2023-07-13
2095,2023-07-13 12:45:00-04:00,14.75,14.75,14.739999771118164,14.75,526,0.0,0.0,2023-07-13
2096,2023-07-13 12:50:00-04:00,14.75,14.75,14.739999771118164,14.739999771118164,472,0.0,0.0,2023-07-13
2097,2023-07-13 12:55:00-04:00,14.739999771118164,14.75,14.739999771118164,14.75,400,0.0,0.0,2023-07-13
2098,2023-07-13 13:00:00-04:00,14.739999771118164,14.75,14.739999771118164,14.75,537,0.0,0.0,2023-07-13
2099,2023-07-13 13:05:00-04:00,14.744999885559082,14.744999885559082,14.739999771118164,14.739999771118164,2130,0.0,0.0,2023-07-13
2100,2023-07-13 13:10:00-04:00,14.739999771118164,14.739999771118164,14.739999771118164,14.739999771118164,400,0.0,0.0,2023-07-13
2101,2023-07-13 13:15:00-04:00,14.739999771118164,14.739999771118164,14.739999771118164,14.739999771118164,302,0.0,0.0,2023-07-13
2102,2023-07-13 13:20:00-04:00,14.75,14.75,14.739999771118164,14.739999771118164,400,0.0,0.0,2023-07-13
2103,2023-07-13 13:25:00-04:00,14.739999771118164,14.739999771118164,14.739999771118164,14.739999771118164,102,0.0,0.0,2023-07-13
2104,2023-07-13 13:30:00-04:00,14.739999771118164,14.75,14.739999771118164,14.75,210,0.0,0.0,2023-07-13
2105,2023-07-13 13:35:00-04:00,14.739999771118164,14.739999771118164,14.739999771118164,14.739999771118164,594,0.0,0.0,2023-07-13
2106,2023-07-13 13:45:00-04:00,14.739999771118164,14.75,14.739999771118164,14.744999885559082,400,0.0,0.0,2023-07-13
2107,2023-07-13 13:50:00-04:00,14.739999771118164,14.739999771118164,14.739999771118164,14.739999771118164,102,0.0,0.0,2023-07-13
2108,2023-07-13 13:55:00-04:00,14.739999771118164,14.744999885559082,14.739999771118164,14.744999885559082,400,0.0,0.0,2023-07-13
2109,2023-07-13 14:00:00-04:00,14.75,14.75,14.739999771118164,14.75,603,0.0,0.0,2023-07-13
2110,2023-07-13 14:05:00-04:00,14.744999885559082,14.75,14.739999771118164,14.739999771118164,751,0.0,0.0,2023-07-13
2111,2023-07-13 14:10:00-04:00,14.743599891662598,14.743599891662598,14.739999771118164,14.739999771118164,455,0.0,0.0,2023-07-13
2112,2023-07-13 14:15:00-04:00,14.739999771118164,14.75,14.739999771118164,14.739999771118164,804,0.0,0.0,2023-07-13
2113,2023-07-13 14:20:00-04:00,14.739999771118164,14.75,14.739999771118164,14.75,401,0.0,0.0,2023-07-13
2114,2023-07-13 14:25:00-04:00,14.739999771118164,14.739999771118164,14.739999771118164,14.739999771118164,1110,0.0,0.0,2023-07-13
2115,2023-07-13 14:30:00-04:00,14.739999771118164,14.75,14.739999771118164,14.75,609,0.0,0.0,2023-07-13
2116,2023-07-13 14:35:00-04:00,14.739999771118164,14.739999771118164,14.739999771118164,14.739999771118164,402,0.0,0.0,2023-07-13
2117,2023-07-13 14:40:00-04:00,14.739999771118164,14.739999771118164,14.739999771118164,14.739999771118164,303,0.0,0.0,2023-07-13
2118,2023-07-13 14:45:00-04:00,14.75,14.75,14.75,14.75,263,0.0,0.0,2023-07-13
2119,2023-07-13 14:50:00-04:00,14.744999885559082,14.75,14.739999771118164,14.739999771118164,816,0.0,0.0,2023-07-13
2120,2023-07-13 14:55:00-04:00,14.739999771118164,14.739999771118164,14.739999771118164,14.739999771118164,109,0.0,0.0,2023-07-13
2121,2023-07-13 15:00:00-04:00,14.739999771118164,14.739999771118164,14.739999771118164,14.739999771118164,792,0.0,0.0,2023-07-13
2122,2023-07-13 15:05:00-04:00,14.739999771118164,14.75,14.739999771118164,14.739999771118164,1278,0.0,0.0,2023-07-13
2123,2023-07-13 15:10:00-04:00,14.739999771118164,14.739999771118164,14.739999771118164,14.739999771118164,519,0.0,0.0,2023-07-13
2124,2023-07-13 15:15:00-04:00,14.739999771118164,14.739999771118164,14.739999771118164,14.739999771118164,316,0.0,0.0,2023-07-13
2125,2023-07-13 15:20:00-04:00,14.739999771118164,14.75,14.739999771118164,14.75,5121,0.0,0.0,2023-07-13
2126,2023-07-13 15:25:00-04:00,14.739999771118164,14.739999771118164,14.739999771118164,14.739999771118164,409,0.0,0.0,2023-07-13
2127,2023-07-13 15:30:00-04:00,14.739999771118164,14.741000175476074,14.739999771118164,14.739999771118164,920,0.0,0.0,2023-07-13
2128,2023-07-13 15:35:00-04:00,14.744999885559082,14.75,14.739999771118164,14.739999771118164,1420,0.0,0.0,2023-07-13
2129,2023-07-13 15:40:00-04:00,14.744999885559082,14.75,14.739999771118164,14.75,2843,0.0,0.0,2023-07-13
2130,2023-07-13 15:45:00-04:00,14.744999885559082,14.75,14.739999771118164,14.739999771118164,1520,0.0,0.0,2023-07-13
2131,2023-07-13 15:50:00-04:00,14.739999771118164,14.75,14.739999771118164,14.739999771118164,2078,0.0,0.0,2023-07-13
2132,2023-07-13 15:55:00-04:00,14.739999771118164,14.75,14.739999771118164,14.75,5740,0.0,0.0,2023-07-13
2133,2023-07-14 09:30:00-04:00,14.75,14.75,14.75,14.75,722,0.0,0.0,2023-07-14
2134,2023-07-14 09:35:00-04:00,14.75,14.75,14.75,14.75,3107,0.0,0.0,2023-07-14
2135,2023-07-14 09:40:00-04:00,14.760000228881836,14.770000457763672,14.760000228881836,14.760000228881836,2453,0.0,0.0,2023-07-14
2136,2023-07-14 09:45:00-04:00,14.760000228881836,14.760000228881836,14.760000228881836,14.760000228881836,101,0.0,0.0,2023-07-14
2137,2023-07-14 09:50:00-04:00,14.75,14.75,14.75,14.75,381,0.0,0.0,2023-07-14
2138,2023-07-14 09:55:00-04:00,14.75,14.75,14.75,14.75,825,0.0,0.0,2023-07-14
2139,2023-07-14 10:00:00-04:00,14.755000114440918,14.755000114440918,14.75,14.75,236,0.0,0.0,2023-07-14
2140,2023-07-14 10:05:00-04:00,14.75,14.755000114440918,14.75,14.755000114440918,26082,0.0,0.0,2023-07-14
2141,2023-07-14 10:10:00-04:00,14.755000114440918,14.755000114440918,14.75,14.755000114440918,510,0.0,0.0,2023-07-14
2142,2023-07-14 10:15:00-04:00,14.75,14.755000114440918,14.75,14.75,654,0.0,0.0,2023-07-14
2143,2023-07-14 10:20:00-04:00,14.75,14.755000114440918,14.75,14.755000114440918,2454,0.0,0.0,2023-07-14
2144,2023-07-14 10:25:00-04:00,14.75,14.755000114440918,14.75,14.755000114440918,632,0.0,0.0,2023-07-14
2145,2023-07-14 10:30:00-04:00,14.75,14.75,14.75,14.75,372,0.0,0.0,2023-07-14
2146,2023-07-14 10:35:00-04:00,14.75,14.75,14.75,14.75,407,0.0,0.0,2023-07-14
2147,2023-07-14 10:40:00-04:00,14.760000228881836,14.760000228881836,14.75,14.75,1617,0.0,0.0,2023-07-14
2148,2023-07-14 10:45:00-04:00,14.75,14.75,14.75,14.75,104,0.0,0.0,2023-07-14
2149,2023-07-14 10:50:00-04:00,14.75,14.755000114440918,14.75,14.75,715,0.0,0.0,2023-07-14
2150,2023-07-14 10:55:00-04:00,14.75,14.75,14.75,14.75,0,0.0,0.0,2023-07-14
2151,2023-07-14 11:00:00-04:00,14.75,14.75,14.75,14.75,42004,0.0,0.0,2023-07-14
2152,2023-07-14 11:05:00-04:00,14.75,14.755000114440918,14.75,14.755000114440918,1346,0.0,0.0,2023-07-14
2153,2023-07-14 11:10:00-04:00,14.75,14.755000114440918,14.75,14.75,747,0.0,0.0,2023-07-14
2154,2023-07-14 11:15:00-04:00,14.760000228881836,14.760000228881836,14.75,14.75,4851,0.0,0.0,2023-07-14
2155,2023-07-14 11:20:00-04:00,14.75,14.75,14.75,14.75,200,0.0,0.0,2023-07-14
2156,2023-07-14 11:25:00-04:00,14.75,14.755000114440918,14.75,14.75,1040,0.0,0.0,2023-07-14
2157,2023-07-14 11:30:00-04:00,14.75,14.75,14.75,14.75,783,0.0,0.0,2023-07-14
2158,2023-07-14 11:35:00-04:00,14.760000228881836,14.760000228881836,14.75,14.75,3441,0.0,0.0,2023-07-14
2159,2023-07-14 11:40:00-04:00,14.75,14.755000114440918,14.75,14.75,638,0.0,0.0,2023-07-14
2160,2023-07-14 11:45:00-04:00,14.75,14.755000114440918,14.75,14.75,625,0.0,0.0,2023-07-14
2161,2023-07-14 11:50:00-04:00,14.75,14.75,14.75,14.75,347,0.0,0.0,2023-07-14
2162,2023-07-14 11:55:00-04:00,14.75,14.75,14.75,14.75,101,0.0,0.0,2023-07-14
2163,2023-07-14 12:00:00-04:00,14.75,14.75,14.75,14.75,316,0.0,0.0,2023-07-14
2164,2023-07-14 12:05:00-04:00,14.75,14.755000114440918,14.75,14.75,309,0.0,0.0,2023-07-14
2165,2023-07-14 12:10:00-04:00,14.755000114440918,14.760000228881836,14.75,14.75,2862,0.0,0.0,2023-07-14
2166,2023-07-14 12:15:00-04:00,14.755000114440918,14.755000114440918,14.75,14.75,309,0.0,0.0,2023-07-14
2167,2023-07-14 12:20:00-04:00,14.75,14.755000114440918,14.75,14.755000114440918,816,0.0,0.0,2023-07-14
2168,2023-07-14 12:25:00-04:00,14.75510025024414,14.760000228881836,14.75,14.75,1155,0.0,0.0,2023-07-14
2169,2023-07-14 12:30:00-04:00,14.75,14.75,14.75,14.75,302,0.0,0.0,2023-07-14
2170,2023-07-14 12:35:00-04:00,14.760000228881836,14.760000228881836,14.75,14.75,408,0.0,0.0,2023-07-14
2171,2023-07-14 12:40:00-04:00,14.75,14.760000228881836,14.75,14.75,5986,0.0,0.0,2023-07-14
2172,2023-07-14 12:50:00-04:00,14.760000228881836,14.760000228881836,14.75,14.755000114440918,1348,0.0,0.0,2023-07-14
2173,2023-07-14 12:55:00-04:00,14.75,14.75,14.75,14.75,209,0.0,0.0,2023-07-14
2174,2023-07-14 13:00:00-04:00,14.75,14.75,14.75,14.75,326,0.0,0.0,2023-07-14
2175,2023-07-14 13:05:00-04:00,14.760000228881836,14.760000228881836,14.755000114440918,14.755000114440918,1151,0.0,0.0,2023-07-14
2176,2023-07-14 13:10:00-04:00,14.75,14.75,14.75,14.75,180,0.0,0.0,2023-07-14
2177,2023-07-14 13:15:00-04:00,14.755000114440918,14.755000114440918,14.75,14.75,1323,0.0,0.0,2023-07-14
2178,2023-07-14 13:20:00-04:00,14.760000228881836,14.760000228881836,14.755000114440918,14.755000114440918,459,0.0,0.0,2023-07-14
2179,2023-07-14 13:25:00-04:00,14.75,14.75,14.75,14.75,277,0.0,0.0,2023-07-14
2180,2023-07-14 13:30:00-04:00,14.75,14.75,14.75,14.75,229,0.0,0.0,2023-07-14
2181,2023-07-14 13:35:00-04:00,14.75,14.75,14.75,14.75,364,0.0,0.0,2023-07-14
2182,2023-07-14 13:40:00-04:00,14.75,14.755000114440918,14.75,14.755000114440918,941,0.0,0.0,2023-07-14
2183,2023-07-14 13:45:00-04:00,14.755000114440918,14.760000228881836,14.75,14.760000228881836,504,0.0,0.0,2023-07-14
2184,2023-07-14 13:50:00-04:00,14.75,14.760000228881836,14.75,14.760000228881836,688,0.0,0.0,2023-07-14
2185,2023-07-14 13:55:00-04:00,14.75,14.75,14.75,14.75,347,0.0,0.0,2023-07-14
2186,2023-07-14 14:00:00-04:00,14.760000228881836,14.760000228881836,14.755000114440918,14.755000114440918,6717,0.0,0.0,2023-07-14
2187,2023-07-14 14:05:00-04:00,14.755000114440918,14.760000228881836,14.755000114440918,14.755000114440918,1971,0.0,0.0,2023-07-14
2188,2023-07-14 14:10:00-04:00,14.75,14.760000228881836,14.75,14.755000114440918,1692,0.0,0.0,2023-07-14
2189,2023-07-14 14:15:00-04:00,14.755000114440918,14.760000228881836,14.755000114440918,14.755000114440918,1415,0.0,0.0,2023-07-14
2190,2023-07-14 14:20:00-04:00,14.755000114440918,14.755000114440918,14.755000114440918,14.755000114440918,1498,0.0,0.0,2023-07-14
2191,2023-07-14 14:25:00-04:00,14.755000114440918,14.760000228881836,14.755000114440918,14.755000114440918,2204,0.0,0.0,2023-07-14
2192,2023-07-14 14:30:00-04:00,14.755000114440918,14.755000114440918,14.753100395202637,14.755000114440918,6511,0.0,0.0,2023-07-14
2193,2023-07-14 14:35:00-04:00,14.760000228881836,14.760000228881836,14.755000114440918,14.760000228881836,1442,0.0,0.0,2023-07-14
2194,2023-07-14 14:40:00-04:00,14.760000228881836,14.760000228881836,14.755000114440918,14.760000228881836,912,0.0,0.0,2023-07-14
2195,2023-07-14 14:45:00-04:00,14.755000114440918,14.760000228881836,14.75,14.755000114440918,2005,0.0,0.0,2023-07-14
2196,2023-07-14 14:50:00-04:00,14.760000228881836,14.760000228881836,14.755000114440918,14.760000228881836,3929,0.0,0.0,2023-07-14
2197,2023-07-14 14:55:00-04:00,14.760000228881836,14.760000228881836,14.755000114440918,14.760000228881836,1279,0.0,0.0,2023-07-14
2198,2023-07-14 15:00:00-04:00,14.755000114440918,14.755000114440918,14.755000114440918,14.755000114440918,520,0.0,0.0,2023-07-14
2199,2023-07-14 15:05:00-04:00,14.755000114440918,14.755000114440918,14.755000114440918,14.755000114440918,1129,0.0,0.0,2023-07-14
2200,2023-07-14 15:10:00-04:00,14.755000114440918,14.760000228881836,14.755000114440918,14.755000114440918,1210,0.0,0.0,2023-07-14
2201,2023-07-14 15:15:00-04:00,14.755000114440918,14.760000228881836,14.75,14.760000228881836,3298,0.0,0.0,2023-07-14
2202,2023-07-14 15:20:00-04:00,14.760000228881836,14.760000228881836,14.755000114440918,14.760000228881836,1768,0.0,0.0,2023-07-14
2203,2023-07-14 15:25:00-04:00,14.760000228881836,14.760000228881836,14.755000114440918,14.760000228881836,938,0.0,0.0,2023-07-14
2204,2023-07-14 15:30:00-04:00,14.760000228881836,14.760000228881836,14.755000114440918,14.755000114440918,1221,0.0,0.0,2023-07-14
2205,2023-07-14 15:35:00-04:00,14.760000228881836,14.760000228881836,14.755000114440918,14.760000228881836,2646,0.0,0.0,2023-07-14
2206,2023-07-14 15:40:00-04:00,14.760000228881836,14.760000228881836,14.755000114440918,14.755000114440918,2077,0.0,0.0,2023-07-14
2207,2023-07-14 15:45:00-04:00,14.755000114440918,14.760000228881836,14.75,14.75,1914,0.0,0.0,2023-07-14
2208,2023-07-14 15:50:00-04:00,14.75,14.760000228881836,14.75,14.75,5823,0.0,0.0,2023-07-14
2209,2023-07-14 15:55:00-04:00,14.75,14.760000228881836,14.75,14.760000228881836,18585,0.0,0.0,2023-07-14
2210,2023-07-17 09:30:00-04:00,14.75,14.760000228881836,14.75,14.760000228881836,2418,0.0,0.0,2023-07-17
2211,2023-07-17 09:35:00-04:00,14.760000228881836,14.765000343322754,14.760000228881836,14.760000228881836,1714,0.0,0.0,2023-07-17
2212,2023-07-17 09:40:00-04:00,14.765000343322754,14.765000343322754,14.765000343322754,14.765000343322754,103,0.0,0.0,2023-07-17
2213,2023-07-17 09:45:00-04:00,14.760000228881836,14.760000228881836,14.755000114440918,14.755000114440918,436,0.0,0.0,2023-07-17
2214,2023-07-17 09:50:00-04:00,14.760000228881836,14.760000228881836,14.755000114440918,14.755000114440918,1401,0.0,0.0,2023-07-17
2215,2023-07-17 09:55:00-04:00,14.75,14.75,14.75,14.75,114,0.0,0.0,2023-07-17
2216,2023-07-17 10:00:00-04:00,14.750100135803223,14.750100135803223,14.729999542236328,14.729999542236328,16027,0.0,0.0,2023-07-17
2217,2023-07-17 10:05:00-04:00,14.734999656677246,14.744999885559082,14.6899995803833,14.699999809265137,54891,0.0,0.0,2023-07-17
2218,2023-07-17 10:10:00-04:00,14.710000038146973,14.729999542236328,14.710000038146973,14.729999542236328,5673,0.0,0.0,2023-07-17
2219,2023-07-17 10:15:00-04:00,14.739999771118164,14.75,14.734999656677246,14.75,1170,0.0,0.0,2023-07-17
2220,2023-07-17 10:20:00-04:00,14.739999771118164,14.739999771118164,14.739999771118164,14.739999771118164,768,0.0,0.0,2023-07-17
2221,2023-07-17 10:25:00-04:00,14.739999771118164,14.739999771118164,14.739999771118164,14.739999771118164,1052,0.0,0.0,2023-07-17
2222,2023-07-17 10:35:00-04:00,14.729999542236328,14.734999656677246,14.65999984741211,14.699999809265137,79342,0.0,0.0,2023-07-17
2223,2023-07-17 10:40:00-04:00,14.725000381469727,14.734999656677246,14.725000381469727,14.734999656677246,2830,0.0,0.0,2023-07-17
2224,2023-07-17 10:45:00-04:00,14.739999771118164,14.75,14.739999771118164,14.75,2091,0.0,0.0,2023-07-17
2225,2023-07-17 10:50:00-04:00,14.75,14.75,14.75,14.75,960,0.0,0.0,2023-07-17
2226,2023-07-17 10:55:00-04:00,14.75,14.75,14.744999885559082,14.744999885559082,536,0.0,0.0,2023-07-17
2227,2023-07-17 11:00:00-04:00,14.75,14.75,14.75,14.75,546,0.0,0.0,2023-07-17
2228,2023-07-17 11:15:00-04:00,14.739999771118164,14.739999771118164,14.739999771118164,14.739999771118164,1002,0.0,0.0,2023-07-17
2229,2023-07-17 11:20:00-04:00,14.739999771118164,14.739999771118164,14.739999771118164,14.739999771118164,302,0.0,0.0,2023-07-17
2230,2023-07-17 11:30:00-04:00,14.729999542236328,14.734999656677246,14.729999542236328,14.734999656677246,2300,0.0,0.0,2023-07-17
2231,2023-07-17 11:50:00-04:00,14.739999771118164,14.739999771118164,14.739999771118164,14.739999771118164,592,0.0,0.0,2023-07-17
2232,2023-07-17 12:20:00-04:00,14.739999771118164,14.739999771118164,14.739999771118164,14.739999771118164,200,0.0,0.0,2023-07-17
2233,2023-07-17 12:25:00-04:00,14.739999771118164,14.739999771118164,14.699999809265137,14.699999809265137,33974,0.0,0.0,2023-07-17
2234,2023-07-17 12:30:00-04:00,14.704999923706055,14.710000038146973,14.704999923706055,14.710000038146973,440,0.0,0.0,2023-07-17
2235,2023-07-17 12:35:00-04:00,14.710000038146973,14.710000038146973,14.704999923706055,14.704999923706055,3055,0.0,0.0,2023-07-17
2236,2023-07-17 12:40:00-04:00,14.710000038146973,14.71500015258789,14.710000038146973,14.71500015258789,1808,0.0,0.0,2023-07-17
2237,2023-07-17 12:45:00-04:00,14.720000267028809,14.720000267028809,14.720000267028809,14.720000267028809,460,0.0,0.0,2023-07-17
2238,2023-07-17 12:50:00-04:00,14.720000267028809,14.720000267028809,14.720000267028809,14.720000267028809,365,0.0,0.0,2023-07-17
2239,2023-07-17 12:55:00-04:00,14.720000267028809,14.720000267028809,14.720000267028809,14.720000267028809,418,0.0,0.0,2023-07-17
2240,2023-07-17 13:00:00-04:00,14.720000267028809,14.720000267028809,14.720000267028809,14.720000267028809,100,0.0,0.0,2023-07-17
2241,2023-07-17 13:05:00-04:00,14.71500015258789,14.720000267028809,14.71500015258789,14.720000267028809,505,0.0,0.0,2023-07-17
2242,2023-07-17 13:15:00-04:00,14.720000267028809,14.720000267028809,14.720000267028809,14.720000267028809,282,0.0,0.0,2023-07-17
2243,2023-07-17 13:20:00-04:00,14.720000267028809,14.720000267028809,14.720000267028809,14.720000267028809,525,0.0,0.0,2023-07-17
2244,2023-07-17 13:25:00-04:00,14.720000267028809,14.729999542236328,14.710000038146973,14.729999542236328,2798,0.0,0.0,2023-07-17
2245,2023-07-17 13:30:00-04:00,14.729999542236328,14.729999542236328,14.729999542236328,14.729999542236328,712,0.0,0.0,2023-07-17
2246,2023-07-17 13:35:00-04:00,14.729999542236328,14.729999542236328,14.729999542236328,14.729999542236328,477,0.0,0.0,2023-07-17
2247,2023-07-17 13:50:00-04:00,14.729999542236328,14.729999542236328,14.729999542236328,14.729999542236328,242,0.0,0.0,2023-07-17
2248,2023-07-17 14:05:00-04:00,14.729999542236328,14.729999542236328,14.729999542236328,14.729999542236328,529,0.0,0.0,2023-07-17
2249,2023-07-17 14:10:00-04:00,14.729999542236328,14.739999771118164,14.720000267028809,14.734999656677246,1403,0.0,0.0,2023-07-17
2250,2023-07-17 14:20:00-04:00,14.739999771118164,14.739999771118164,14.739999771118164,14.739999771118164,134,0.0,0.0,2023-07-17
2251,2023-07-17 14:30:00-04:00,14.734999656677246,14.734999656677246,14.734999656677246,14.734999656677246,120,0.0,0.0,2023-07-17
2252,2023-07-17 14:35:00-04:00,14.734999656677246,14.734999656677246,14.734999656677246,14.734999656677246,162,0.0,0.0,2023-07-17
2253,2023-07-17 14:50:00-04:00,14.739999771118164,14.739999771118164,14.739999771118164,14.739999771118164,715,0.0,0.0,2023-07-17
2254,2023-07-17 14:55:00-04:00,14.739999771118164,14.739999771118164,14.739999771118164,14.739999771118164,736,0.0,0.0,2023-07-17
2255,2023-07-17 15:05:00-04:00,14.739999771118164,14.739999771118164,14.739999771118164,14.739999771118164,1047,0.0,0.0,2023-07-17
2256,2023-07-17 15:10:00-04:00,14.734999656677246,14.734999656677246,14.734999656677246,14.734999656677246,252,0.0,0.0,2023-07-17
2257,2023-07-17 15:15:00-04:00,14.739999771118164,14.739999771118164,14.734999656677246,14.734999656677246,415,0.0,0.0,2023-07-17
2258,2023-07-17 15:20:00-04:00,14.739999771118164,14.739999771118164,14.739999771118164,14.739999771118164,460,0.0,0.0,2023-07-17
2259,2023-07-17 15:25:00-04:00,14.739999771118164,14.739999771118164,14.729999542236328,14.729999542236328,948,0.0,0.0,2023-07-17
2260,2023-07-17 15:30:00-04:00,14.734999656677246,14.734999656677246,14.734999656677246,14.734999656677246,293,0.0,0.0,2023-07-17
2261,2023-07-17 15:35:00-04:00,14.739999771118164,14.739999771118164,14.739999771118164,14.739999771118164,646,0.0,0.0,2023-07-17
2262,2023-07-17 15:45:00-04:00,14.739999771118164,14.739999771118164,14.729999542236328,14.739999771118164,1104,0.0,0.0,2023-07-17
2263,2023-07-17 15:50:00-04:00,14.729999542236328,14.744999885559082,14.729999542236328,14.739999771118164,1755,0.0,0.0,2023-07-17
2264,2023-07-17 15:55:00-04:00,14.739999771118164,14.75,14.739999771118164,14.75,28938,0.0,0.0,2023-07-17
2265,2023-07-18 09:30:00-04:00,14.75,14.75,14.75,14.75,1113,0.0,0.0,2023-07-18
2266,2023-07-18 09:35:00-04:00,14.760000228881836,14.760000228881836,14.760000228881836,14.760000228881836,513,0.0,0.0,2023-07-18
2267,2023-07-18 09:40:00-04:00,14.760000228881836,14.760000228881836,14.755000114440918,14.755000114440918,2821,0.0,0.0,2023-07-18
2268,2023-07-18 09:45:00-04:00,14.75,14.75,14.75,14.75,100,0.0,0.0,2023-07-18
2269,2023-07-18 09:55:00-04:00,14.75,14.75,14.75,14.75,2608,0.0,0.0,2023-07-18
2270,2023-07-18 10:00:00-04:00,14.75,14.75,14.75,14.75,904,0.0,0.0,2023-07-18
2271,2023-07-18 10:15:00-04:00,14.755000114440918,14.755000114440918,14.755000114440918,14.755000114440918,2694,0.0,0.0,2023-07-18
2272,2023-07-18 10:25:00-04:00,14.75,14.75,14.75,14.75,131,0.0,0.0,2023-07-18
2273,2023-07-18 10:30:00-04:00,14.75,14.75,14.75,14.75,458,0.0,0.0,2023-07-18
2274,2023-07-18 10:40:00-04:00,14.75,14.75,14.75,14.75,633,0.0,0.0,2023-07-18
2275,2023-07-18 11:05:00-04:00,14.760000228881836,14.760000228881836,14.760000228881836,14.760000228881836,420,0.0,0.0,2023-07-18
2276,2023-07-18 11:20:00-04:00,14.755000114440918,14.760000228881836,14.755000114440918,14.760000228881836,1131,0.0,0.0,2023-07-18
2277,2023-07-18 11:30:00-04:00,14.755000114440918,14.755000114440918,14.755000114440918,14.755000114440918,4519,0.0,0.0,2023-07-18
2278,2023-07-18 11:40:00-04:00,14.75,14.75,14.75,14.75,691,0.0,0.0,2023-07-18
2279,2023-07-18 11:45:00-04:00,14.755000114440918,14.755000114440918,14.755000114440918,14.755000114440918,5364,0.0,0.0,2023-07-18
2280,2023-07-18 12:15:00-04:00,14.760000228881836,14.760000228881836,14.755000114440918,14.755000114440918,480,0.0,0.0,2023-07-18
2281,2023-07-18 12:25:00-04:00,14.75,14.75,14.75,14.75,118,0.0,0.0,2023-07-18
2282,2023-07-18 12:30:00-04:00,14.75,14.75,14.75,14.75,139,0.0,0.0,2023-07-18
2283,2023-07-18 12:40:00-04:00,14.75,14.75,14.75,14.75,201,0.0,0.0,2023-07-18
2284,2023-07-18 12:45:00-04:00,14.755000114440918,14.755000114440918,14.755000114440918,14.755000114440918,260,0.0,0.0,2023-07-18
2285,2023-07-18 12:55:00-04:00,14.755000114440918,14.760000228881836,14.755000114440918,14.760000228881836,928,0.0,0.0,2023-07-18
2286,2023-07-18 13:00:00-04:00,14.755000114440918,14.755000114440918,14.755000114440918,14.755000114440918,205,0.0,0.0,2023-07-18
2287,2023-07-18 13:20:00-04:00,14.755000114440918,14.755000114440918,14.75,14.75,7226,0.0,0.0,2023-07-18
2288,2023-07-18 14:10:00-04:00,14.755000114440918,14.755000114440918,14.750200271606445,14.750200271606445,423,0.0,0.0,2023-07-18
2289,2023-07-18 14:15:00-04:00,14.755000114440918,14.755000114440918,14.755000114440918,14.755000114440918,152,0.0,0.0,2023-07-18
2290,2023-07-18 14:20:00-04:00,14.760000228881836,14.760000228881836,14.760000228881836,14.760000228881836,230,0.0,0.0,2023-07-18
2291,2023-07-18 14:30:00-04:00,14.755000114440918,14.755000114440918,14.755000114440918,14.755000114440918,414,0.0,0.0,2023-07-18
2292,2023-07-18 14:40:00-04:00,14.755000114440918,14.755000114440918,14.755000114440918,14.755000114440918,2300,0.0,0.0,2023-07-18
2293,2023-07-18 14:45:00-04:00,14.760000228881836,14.760000228881836,14.755000114440918,14.760000228881836,1480,0.0,0.0,2023-07-18
2294,2023-07-18 14:50:00-04:00,14.75,14.75,14.75,14.75,408,0.0,0.0,2023-07-18
2295,2023-07-18 14:55:00-04:00,14.755000114440918,14.760000228881836,14.755000114440918,14.760000228881836,1061,0.0,0.0,2023-07-18
2296,2023-07-18 15:20:00-04:00,14.760000228881836,14.760000228881836,14.75,14.75,657,0.0,0.0,2023-07-18
2297,2023-07-18 15:30:00-04:00,14.755000114440918,14.755000114440918,14.755000114440918,14.755000114440918,749,0.0,0.0,2023-07-18
2298,2023-07-18 15:35:00-04:00,14.75,14.75,14.75,14.75,806,0.0,0.0,2023-07-18
2299,2023-07-18 15:40:00-04:00,14.75,14.75,14.75,14.75,525,0.0,0.0,2023-07-18
2300,2023-07-18 15:45:00-04:00,14.760000228881836,14.760000228881836,14.75,14.755000114440918,2182,0.0,0.0,2023-07-18
2301,2023-07-18 15:50:00-04:00,14.755000114440918,14.755000114440918,14.75,14.755000114440918,1235,0.0,0.0,2023-07-18
2302,2023-07-18 15:55:00-04:00,14.75,14.760000228881836,14.75,14.760000228881836,8024,0.0,0.0,2023-07-18
2303,2023-07-19 09:30:00-04:00,14.760000228881836,14.774999618530273,14.760000228881836,14.770000457763672,2693,0.0,0.0,2023-07-19
2304,2023-07-19 09:35:00-04:00,14.770000457763672,14.779999732971191,14.760000228881836,14.760000228881836,2762,0.0,0.0,2023-07-19
2305,2023-07-19 09:40:00-04:00,14.75,14.75,14.75,14.75,277,0.0,0.0,2023-07-19
2306,2023-07-19 09:45:00-04:00,14.75,14.760000228881836,14.75,14.760000228881836,851,0.0,0.0,2023-07-19
2307,2023-07-19 09:50:00-04:00,14.760000228881836,14.760000228881836,14.75,14.755000114440918,2815,0.0,0.0,2023-07-19
2308,2023-07-19 09:55:00-04:00,14.755000114440918,14.755000114440918,14.75,14.75,1314,0.0,0.0,2023-07-19
2309,2023-07-19 10:00:00-04:00,14.755000114440918,14.755000114440918,14.755000114440918,14.755000114440918,104,0.0,0.0,2023-07-19
2310,2023-07-19 10:05:00-04:00,14.755000114440918,14.760000228881836,14.75,14.75,8607,0.0,0.0,2023-07-19
2311,2023-07-19 10:10:00-04:00,14.755000114440918,14.755000114440918,14.75,14.75,6288,0.0,0.0,2023-07-19
2312,2023-07-19 10:15:00-04:00,14.75,14.755000114440918,14.75,14.755000114440918,700,0.0,0.0,2023-07-19
2313,2023-07-19 10:20:00-04:00,14.75,14.75,14.75,14.75,681,0.0,0.0,2023-07-19
2314,2023-07-19 10:25:00-04:00,14.75,14.75,14.75,14.75,511,0.0,0.0,2023-07-19
2315,2023-07-19 10:30:00-04:00,14.75,14.755000114440918,14.75,14.75,3212,0.0,0.0,2023-07-19
2316,2023-07-19 10:35:00-04:00,14.75,14.75,14.75,14.75,403,0.0,0.0,2023-07-19
2317,2023-07-19 10:40:00-04:00,14.75,14.75,14.75,14.75,343,0.0,0.0,2023-07-19
2318,2023-07-19 10:45:00-04:00,14.75,14.75,14.75,14.75,504,0.0,0.0,2023-07-19
2319,2023-07-19 10:50:00-04:00,14.75,14.75,14.75,14.75,498,0.0,0.0,2023-07-19
2320,2023-07-19 10:55:00-04:00,14.75,14.759900093078613,14.75,14.75,862,0.0,0.0,2023-07-19
2321,2023-07-19 11:00:00-04:00,14.75,14.75,14.75,14.75,681,0.0,0.0,2023-07-19
2322,2023-07-19 11:10:00-04:00,14.75,14.75,14.75,14.75,256,0.0,0.0,2023-07-19
2323,2023-07-19 11:20:00-04:00,14.75,14.75,14.75,14.75,556,0.0,0.0,2023-07-19
2324,2023-07-19 11:30:00-04:00,14.75,14.75,14.75,14.75,224,0.0,0.0,2023-07-19
2325,2023-07-19 11:35:00-04:00,14.75,14.75,14.75,14.75,339,0.0,0.0,2023-07-19
2326,2023-07-19 11:45:00-04:00,14.75,14.75,14.75,14.75,101,0.0,0.0,2023-07-19
2327,2023-07-19 11:50:00-04:00,14.75,14.75,14.75,14.75,746,0.0,0.0,2023-07-19
2328,2023-07-19 12:00:00-04:00,14.75,14.75,14.75,14.75,239,0.0,0.0,2023-07-19
2329,2023-07-19 12:05:00-04:00,14.75,14.75,14.75,14.75,104,0.0,0.0,2023-07-19
2330,2023-07-19 12:10:00-04:00,14.760000228881836,14.760000228881836,14.755000114440918,14.755000114440918,385,0.0,0.0,2023-07-19
2331,2023-07-19 12:15:00-04:00,14.755000114440918,14.755000114440918,14.755000114440918,14.755000114440918,183,0.0,0.0,2023-07-19
2332,2023-07-19 12:20:00-04:00,14.75,14.75,14.75,14.75,343,0.0,0.0,2023-07-19
2333,2023-07-19 12:35:00-04:00,14.75,14.75,14.75,14.75,302,0.0,0.0,2023-07-19
2334,2023-07-19 12:40:00-04:00,14.75,14.75,14.75,14.75,100,0.0,0.0,2023-07-19
2335,2023-07-19 12:45:00-04:00,14.75,14.75,14.75,14.75,474,0.0,0.0,2023-07-19
2336,2023-07-19 12:55:00-04:00,14.75,14.75,14.75,14.75,609,0.0,0.0,2023-07-19
2337,2023-07-19 13:00:00-04:00,14.75,14.75,14.75,14.75,204,0.0,0.0,2023-07-19
2338,2023-07-19 13:10:00-04:00,14.755000114440918,14.760000228881836,14.75,14.760000228881836,802,0.0,0.0,2023-07-19
2339,2023-07-19 13:15:00-04:00,14.75,14.75,14.739999771118164,14.744999885559082,17928,0.0,0.0,2023-07-19
2340,2023-07-19 13:35:00-04:00,14.75,14.75,14.75,14.75,535,0.0,0.0,2023-07-19
2341,2023-07-19 13:45:00-04:00,14.75,14.75,14.75,14.75,144,0.0,0.0,2023-07-19
2342,2023-07-19 13:50:00-04:00,14.75,14.75,14.75,14.75,112,0.0,0.0,2023-07-19
2343,2023-07-19 13:55:00-04:00,14.744999885559082,14.75,14.744999885559082,14.75,737,0.0,0.0,2023-07-19
2344,2023-07-19 14:00:00-04:00,14.739999771118164,14.760000228881836,14.739999771118164,14.760000228881836,7667,0.0,0.0,2023-07-19
2345,2023-07-19 14:05:00-04:00,14.760000228881836,14.760000228881836,14.760000228881836,14.760000228881836,100,0.0,0.0,2023-07-19
2346,2023-07-19 14:10:00-04:00,14.75,14.755000114440918,14.75,14.75,2122,0.0,0.0,2023-07-19
2347,2023-07-19 14:15:00-04:00,14.75,14.760000228881836,14.75,14.760000228881836,501,0.0,0.0,2023-07-19
2348,2023-07-19 14:20:00-04:00,14.755000114440918,14.755000114440918,14.75,14.75,243,0.0,0.0,2023-07-19
2349,2023-07-19 14:25:00-04:00,14.760000228881836,14.760000228881836,14.75,14.75,713,0.0,0.0,2023-07-19
2350,2023-07-19 14:30:00-04:00,14.75,14.760000228881836,14.75,14.760000228881836,820,0.0,0.0,2023-07-19
2351,2023-07-19 14:35:00-04:00,14.75,14.760000228881836,14.75,14.755000114440918,713,0.0,0.0,2023-07-19
2352,2023-07-19 14:40:00-04:00,14.75,14.75,14.75,14.75,500,0.0,0.0,2023-07-19
2353,2023-07-19 14:45:00-04:00,14.760000228881836,14.760000228881836,14.760000228881836,14.760000228881836,133,0.0,0.0,2023-07-19
2354,2023-07-19 14:55:00-04:00,14.760000228881836,14.760000228881836,14.744999885559082,14.744999885559082,4860,0.0,0.0,2023-07-19
2355,2023-07-19 15:00:00-04:00,14.739999771118164,14.739999771118164,14.739999771118164,14.739999771118164,226,0.0,0.0,2023-07-19
2356,2023-07-19 15:05:00-04:00,14.739999771118164,14.739999771118164,14.739999771118164,14.739999771118164,518,0.0,0.0,2023-07-19
2357,2023-07-19 15:10:00-04:00,14.739999771118164,14.739999771118164,14.739999771118164,14.739999771118164,153,0.0,0.0,2023-07-19
2358,2023-07-19 15:20:00-04:00,14.75,14.75,14.739999771118164,14.739999771118164,693,0.0,0.0,2023-07-19
2359,2023-07-19 15:40:00-04:00,14.739999771118164,14.739999771118164,14.739999771118164,14.739999771118164,100,0.0,0.0,2023-07-19
2360,2023-07-19 15:45:00-04:00,14.739999771118164,14.739999771118164,14.739999771118164,14.739999771118164,1389,0.0,0.0,2023-07-19
2361,2023-07-19 15:50:00-04:00,14.744999885559082,14.75,14.739999771118164,14.75,3614,0.0,0.0,2023-07-19
2362,2023-07-19 15:55:00-04:00,14.739999771118164,14.75,14.739999771118164,14.739999771118164,11497,0.0,0.0,2023-07-19
2363,2023-07-20 09:30:00-04:00,14.75,14.770000457763672,14.75,14.760000228881836,0,0.0,0.0,2023-07-20
2364,2023-07-20 09:35:00-04:00,14.75,14.75,14.75,14.75,381,0.0,0.0,2023-07-20
2365,2023-07-20 09:40:00-04:00,14.75,14.75,14.75,14.75,674,0.0,0.0,2023-07-20
2366,2023-07-20 09:45:00-04:00,14.760000228881836,14.760000228881836,14.760000228881836,14.760000228881836,227,0.0,0.0,2023-07-20
2367,2023-07-20 10:50:00-04:00,14.755000114440918,14.755000114440918,14.755000114440918,14.755000114440918,215,0.0,0.0,2023-07-20
2368,2023-07-20 10:55:00-04:00,14.75,14.75,14.75,14.75,815,0.0,0.0,2023-07-20
2369,2023-07-20 11:00:00-04:00,14.75,14.760000228881836,14.75,14.755000114440918,301,0.0,0.0,2023-07-20
2370,2023-07-20 11:05:00-04:00,14.755000114440918,14.755000114440918,14.75,14.75,2065,0.0,0.0,2023-07-20
2371,2023-07-20 11:20:00-04:00,14.760000228881836,14.760000228881836,14.760000228881836,14.760000228881836,101,0.0,0.0,2023-07-20
2372,2023-07-20 11:25:00-04:00,14.760000228881836,14.760000228881836,14.760000228881836,14.760000228881836,103,0.0,0.0,2023-07-20
2373,2023-07-20 11:30:00-04:00,14.75,14.760000228881836,14.75,14.760000228881836,1131,0.0,0.0,2023-07-20
2374,2023-07-20 11:35:00-04:00,14.75,14.760000228881836,14.75,14.760000228881836,349,0.0,0.0,2023-07-20
2375,2023-07-20 11:40:00-04:00,14.75,14.760000228881836,14.75,14.760000228881836,642,0.0,0.0,2023-07-20
2376,2023-07-20 11:45:00-04:00,14.760000228881836,14.760000228881836,14.760000228881836,14.760000228881836,175,0.0,0.0,2023-07-20
2377,2023-07-20 11:50:00-04:00,14.755000114440918,14.755000114440918,14.755000114440918,14.755000114440918,100,0.0,0.0,2023-07-20
2378,2023-07-20 11:55:00-04:00,14.760000228881836,14.760000228881836,14.75,14.75,249,0.0,0.0,2023-07-20
2379,2023-07-20 12:05:00-04:00,14.75,14.755000114440918,14.75,14.755000114440918,341,0.0,0.0,2023-07-20
2380,2023-07-20 12:15:00-04:00,14.75,14.755000114440918,14.75,14.75,795,0.0,0.0,2023-07-20
2381,2023-07-20 12:20:00-04:00,14.760000228881836,14.760000228881836,14.760000228881836,14.760000228881836,111,0.0,0.0,2023-07-20
2382,2023-07-20 12:25:00-04:00,14.75,14.760000228881836,14.75,14.755000114440918,390,0.0,0.0,2023-07-20
2383,2023-07-20 12:35:00-04:00,14.760000228881836,14.760000228881836,14.755000114440918,14.755000114440918,426,0.0,0.0,2023-07-20
2384,2023-07-20 12:40:00-04:00,14.760000228881836,14.760000228881836,14.75,14.75,251,0.0,0.0,2023-07-20
2385,2023-07-20 12:45:00-04:00,14.755000114440918,14.760000228881836,14.755000114440918,14.760000228881836,367,0.0,0.0,2023-07-20
2386,2023-07-20 12:50:00-04:00,14.760000228881836,14.760000228881836,14.755000114440918,14.755000114440918,4337,0.0,0.0,2023-07-20
2387,2023-07-20 13:00:00-04:00,14.755000114440918,14.755000114440918,14.75,14.75,235,0.0,0.0,2023-07-20
2388,2023-07-20 13:05:00-04:00,14.760000228881836,14.760000228881836,14.760000228881836,14.760000228881836,100,0.0,0.0,2023-07-20
2389,2023-07-20 13:10:00-04:00,14.760000228881836,14.760000228881836,14.75,14.75,4743,0.0,0.0,2023-07-20
2390,2023-07-20 13:15:00-04:00,14.755000114440918,14.755000114440918,14.75,14.75,4287,0.0,0.0,2023-07-20
2391,2023-07-20 13:20:00-04:00,14.75,14.75,14.739999771118164,14.739999771118164,2752,0.0,0.0,2023-07-20
2392,2023-07-20 13:25:00-04:00,14.739999771118164,14.744999885559082,14.739999771118164,14.739999771118164,2025,0.0,0.0,2023-07-20
2393,2023-07-20 13:30:00-04:00,14.739999771118164,14.744999885559082,14.739999771118164,14.744999885559082,2038,0.0,0.0,2023-07-20
2394,2023-07-20 13:35:00-04:00,14.75,14.75,14.739999771118164,14.75,590,0.0,0.0,2023-07-20
2395,2023-07-20 13:40:00-04:00,14.75,14.75,14.75,14.75,283,0.0,0.0,2023-07-20
2396,2023-07-20 13:45:00-04:00,14.75,14.75,14.75,14.75,401,0.0,0.0,2023-07-20
2397,2023-07-20 13:50:00-04:00,14.75,14.75,14.75,14.75,664,0.0,0.0,2023-07-20
2398,2023-07-20 13:55:00-04:00,14.75,14.75,14.75,14.75,323,0.0,0.0,2023-07-20
2399,2023-07-20 14:00:00-04:00,14.75,14.75,14.75,14.75,249,0.0,0.0,2023-07-20
2400,2023-07-20 14:05:00-04:00,14.75,14.75,14.75,14.75,314,0.0,0.0,2023-07-20
2401,2023-07-20 14:10:00-04:00,14.744999885559082,14.75,14.744999885559082,14.75,421,0.0,0.0,2023-07-20
2402,2023-07-20 14:15:00-04:00,14.75,14.75,14.75,14.75,293,0.0,0.0,2023-07-20
2403,2023-07-20 14:20:00-04:00,14.75,14.75,14.75,14.75,221,0.0,0.0,2023-07-20
2404,2023-07-20 14:25:00-04:00,14.75,14.75,14.75,14.75,267,0.0,0.0,2023-07-20
2405,2023-07-20 14:30:00-04:00,14.75,14.75,14.75,14.75,446,0.0,0.0,2023-07-20
2406,2023-07-20 14:35:00-04:00,14.75,14.75,14.744199752807617,14.75,1346,0.0,0.0,2023-07-20
2407,2023-07-20 14:40:00-04:00,14.75,14.75,14.75,14.75,179,0.0,0.0,2023-07-20
2408,2023-07-20 14:45:00-04:00,14.75,14.75,14.75,14.75,244,0.0,0.0,2023-07-20
2409,2023-07-20 14:50:00-04:00,14.75,14.75,14.75,14.75,232,0.0,0.0,2023-07-20
2410,2023-07-20 14:55:00-04:00,14.75,14.75,14.75,14.75,1347,0.0,0.0,2023-07-20
2411,2023-07-20 15:00:00-04:00,14.75,14.75,14.75,14.75,434,0.0,0.0,2023-07-20
2412,2023-07-20 15:05:00-04:00,14.75,14.75,14.744999885559082,14.75,517,0.0,0.0,2023-07-20
2413,2023-07-20 15:10:00-04:00,14.75,14.75,14.75,14.75,186,0.0,0.0,2023-07-20
2414,2023-07-20 15:15:00-04:00,14.75,14.75,14.75,14.75,217,0.0,0.0,2023-07-20
2415,2023-07-20 15:20:00-04:00,14.75,14.75,14.75,14.75,322,0.0,0.0,2023-07-20
2416,2023-07-20 15:35:00-04:00,14.75,14.75,14.75,14.75,501,0.0,0.0,2023-07-20
2417,2023-07-20 15:45:00-04:00,14.75,14.75,14.75,14.75,1942,0.0,0.0,2023-07-20
2418,2023-07-20 15:50:00-04:00,14.75,14.760000228881836,14.75,14.760000228881836,4083,0.0,0.0,2023-07-20
2419,2023-07-20 15:55:00-04:00,14.75,14.760000228881836,14.75,14.760000228881836,7897,0.0,0.0,2023-07-20
2420,2023-07-21 09:30:00-04:00,14.770000457763672,14.770000457763672,14.75,14.75,0,0.0,0.0,2023-07-21
2421,2023-07-21 09:40:00-04:00,14.75,14.75,14.75,14.75,125,0.0,0.0,2023-07-21
2422,2023-07-21 09:45:00-04:00,14.760000228881836,14.760000228881836,14.75,14.75,313,0.0,0.0,2023-07-21
2423,2023-07-21 09:50:00-04:00,14.75,14.760000228881836,14.75,14.75,3197,0.0,0.0,2023-07-21
2424,2023-07-21 10:05:00-04:00,14.760000228881836,14.760000228881836,14.755000114440918,14.755000114440918,325,0.0,0.0,2023-07-21
2425,2023-07-21 10:10:00-04:00,14.760000228881836,14.760000228881836,14.755000114440918,14.760000228881836,3595,0.0,0.0,2023-07-21
2426,2023-07-21 10:25:00-04:00,14.75,14.755000114440918,14.75,14.755000114440918,382,0.0,0.0,2023-07-21
2427,2023-07-21 10:30:00-04:00,14.75,14.760000228881836,14.75,14.760000228881836,3857,0.0,0.0,2023-07-21
2428,2023-07-21 10:35:00-04:00,14.760000228881836,14.760000228881836,14.75,14.760000228881836,962,0.0,0.0,2023-07-21
2429,2023-07-21 10:45:00-04:00,14.75,14.75,14.75,14.75,419,0.0,0.0,2023-07-21
2430,2023-07-21 10:55:00-04:00,14.75,14.75,14.75,14.75,366,0.0,0.0,2023-07-21
2431,2023-07-21 11:10:00-04:00,14.75,14.75,14.75,14.75,429,0.0,0.0,2023-07-21
2432,2023-07-21 11:30:00-04:00,14.760000228881836,14.760000228881836,14.760000228881836,14.760000228881836,2433,0.0,0.0,2023-07-21
2433,2023-07-21 11:35:00-04:00,14.770000457763672,14.770000457763672,14.770000457763672,14.770000457763672,501,0.0,0.0,2023-07-21
2434,2023-07-21 11:50:00-04:00,14.770000457763672,14.770000457763672,14.770000457763672,14.770000457763672,414,0.0,0.0,2023-07-21
2435,2023-07-21 12:00:00-04:00,14.760000228881836,14.770000457763672,14.760000228881836,14.765000343322754,2693,0.0,0.0,2023-07-21
2436,2023-07-21 12:05:00-04:00,14.765000343322754,14.765000343322754,14.765000343322754,14.765000343322754,233,0.0,0.0,2023-07-21
2437,2023-07-21 12:15:00-04:00,14.770000457763672,14.770000457763672,14.770000457763672,14.770000457763672,2068,0.0,0.0,2023-07-21
2438,2023-07-21 12:20:00-04:00,14.770000457763672,14.770000457763672,14.770000457763672,14.770000457763672,268,0.0,0.0,2023-07-21
2439,2023-07-21 12:30:00-04:00,14.760000228881836,14.765000343322754,14.760000228881836,14.765000343322754,1952,0.0,0.0,2023-07-21
2440,2023-07-21 12:35:00-04:00,14.760000228881836,14.760000228881836,14.760000228881836,14.760000228881836,173,0.0,0.0,2023-07-21
2441,2023-07-21 12:40:00-04:00,14.760000228881836,14.760000228881836,14.760000228881836,14.760000228881836,471,0.0,0.0,2023-07-21
2442,2023-07-21 12:55:00-04:00,14.770000457763672,14.770000457763672,14.770000457763672,14.770000457763672,457,0.0,0.0,2023-07-21
2443,2023-07-21 13:40:00-04:00,14.770000457763672,14.770000457763672,14.770000457763672,14.770000457763672,1951,0.0,0.0,2023-07-21
2444,2023-07-21 13:45:00-04:00,14.770000457763672,14.770000457763672,14.770000457763672,14.770000457763672,100,0.0,0.0,2023-07-21
2445,2023-07-21 13:50:00-04:00,14.770000457763672,14.770000457763672,14.770000457763672,14.770000457763672,325,0.0,0.0,2023-07-21
2446,2023-07-21 14:05:00-04:00,14.770000457763672,14.770000457763672,14.770000457763672,14.770000457763672,242,0.0,0.0,2023-07-21
2447,2023-07-21 14:20:00-04:00,14.770000457763672,14.770000457763672,14.770000457763672,14.770000457763672,118,0.0,0.0,2023-07-21
2448,2023-07-21 14:30:00-04:00,14.774999618530273,14.774999618530273,14.774999618530273,14.774999618530273,115,0.0,0.0,2023-07-21
2449,2023-07-21 14:40:00-04:00,14.774999618530273,14.774999618530273,14.774999618530273,14.774999618530273,146,0.0,0.0,2023-07-21
2450,2023-07-21 14:50:00-04:00,14.774999618530273,14.774999618530273,14.770000457763672,14.774999618530273,1758,0.0,0.0,2023-07-21
2451,2023-07-21 15:15:00-04:00,14.774999618530273,14.774999618530273,14.774999618530273,14.774999618530273,558,0.0,0.0,2023-07-21
2452,2023-07-21 15:30:00-04:00,14.779999732971191,14.779999732971191,14.779999732971191,14.779999732971191,508,0.0,0.0,2023-07-21
2453,2023-07-21 15:40:00-04:00,14.774999618530273,14.774999618530273,14.770000457763672,14.774999618530273,409,0.0,0.0,2023-07-21
2454,2023-07-21 15:45:00-04:00,14.770000457763672,14.770000457763672,14.760000228881836,14.765000343322754,2228,0.0,0.0,2023-07-21
2455,2023-07-21 15:50:00-04:00,14.760000228881836,14.765000343322754,14.760000228881836,14.765000343322754,1553,0.0,0.0,2023-07-21
2456,2023-07-21 15:55:00-04:00,14.765000343322754,14.770000457763672,14.760000228881836,14.760000228881836,7108,0.0,0.0,2023-07-21
