,Timestamp,Open,High,Low,Close,Volume,Dividends,Stock Splits,Date
0,2023-06-23 09:30:00-04:00,1.1200000047683716,1.1200000047683716,1.100000023841858,1.1096999645233154,99035,0.0,0.0,2023-06-23
1,2023-06-23 09:31:00-04:00,1.1050000190734863,1.1100000143051147,1.100000023841858,1.100000023841858,56085,0.0,0.0,2023-06-23
2,2023-06-23 09:32:00-04:00,1.1100000143051147,1.1150000095367432,1.1100000143051147,1.1150000095367432,18152,0.0,0.0,2023-06-23
3,2023-06-23 09:33:00-04:00,1.1100000143051147,1.1100000143051147,1.1009999513626099,1.1009999513626099,117487,0.0,0.0,2023-06-23
4,2023-06-23 09:34:00-04:00,1.1050000190734863,1.1200000047683716,1.1050000190734863,1.1129000186920166,62934,0.0,0.0,2023-06-23
5,2023-06-23 09:35:00-04:00,1.1196000576019287,1.1196000576019287,1.1150000095367432,1.1167000532150269,4899,0.0,0.0,2023-06-23
6,2023-06-23 09:36:00-04:00,1.1150000095367432,1.1200000047683716,1.1150000095367432,1.1200000047683716,1764,0.0,0.0,2023-06-23
7,2023-06-23 09:37:00-04:00,1.118299961090088,1.1200000047683716,1.1116000413894653,1.1200000047683716,6212,0.0,0.0,2023-06-23
8,2023-06-23 09:38:00-04:00,1.1200000047683716,1.1200000047683716,1.1100000143051147,1.1100000143051147,3034,0.0,0.0,2023-06-23
9,2023-06-23 09:39:00-04:00,1.1200000047683716,1.1200000047683716,1.100000023841858,1.1095000505447388,25694,0.0,0.0,2023-06-23
10,2023-06-23 09:40:00-04:00,1.1095999479293823,1.1100000143051147,1.100000023841858,1.1100000143051147,4425,0.0,0.0,2023-06-23
11,2023-06-23 09:41:00-04:00,1.1033999919891357,1.1100000143051147,1.100000023841858,1.100000023841858,7131,0.0,0.0,2023-06-23
12,2023-06-23 09:42:00-04:00,1.100000023841858,1.1100000143051147,1.100000023841858,1.1090999841690063,3418,0.0,0.0,2023-06-23
13,2023-06-23 09:43:00-04:00,1.1050000190734863,1.107800006866455,1.100000023841858,1.1050000190734863,8170,0.0,0.0,2023-06-23
14,2023-06-23 09:44:00-04:00,1.1096999645233154,1.1100000143051147,1.100000023841858,1.100000023841858,2578,0.0,0.0,2023-06-23
15,2023-06-23 09:45:00-04:00,1.1026999950408936,1.1100000143051147,1.1026999950408936,1.1100000143051147,2393,0.0,0.0,2023-06-23
16,2023-06-23 09:46:00-04:00,1.100000023841858,1.1050000190734863,1.100000023841858,1.100000023841858,10182,0.0,0.0,2023-06-23
17,2023-06-23 09:47:00-04:00,1.100000023841858,1.1098999977111816,1.100000023841858,1.100000023841858,8443,0.0,0.0,2023-06-23
18,2023-06-23 09:48:00-04:00,1.100000023841858,1.1098999977111816,1.100000023841858,1.1088000535964966,949,0.0,0.0,2023-06-23
19,2023-06-23 09:49:00-04:00,1.100000023841858,1.1092000007629395,1.100000023841858,1.100000023841858,23417,0.0,0.0,2023-06-23
20,2023-06-23 09:50:00-04:00,1.100000023841858,1.1060999631881714,1.100000023841858,1.1060999631881714,19241,0.0,0.0,2023-06-23
21,2023-06-23 09:51:00-04:00,1.1050000190734863,1.1100000143051147,1.100000023841858,1.1100000143051147,5158,0.0,0.0,2023-06-23
22,2023-06-23 09:52:00-04:00,1.100000023841858,1.1085000038146973,1.100000023841858,1.100000023841858,2721,0.0,0.0,2023-06-23
23,2023-06-23 09:53:00-04:00,1.100000023841858,1.1098999977111816,1.100000023841858,1.100000023841858,9316,0.0,0.0,2023-06-23
24,2023-06-23 09:54:00-04:00,1.100000023841858,1.1150000095367432,1.100000023841858,1.1150000095367432,35561,0.0,0.0,2023-06-23
25,2023-06-23 09:55:00-04:00,1.1150000095367432,1.1150000095367432,1.1043000221252441,1.1050000190734863,13872,0.0,0.0,2023-06-23
26,2023-06-23 09:56:00-04:00,1.1098999977111816,1.1100000143051147,1.100000023841858,1.1090999841690063,1101,0.0,0.0,2023-06-23
27,2023-06-23 09:57:00-04:00,1.1050000190734863,1.1085000038146973,1.1050000190734863,1.1085000038146973,810,0.0,0.0,2023-06-23
28,2023-06-23 09:58:00-04:00,1.1098999977111816,1.1098999977111816,1.100000023841858,1.1092000007629395,11505,0.0,0.0,2023-06-23
29,2023-06-23 09:59:00-04:00,1.1088000535964966,1.1100000143051147,1.1088000535964966,1.1100000143051147,921,0.0,0.0,2023-06-23
30,2023-06-23 10:00:00-04:00,1.1050000190734863,1.1100000143051147,1.100000023841858,1.1050000190734863,57288,0.0,0.0,2023-06-23
31,2023-06-23 10:01:00-04:00,1.1050000190734863,1.107200026512146,1.100000023841858,1.100000023841858,2438,0.0,0.0,2023-06-23
32,2023-06-23 10:02:00-04:00,1.1050000190734863,1.1100000143051147,1.1033999919891357,1.1033999919891357,1870,0.0,0.0,2023-06-23
33,2023-06-23 10:03:00-04:00,1.1050000190734863,1.1053999662399292,1.1009000539779663,1.1009000539779663,2296,0.0,0.0,2023-06-23
34,2023-06-23 10:04:00-04:00,1.100000023841858,1.1085000038146973,1.100000023841858,1.1050000190734863,7508,0.0,0.0,2023-06-23
35,2023-06-23 10:05:00-04:00,1.1100000143051147,1.1100000143051147,1.100000023841858,1.100000023841858,2207,0.0,0.0,2023-06-23
36,2023-06-23 10:06:00-04:00,1.100000023841858,1.1100000143051147,1.100000023841858,1.1100000143051147,11164,0.0,0.0,2023-06-23
37,2023-06-23 10:07:00-04:00,1.1050000190734863,1.1050000190734863,1.100000023841858,1.100000023841858,3366,0.0,0.0,2023-06-23
38,2023-06-23 10:08:00-04:00,1.1050000190734863,1.1100000143051147,1.100000023841858,1.1050000190734863,16000,0.0,0.0,2023-06-23
39,2023-06-23 10:09:00-04:00,1.100000023841858,1.1050000190734863,1.100000023841858,1.100000023841858,769,0.0,0.0,2023-06-23
40,2023-06-23 10:10:00-04:00,1.100000023841858,1.1095000505447388,1.100000023841858,1.100000023841858,6613,0.0,0.0,2023-06-23
41,2023-06-23 10:11:00-04:00,1.100000023841858,1.1100000143051147,1.100000023841858,1.100000023841858,8020,0.0,0.0,2023-06-23
42,2023-06-23 10:12:00-04:00,1.1031999588012695,1.1085000038146973,1.100000023841858,1.100000023841858,5453,0.0,0.0,2023-06-23
43,2023-06-23 10:13:00-04:00,1.1050000190734863,1.1054999828338623,1.100000023841858,1.100000023841858,4604,0.0,0.0,2023-06-23
44,2023-06-23 10:14:00-04:00,1.100000023841858,1.1090999841690063,1.100000023841858,1.1090999841690063,1251,0.0,0.0,2023-06-23
45,2023-06-23 10:15:00-04:00,1.1100000143051147,1.1100000143051147,1.100000023841858,1.1050000190734863,4296,0.0,0.0,2023-06-23
46,2023-06-23 10:16:00-04:00,1.1044000387191772,1.1085000038146973,1.100000023841858,1.1085000038146973,3558,0.0,0.0,2023-06-23
47,2023-06-23 10:17:00-04:00,1.100000023841858,1.1085000038146973,1.100000023841858,1.1050000190734863,2856,0.0,0.0,2023-06-23
48,2023-06-23 10:18:00-04:00,1.100000023841858,1.1100000143051147,1.100000023841858,1.1050000190734863,2145,0.0,0.0,2023-06-23
49,2023-06-23 10:19:00-04:00,1.100000023841858,1.1015000343322754,1.100000023841858,1.100000023841858,411,0.0,0.0,2023-06-23
50,2023-06-23 10:20:00-04:00,1.100000023841858,1.1100000143051147,1.100000023841858,1.100000023841858,7202,0.0,0.0,2023-06-23
51,2023-06-23 10:21:00-04:00,1.100000023841858,1.1100000143051147,1.100000023841858,1.1050000190734863,2980,0.0,0.0,2023-06-23
52,2023-06-23 10:22:00-04:00,1.1050000190734863,1.1100000143051147,1.0950000286102295,1.0950000286102295,179768,0.0,0.0,2023-06-23
53,2023-06-23 10:23:00-04:00,1.090000033378601,1.0994000434875488,1.090000033378601,1.0924999713897705,18991,0.0,0.0,2023-06-23
54,2023-06-23 10:24:00-04:00,1.0932999849319458,1.0999000072479248,1.090000033378601,1.0950000286102295,11398,0.0,0.0,2023-06-23
55,2023-06-23 10:25:00-04:00,1.0950000286102295,1.100000023841858,1.090000033378601,1.100000023841858,28387,0.0,0.0,2023-06-23
56,2023-06-23 10:26:00-04:00,1.090000033378601,1.0988999605178833,1.090000033378601,1.0950000286102295,8486,0.0,0.0,2023-06-23
57,2023-06-23 10:27:00-04:00,1.0985000133514404,1.100000023841858,1.090000033378601,1.100000023841858,54068,0.0,0.0,2023-06-23
58,2023-06-23 10:28:00-04:00,1.100000023841858,1.100000023841858,1.090000033378601,1.0950000286102295,19102,0.0,0.0,2023-06-23
59,2023-06-23 10:29:00-04:00,1.0972000360488892,1.100000023841858,1.090000033378601,1.100000023841858,19445,0.0,0.0,2023-06-23
60,2023-06-23 10:30:00-04:00,1.100000023841858,1.100000023841858,1.090000033378601,1.090000033378601,2386,0.0,0.0,2023-06-23
61,2023-06-23 10:31:00-04:00,1.090000033378601,1.097000002861023,1.090000033378601,1.0950000286102295,1686,0.0,0.0,2023-06-23
62,2023-06-23 10:32:00-04:00,1.0982999801635742,1.0985000133514404,1.090000033378601,1.090000033378601,2314,0.0,0.0,2023-06-23
63,2023-06-23 10:33:00-04:00,1.0950000286102295,1.0973999500274658,1.0950000286102295,1.0973999500274658,4360,0.0,0.0,2023-06-23
64,2023-06-23 10:34:00-04:00,1.0982999801635742,1.0982999801635742,1.090000033378601,1.090000033378601,1355,0.0,0.0,2023-06-23
65,2023-06-23 10:35:00-04:00,1.0978000164031982,1.100000023841858,1.090000033378601,1.100000023841858,14823,0.0,0.0,2023-06-23
66,2023-06-23 10:36:00-04:00,1.0999000072479248,1.1100000143051147,1.0997999906539917,1.1100000143051147,54716,0.0,0.0,2023-06-23
67,2023-06-23 10:37:00-04:00,1.1033999919891357,1.1100000143051147,1.1033999919891357,1.1100000143051147,3698,0.0,0.0,2023-06-23
68,2023-06-23 10:38:00-04:00,1.1100000143051147,1.1150000095367432,1.1098999977111816,1.1150000095367432,84626,0.0,0.0,2023-06-23
69,2023-06-23 10:39:00-04:00,1.118899941444397,1.1200000047683716,1.1128000020980835,1.1136000156402588,4465,0.0,0.0,2023-06-23
70,2023-06-23 10:40:00-04:00,1.1200000047683716,1.1200000047683716,1.1128000020980835,1.1128000020980835,2693,0.0,0.0,2023-06-23
71,2023-06-23 10:41:00-04:00,1.1150000095367432,1.1150000095367432,1.11489999294281,1.11489999294281,2310,0.0,0.0,2023-06-23
72,2023-06-23 10:42:00-04:00,1.1150000095367432,1.1200000047683716,1.1129000186920166,1.1129000186920166,1966,0.0,0.0,2023-06-23
73,2023-06-23 10:43:00-04:00,1.1180000305175781,1.1180000305175781,1.1100000143051147,1.1100000143051147,21218,0.0,0.0,2023-06-23
74,2023-06-23 10:44:00-04:00,1.1150000095367432,1.1150000095367432,1.1100000143051147,1.1100000143051147,870,0.0,0.0,2023-06-23
75,2023-06-23 10:45:00-04:00,1.1100000143051147,1.1100000143051147,1.1100000143051147,1.1100000143051147,13453,0.0,0.0,2023-06-23
76,2023-06-23 10:46:00-04:00,1.1100000143051147,1.1200000047683716,1.1100000143051147,1.1100000143051147,2691,0.0,0.0,2023-06-23
77,2023-06-23 10:47:00-04:00,1.118499994277954,1.118499994277954,1.1100000143051147,1.1100000143051147,9018,0.0,0.0,2023-06-23
78,2023-06-23 10:48:00-04:00,1.11080002784729,1.117799997329712,1.100000023841858,1.100000023841858,26420,0.0,0.0,2023-06-23
79,2023-06-23 10:49:00-04:00,1.100000023841858,1.1085000038146973,1.100000023841858,1.100000023841858,973,0.0,0.0,2023-06-23
80,2023-06-23 10:50:00-04:00,1.1050000190734863,1.1050000190734863,1.100000023841858,1.1050000190734863,420,0.0,0.0,2023-06-23
81,2023-06-23 10:51:00-04:00,1.1100000143051147,1.1100000143051147,1.100000023841858,1.1081000566482544,4447,0.0,0.0,2023-06-23
82,2023-06-23 10:52:00-04:00,1.100000023841858,1.1050000190734863,1.100000023841858,1.1050000190734863,738,0.0,0.0,2023-06-23
83,2023-06-23 10:53:00-04:00,1.100000023841858,1.1098999977111816,1.100000023841858,1.100000023841858,4064,0.0,0.0,2023-06-23
84,2023-06-23 10:54:00-04:00,1.100000023841858,1.107300043106079,1.100000023841858,1.100000023841858,1110,0.0,0.0,2023-06-23
85,2023-06-23 10:55:00-04:00,1.100000023841858,1.100000023841858,1.100000023841858,1.100000023841858,735,0.0,0.0,2023-06-23
86,2023-06-23 10:56:00-04:00,1.100000023841858,1.1100000143051147,1.100000023841858,1.1100000143051147,1274,0.0,0.0,2023-06-23
87,2023-06-23 10:57:00-04:00,1.100000023841858,1.1050000190734863,1.100000023841858,1.1050000190734863,1716,0.0,0.0,2023-06-23
88,2023-06-23 10:58:00-04:00,1.100000023841858,1.1100000143051147,1.100000023841858,1.100000023841858,2972,0.0,0.0,2023-06-23
89,2023-06-23 10:59:00-04:00,1.100000023841858,1.1094000339508057,1.100000023841858,1.1050000190734863,5252,0.0,0.0,2023-06-23
90,2023-06-23 11:00:00-04:00,1.100000023841858,1.1100000143051147,1.100000023841858,1.1050000190734863,5456,0.0,0.0,2023-06-23
91,2023-06-23 11:01:00-04:00,1.1092000007629395,1.1100000143051147,1.1050000190734863,1.1050000190734863,6389,0.0,0.0,2023-06-23
92,2023-06-23 11:02:00-04:00,1.1100000143051147,1.1100000143051147,1.1050000190734863,1.1050000190734863,5684,0.0,0.0,2023-06-23
93,2023-06-23 11:03:00-04:00,1.1050000190734863,1.1050000190734863,1.1050000190734863,1.1050000190734863,239,0.0,0.0,2023-06-23
94,2023-06-23 11:04:00-04:00,1.1085000038146973,1.1100000143051147,1.100000023841858,1.1100000143051147,5913,0.0,0.0,2023-06-23
95,2023-06-23 11:05:00-04:00,1.100000023841858,1.1100000143051147,1.100000023841858,1.1062999963760376,3221,0.0,0.0,2023-06-23
96,2023-06-23 11:06:00-04:00,1.1100000143051147,1.1100000143051147,1.1050000190734863,1.1050000190734863,1203,0.0,0.0,2023-06-23
97,2023-06-23 11:08:00-04:00,1.1050000190734863,1.1050000190734863,1.100000023841858,1.100000023841858,787,0.0,0.0,2023-06-23
98,2023-06-23 11:09:00-04:00,1.100000023841858,1.100000023841858,1.100000023841858,1.100000023841858,431,0.0,0.0,2023-06-23
99,2023-06-23 11:10:00-04:00,1.1100000143051147,1.1100000143051147,1.100000023841858,1.1100000143051147,714,0.0,0.0,2023-06-23
100,2023-06-23 11:11:00-04:00,1.104099988937378,1.1100000143051147,1.100000023841858,1.1100000143051147,1671,0.0,0.0,2023-06-23
101,2023-06-23 11:12:00-04:00,1.1050000190734863,1.1050000190734863,1.100000023841858,1.1050000190734863,847,0.0,0.0,2023-06-23
102,2023-06-23 11:13:00-04:00,1.100000023841858,1.1100000143051147,1.100000023841858,1.1098999977111816,6684,0.0,0.0,2023-06-23
103,2023-06-23 11:14:00-04:00,1.1050000190734863,1.1100000143051147,1.100000023841858,1.100000023841858,748,0.0,0.0,2023-06-23
104,2023-06-23 11:15:00-04:00,1.104200005531311,1.1050000190734863,1.100000023841858,1.100000023841858,2795,0.0,0.0,2023-06-23
105,2023-06-23 11:16:00-04:00,1.100000023841858,1.1050000190734863,1.100000023841858,1.1050000190734863,232,0.0,0.0,2023-06-23
106,2023-06-23 11:17:00-04:00,1.100000023841858,1.100000023841858,1.100000023841858,1.100000023841858,418,0.0,0.0,2023-06-23
107,2023-06-23 11:18:00-04:00,1.1043000221252441,1.1050000190734863,1.100000023841858,1.1050000190734863,929,0.0,0.0,2023-06-23
108,2023-06-23 11:19:00-04:00,1.100000023841858,1.1050000190734863,1.090000033378601,1.0950000286102295,83762,0.0,0.0,2023-06-23
109,2023-06-23 11:20:00-04:00,1.0950000286102295,1.0999000072479248,1.090000033378601,1.0950000286102295,8363,0.0,0.0,2023-06-23
110,2023-06-23 11:21:00-04:00,1.100000023841858,1.100000023841858,1.090000033378601,1.090000033378601,12524,0.0,0.0,2023-06-23
111,2023-06-23 11:22:00-04:00,1.0950000286102295,1.0999000072479248,1.090000033378601,1.090000033378601,7363,0.0,0.0,2023-06-23
112,2023-06-23 11:23:00-04:00,1.090000033378601,1.0950000286102295,1.090000033378601,1.0950000286102295,1793,0.0,0.0,2023-06-23
113,2023-06-23 11:24:00-04:00,1.0950000286102295,1.0950000286102295,1.090000033378601,1.0950000286102295,3377,0.0,0.0,2023-06-23
114,2023-06-23 11:25:00-04:00,1.0932999849319458,1.100000023841858,1.090000033378601,1.0950000286102295,1370,0.0,0.0,2023-06-23
115,2023-06-23 11:27:00-04:00,1.100000023841858,1.100000023841858,1.0950000286102295,1.0992000102996826,3923,0.0,0.0,2023-06-23
116,2023-06-23 11:28:00-04:00,1.090000033378601,1.0966999530792236,1.090000033378601,1.0950000286102295,1589,0.0,0.0,2023-06-23
117,2023-06-23 11:29:00-04:00,1.090000033378601,1.090000033378601,1.090000033378601,1.090000033378601,1731,0.0,0.0,2023-06-23
118,2023-06-23 11:30:00-04:00,1.0950000286102295,1.0950000286102295,1.090000033378601,1.090000033378601,6589,0.0,0.0,2023-06-23
119,2023-06-23 11:31:00-04:00,1.090000033378601,1.090000033378601,1.090000033378601,1.090000033378601,267,0.0,0.0,2023-06-23
120,2023-06-23 11:32:00-04:00,1.100000023841858,1.100000023841858,1.090000033378601,1.0968999862670898,1528,0.0,0.0,2023-06-23
121,2023-06-23 11:33:00-04:00,1.0950000286102295,1.0950000286102295,1.090000033378601,1.090000033378601,1089,0.0,0.0,2023-06-23
122,2023-06-23 11:34:00-04:00,1.090000033378601,1.0999000072479248,1.090000033378601,1.090000033378601,1641,0.0,0.0,2023-06-23
123,2023-06-23 11:35:00-04:00,1.0950000286102295,1.100000023841858,1.090000033378601,1.0950000286102295,3640,0.0,0.0,2023-06-23
124,2023-06-23 11:36:00-04:00,1.090000033378601,1.1100000143051147,1.090000033378601,1.1100000143051147,59196,0.0,0.0,2023-06-23
125,2023-06-23 11:37:00-04:00,1.1050000190734863,1.1050000190734863,1.100000023841858,1.103700041770935,1096,0.0,0.0,2023-06-23
126,2023-06-23 11:38:00-04:00,1.100000023841858,1.1098999977111816,1.100000023841858,1.1050000190734863,1703,0.0,0.0,2023-06-23
127,2023-06-23 11:39:00-04:00,1.100100040435791,1.1050000190734863,1.100000023841858,1.1050000190734863,585,0.0,0.0,2023-06-23
128,2023-06-23 11:40:00-04:00,1.101699948310852,1.1100000143051147,1.100000023841858,1.1047999858856201,8699,0.0,0.0,2023-06-23
129,2023-06-23 11:41:00-04:00,1.1050000190734863,1.1095000505447388,1.1050000190734863,1.1095000505447388,11079,0.0,0.0,2023-06-23
130,2023-06-23 11:42:00-04:00,1.100000023841858,1.1009999513626099,1.100000023841858,1.100000023841858,34406,0.0,0.0,2023-06-23
131,2023-06-23 11:43:00-04:00,1.100000023841858,1.100000023841858,1.100000023841858,1.100000023841858,128,0.0,0.0,2023-06-23
132,2023-06-23 11:44:00-04:00,1.100000023841858,1.100000023841858,1.100000023841858,1.100000023841858,193,0.0,0.0,2023-06-23
133,2023-06-23 11:45:00-04:00,1.1100000143051147,1.1100000143051147,1.1100000143051147,1.1100000143051147,292,0.0,0.0,2023-06-23
134,2023-06-23 11:46:00-04:00,1.100000023841858,1.100000023841858,1.100000023841858,1.100000023841858,532,0.0,0.0,2023-06-23
135,2023-06-23 11:47:00-04:00,1.100000023841858,1.1050000190734863,1.100000023841858,1.1050000190734863,455,0.0,0.0,2023-06-23
136,2023-06-23 11:48:00-04:00,1.100000023841858,1.100000023841858,1.100000023841858,1.100000023841858,404,0.0,0.0,2023-06-23
137,2023-06-23 11:49:00-04:00,1.100000023841858,1.1100000143051147,1.100000023841858,1.1100000143051147,542,0.0,0.0,2023-06-23
138,2023-06-23 11:50:00-04:00,1.100000023841858,1.1050000190734863,1.100000023841858,1.100000023841858,759,0.0,0.0,2023-06-23
139,2023-06-23 11:51:00-04:00,1.100000023841858,1.100000023841858,1.100000023841858,1.100000023841858,223,0.0,0.0,2023-06-23
140,2023-06-23 11:52:00-04:00,1.100000023841858,1.100000023841858,1.100000023841858,1.100000023841858,350,0.0,0.0,2023-06-23
141,2023-06-23 11:53:00-04:00,1.100000023841858,1.1100000143051147,1.100000023841858,1.100000023841858,1305,0.0,0.0,2023-06-23
142,2023-06-23 11:54:00-04:00,1.1050000190734863,1.1100000143051147,1.100000023841858,1.100000023841858,1752,0.0,0.0,2023-06-23
143,2023-06-23 11:55:00-04:00,1.100000023841858,1.100000023841858,1.100000023841858,1.100000023841858,412,0.0,0.0,2023-06-23
144,2023-06-23 11:56:00-04:00,1.100000023841858,1.1100000143051147,1.100000023841858,1.1098999977111816,56530,0.0,0.0,2023-06-23
145,2023-06-23 11:57:00-04:00,1.100000023841858,1.1100000143051147,1.100000023841858,1.1050000190734863,50106,0.0,0.0,2023-06-23
146,2023-06-23 11:58:00-04:00,1.1050000190734863,1.1050000190734863,1.100000023841858,1.100000023841858,323,0.0,0.0,2023-06-23
147,2023-06-23 11:59:00-04:00,1.1100000143051147,1.1100000143051147,1.1050000190734863,1.1050000190734863,839,0.0,0.0,2023-06-23
148,2023-06-23 12:00:00-04:00,1.1050000190734863,1.1050000190734863,1.1050000190734863,1.1050000190734863,201,0.0,0.0,2023-06-23
149,2023-06-23 12:01:00-04:00,1.1050000190734863,1.1050000190734863,1.100000023841858,1.100000023841858,3742,0.0,0.0,2023-06-23
150,2023-06-23 12:02:00-04:00,1.1100000143051147,1.1100000143051147,1.100000023841858,1.100000023841858,1803,0.0,0.0,2023-06-23
151,2023-06-23 12:03:00-04:00,1.100000023841858,1.1100000143051147,1.100000023841858,1.100000023841858,16003,0.0,0.0,2023-06-23
152,2023-06-23 12:04:00-04:00,1.104200005531311,1.1050000190734863,1.100000023841858,1.100000023841858,1011,0.0,0.0,2023-06-23
153,2023-06-23 12:05:00-04:00,1.100000023841858,1.1100000143051147,1.100000023841858,1.100000023841858,1029,0.0,0.0,2023-06-23
154,2023-06-23 12:06:00-04:00,1.100000023841858,1.1050000190734863,1.100000023841858,1.100000023841858,803,0.0,0.0,2023-06-23
155,2023-06-23 12:07:00-04:00,1.100000023841858,1.1100000143051147,1.100000023841858,1.1087000370025635,1197,0.0,0.0,2023-06-23
156,2023-06-23 12:08:00-04:00,1.100000023841858,1.1039999723434448,1.100000023841858,1.100000023841858,593,0.0,0.0,2023-06-23
157,2023-06-23 12:09:00-04:00,1.100000023841858,1.1050000190734863,1.100000023841858,1.1050000190734863,1011,0.0,0.0,2023-06-23
158,2023-06-23 12:10:00-04:00,1.100000023841858,1.1050000190734863,1.100000023841858,1.100000023841858,972,0.0,0.0,2023-06-23
159,2023-06-23 12:11:00-04:00,1.100000023841858,1.1100000143051147,1.100000023841858,1.1100000143051147,1607,0.0,0.0,2023-06-23
160,2023-06-23 12:12:00-04:00,1.1050000190734863,1.1100000143051147,1.100000023841858,1.100000023841858,2188,0.0,0.0,2023-06-23
161,2023-06-23 12:13:00-04:00,1.100000023841858,1.1100000143051147,1.100000023841858,1.100000023841858,2008,0.0,0.0,2023-06-23
162,2023-06-23 12:14:00-04:00,1.1050000190734863,1.1050000190734863,1.100000023841858,1.100000023841858,1591,0.0,0.0,2023-06-23
163,2023-06-23 12:15:00-04:00,1.1083999872207642,1.1083999872207642,1.100000023841858,1.1050000190734863,1053,0.0,0.0,2023-06-23
164,2023-06-23 12:16:00-04:00,1.100000023841858,1.108299970626831,1.100000023841858,1.108299970626831,776,0.0,0.0,2023-06-23
165,2023-06-23 12:17:00-04:00,1.1100000143051147,1.1100000143051147,1.100000023841858,1.100000023841858,1431,0.0,0.0,2023-06-23
166,2023-06-23 12:18:00-04:00,1.1050000190734863,1.1100000143051147,1.100000023841858,1.1050000190734863,9765,0.0,0.0,2023-06-23
167,2023-06-23 12:19:00-04:00,1.1050000190734863,1.1050000190734863,1.100000023841858,1.100000023841858,1323,0.0,0.0,2023-06-23
168,2023-06-23 12:20:00-04:00,1.1081000566482544,1.1081000566482544,1.100000023841858,1.1050000190734863,955,0.0,0.0,2023-06-23
169,2023-06-23 12:21:00-04:00,1.100000023841858,1.1050000190734863,1.100000023841858,1.100000023841858,728,0.0,0.0,2023-06-23
170,2023-06-23 12:22:00-04:00,1.100000023841858,1.1100000143051147,1.100000023841858,1.1050000190734863,2027,0.0,0.0,2023-06-23
171,2023-06-23 12:23:00-04:00,1.1100000143051147,1.1100000143051147,1.100000023841858,1.100000023841858,7908,0.0,0.0,2023-06-23
172,2023-06-23 12:24:00-04:00,1.100000023841858,1.1085000038146973,1.100000023841858,1.1050000190734863,1452,0.0,0.0,2023-06-23
173,2023-06-23 12:25:00-04:00,1.1089999675750732,1.1100000143051147,1.100000023841858,1.100000023841858,7630,0.0,0.0,2023-06-23
174,2023-06-23 12:26:00-04:00,1.1050000190734863,1.1050000190734863,1.100000023841858,1.100000023841858,433,0.0,0.0,2023-06-23
175,2023-06-23 12:27:00-04:00,1.1050000190734863,1.1050000190734863,1.100000023841858,1.100000023841858,200,0.0,0.0,2023-06-23
176,2023-06-23 12:28:00-04:00,1.100000023841858,1.1087000370025635,1.100000023841858,1.100000023841858,3372,0.0,0.0,2023-06-23
177,2023-06-23 12:29:00-04:00,1.1050000190734863,1.1050000190734863,1.100000023841858,1.1050000190734863,582,0.0,0.0,2023-06-23
178,2023-06-23 12:30:00-04:00,1.100000023841858,1.1089999675750732,1.100000023841858,1.104099988937378,1264,0.0,0.0,2023-06-23
179,2023-06-23 12:31:00-04:00,1.104099988937378,1.1100000143051147,1.100000023841858,1.100000023841858,2335,0.0,0.0,2023-06-23
180,2023-06-23 12:32:00-04:00,1.1050000190734863,1.1100000143051147,1.100000023841858,1.1100000143051147,864,0.0,0.0,2023-06-23
181,2023-06-23 12:33:00-04:00,1.1100000143051147,1.1200000047683716,1.1100000143051147,1.1186000108718872,43390,0.0,0.0,2023-06-23
182,2023-06-23 12:34:00-04:00,1.1150000095367432,1.1196999549865723,1.1115000247955322,1.1150000095367432,4230,0.0,0.0,2023-06-23
183,2023-06-23 12:35:00-04:00,1.113700032234192,1.1200000047683716,1.1100000143051147,1.1200000047683716,818,0.0,0.0,2023-06-23
184,2023-06-23 12:36:00-04:00,1.1150000095367432,1.1150000095367432,1.1150000095367432,1.1150000095367432,316,0.0,0.0,2023-06-23
185,2023-06-23 12:37:00-04:00,1.1131000518798828,1.1200000047683716,1.1100000143051147,1.1150000095367432,8188,0.0,0.0,2023-06-23
186,2023-06-23 12:39:00-04:00,1.1100000143051147,1.1150000095367432,1.1100000143051147,1.1150000095367432,318,0.0,0.0,2023-06-23
187,2023-06-23 12:40:00-04:00,1.1136000156402588,1.1150000095367432,1.1136000156402588,1.1150000095367432,1001,0.0,0.0,2023-06-23
188,2023-06-23 12:41:00-04:00,1.1200000047683716,1.1200000047683716,1.1150000095367432,1.1200000047683716,616,0.0,0.0,2023-06-23
189,2023-06-23 12:42:00-04:00,1.1100000143051147,1.1198999881744385,1.1100000143051147,1.1100000143051147,3032,0.0,0.0,2023-06-23
190,2023-06-23 12:43:00-04:00,1.1100000143051147,1.1198999881744385,1.1100000143051147,1.1150000095367432,1825,0.0,0.0,2023-06-23
191,2023-06-23 12:44:00-04:00,1.1100000143051147,1.1100000143051147,1.1100000143051147,1.1100000143051147,214,0.0,0.0,2023-06-23
192,2023-06-23 12:45:00-04:00,1.1100000143051147,1.1150000095367432,1.1100000143051147,1.1100000143051147,311,0.0,0.0,2023-06-23
193,2023-06-23 12:46:00-04:00,1.1100000143051147,1.113800048828125,1.1100000143051147,1.113800048828125,835,0.0,0.0,2023-06-23
194,2023-06-23 12:47:00-04:00,1.1100000143051147,1.1200000047683716,1.1100000143051147,1.1100000143051147,819,0.0,0.0,2023-06-23
195,2023-06-23 12:48:00-04:00,1.1100000143051147,1.118299961090088,1.1100000143051147,1.1100000143051147,833,0.0,0.0,2023-06-23
196,2023-06-23 12:49:00-04:00,1.11899995803833,1.11899995803833,1.1100000143051147,1.1100000143051147,16576,0.0,0.0,2023-06-23
197,2023-06-23 12:50:00-04:00,1.1198999881744385,1.1198999881744385,1.1100000143051147,1.1150000095367432,535,0.0,0.0,2023-06-23
198,2023-06-23 12:51:00-04:00,1.1100000143051147,1.1200000047683716,1.1100000143051147,1.1100000143051147,1723,0.0,0.0,2023-06-23
199,2023-06-23 12:52:00-04:00,1.1100000143051147,1.1200000047683716,1.1100000143051147,1.1200000047683716,850,0.0,0.0,2023-06-23
200,2023-06-23 12:53:00-04:00,1.1100000143051147,1.1150000095367432,1.1100000143051147,1.1150000095367432,413,0.0,0.0,2023-06-23
201,2023-06-23 12:54:00-04:00,1.1100000143051147,1.1100000143051147,1.1100000143051147,1.1100000143051147,1340,0.0,0.0,2023-06-23
202,2023-06-23 12:55:00-04:00,1.1100000143051147,1.1100000143051147,1.1100000143051147,1.1100000143051147,154,0.0,0.0,2023-06-23
203,2023-06-23 12:56:00-04:00,1.1100000143051147,1.1200000047683716,1.1100000143051147,1.1100000143051147,895,0.0,0.0,2023-06-23
204,2023-06-23 12:57:00-04:00,1.1150000095367432,1.1200000047683716,1.1100000143051147,1.1100000143051147,13058,0.0,0.0,2023-06-23
205,2023-06-23 12:58:00-04:00,1.1150000095367432,1.1150000095367432,1.1100000143051147,1.1100000143051147,468,0.0,0.0,2023-06-23
206,2023-06-23 12:59:00-04:00,1.1100000143051147,1.1101000308990479,1.1100000143051147,1.1101000308990479,539,0.0,0.0,2023-06-23
207,2023-06-23 13:00:00-04:00,1.1100000143051147,1.1150000095367432,1.1100000143051147,1.1100000143051147,513,0.0,0.0,2023-06-23
208,2023-06-23 13:01:00-04:00,1.1100000143051147,1.1150000095367432,1.1100000143051147,1.1100000143051147,566,0.0,0.0,2023-06-23
209,2023-06-23 13:02:00-04:00,1.1100000143051147,1.1193000078201294,1.1100000143051147,1.1193000078201294,478,0.0,0.0,2023-06-23
210,2023-06-23 13:03:00-04:00,1.1100000143051147,1.1150000095367432,1.1100000143051147,1.1100000143051147,921,0.0,0.0,2023-06-23
211,2023-06-23 13:04:00-04:00,1.1100000143051147,1.1200000047683716,1.1100000143051147,1.1150000095367432,1258,0.0,0.0,2023-06-23
212,2023-06-23 13:05:00-04:00,1.1150000095367432,1.1150000095367432,1.1100000143051147,1.1150000095367432,784,0.0,0.0,2023-06-23
213,2023-06-23 13:06:00-04:00,1.1100000143051147,1.1150000095367432,1.1100000143051147,1.1100000143051147,1726,0.0,0.0,2023-06-23
214,2023-06-23 13:07:00-04:00,1.1100000143051147,1.1299999952316284,1.1100000143051147,1.1299999952316284,45646,0.0,0.0,2023-06-23
215,2023-06-23 13:08:00-04:00,1.1226999759674072,1.1299999952316284,1.1226999759674072,1.125,15924,0.0,0.0,2023-06-23
216,2023-06-23 13:09:00-04:00,1.1298999786376953,1.1298999786376953,1.125,1.1294000148773193,2457,0.0,0.0,2023-06-23
217,2023-06-23 13:10:00-04:00,1.1229000091552734,1.1229000091552734,1.1229000091552734,1.1229000091552734,1227,0.0,0.0,2023-06-23
218,2023-06-23 13:11:00-04:00,1.1200000047683716,1.128499984741211,1.1200000047683716,1.125,3714,0.0,0.0,2023-06-23
219,2023-06-23 13:12:00-04:00,1.125,1.1298999786376953,1.1200000047683716,1.122499942779541,3912,0.0,0.0,2023-06-23
220,2023-06-23 13:13:00-04:00,1.1200000047683716,1.1299999952316284,1.1200000047683716,1.125,1096,0.0,0.0,2023-06-23
221,2023-06-23 13:14:00-04:00,1.125,1.125,1.125,1.125,2474,0.0,0.0,2023-06-23
222,2023-06-23 13:15:00-04:00,1.1299999952316284,1.1299999952316284,1.1299999952316284,1.1299999952316284,568,0.0,0.0,2023-06-23
223,2023-06-23 13:16:00-04:00,1.1299999952316284,1.1299999952316284,1.125,1.125,506,0.0,0.0,2023-06-23
224,2023-06-23 13:17:00-04:00,1.125,1.1299999952316284,1.125,1.1299999952316284,430,0.0,0.0,2023-06-23
225,2023-06-23 13:18:00-04:00,1.128499984741211,1.128499984741211,1.1200000047683716,1.1200000047683716,576,0.0,0.0,2023-06-23
226,2023-06-23 13:19:00-04:00,1.1200000047683716,1.125,1.1200000047683716,1.125,535,0.0,0.0,2023-06-23
227,2023-06-23 13:20:00-04:00,1.1200000047683716,1.1289000511169434,1.1200000047683716,1.125,2474,0.0,0.0,2023-06-23
228,2023-06-23 13:21:00-04:00,1.1200000047683716,1.125,1.1200000047683716,1.1200000047683716,402,0.0,0.0,2023-06-23
229,2023-06-23 13:22:00-04:00,1.1200000047683716,1.1299999952316284,1.1200000047683716,1.1200000047683716,2352,0.0,0.0,2023-06-23
230,2023-06-23 13:23:00-04:00,1.1200000047683716,1.1200000047683716,1.1200000047683716,1.1200000047683716,16318,0.0,0.0,2023-06-23
231,2023-06-23 13:24:00-04:00,1.1231000423431396,1.1231000423431396,1.1100000143051147,1.1200000047683716,71097,0.0,0.0,2023-06-23
232,2023-06-23 13:25:00-04:00,1.1200000047683716,1.1200000047683716,1.1200000047683716,1.1200000047683716,229,0.0,0.0,2023-06-23
233,2023-06-23 13:26:00-04:00,1.1200000047683716,1.1200000047683716,1.1200000047683716,1.1200000047683716,348,0.0,0.0,2023-06-23
234,2023-06-23 13:28:00-04:00,1.1200000047683716,1.1200000047683716,1.1100000143051147,1.1200000047683716,2078,0.0,0.0,2023-06-23
235,2023-06-23 13:29:00-04:00,1.1200000047683716,1.1200000047683716,1.1150000095367432,1.1200000047683716,2939,0.0,0.0,2023-06-23
236,2023-06-23 13:30:00-04:00,1.1200000047683716,1.1299999952316284,1.1200000047683716,1.1299999952316284,27559,0.0,0.0,2023-06-23
237,2023-06-23 13:31:00-04:00,1.125,1.1299999952316284,1.125,1.125,3469,0.0,0.0,2023-06-23
238,2023-06-23 13:32:00-04:00,1.1223000288009644,1.125,1.1223000288009644,1.125,1371,0.0,0.0,2023-06-23
239,2023-06-23 13:33:00-04:00,1.125,1.125,1.125,1.125,237,0.0,0.0,2023-06-23
240,2023-06-23 13:34:00-04:00,1.125,1.125,1.125,1.125,195,0.0,0.0,2023-06-23
241,2023-06-23 13:35:00-04:00,1.1217000484466553,1.1299999952316284,1.1217000484466553,1.1223000288009644,2492,0.0,0.0,2023-06-23
242,2023-06-23 13:37:00-04:00,1.125,1.125,1.125,1.125,302,0.0,0.0,2023-06-23
243,2023-06-23 13:39:00-04:00,1.1200000047683716,1.125,1.1200000047683716,1.1200000047683716,410,0.0,0.0,2023-06-23
244,2023-06-23 13:40:00-04:00,1.1200000047683716,1.125,1.1200000047683716,1.1200000047683716,1227,0.0,0.0,2023-06-23
245,2023-06-23 13:41:00-04:00,1.125,1.125,1.1200000047683716,1.1200000047683716,761,0.0,0.0,2023-06-23
246,2023-06-23 13:42:00-04:00,1.125,1.1298999786376953,1.1200000047683716,1.125,3966,0.0,0.0,2023-06-23
247,2023-06-23 13:43:00-04:00,1.125,1.1294000148773193,1.1200000047683716,1.1200000047683716,2589,0.0,0.0,2023-06-23
248,2023-06-23 13:44:00-04:00,1.1200000047683716,1.1224000453948975,1.1200000047683716,1.1200000047683716,1454,0.0,0.0,2023-06-23
249,2023-06-23 13:45:00-04:00,1.1200000047683716,1.125,1.1200000047683716,1.1200000047683716,1651,0.0,0.0,2023-06-23
250,2023-06-23 13:46:00-04:00,1.1217000484466553,1.1217000484466553,1.1200000047683716,1.1200000047683716,19589,0.0,0.0,2023-06-23
251,2023-06-23 13:47:00-04:00,1.1200000047683716,1.1201000213623047,1.1200000047683716,1.1200000047683716,573,0.0,0.0,2023-06-23
252,2023-06-23 13:48:00-04:00,1.1200000047683716,1.1204999685287476,1.1200000047683716,1.1200000047683716,1607,0.0,0.0,2023-06-23
253,2023-06-23 13:49:00-04:00,1.1200000047683716,1.125,1.1200000047683716,1.125,469,0.0,0.0,2023-06-23
254,2023-06-23 13:50:00-04:00,1.1200000047683716,1.1226999759674072,1.1200000047683716,1.1200000047683716,482,0.0,0.0,2023-06-23
255,2023-06-23 13:51:00-04:00,1.1200000047683716,1.1200000047683716,1.1100000143051147,1.1100000143051147,17796,0.0,0.0,2023-06-23
256,2023-06-23 13:52:00-04:00,1.1150000095367432,1.117900013923645,1.1100000143051147,1.1100000143051147,2302,0.0,0.0,2023-06-23
257,2023-06-23 13:53:00-04:00,1.1150000095367432,1.1150000095367432,1.1100000143051147,1.1150000095367432,1128,0.0,0.0,2023-06-23
258,2023-06-23 13:54:00-04:00,1.1100000143051147,1.1100000143051147,1.1100000143051147,1.1100000143051147,213,0.0,0.0,2023-06-23
259,2023-06-23 13:55:00-04:00,1.1150000095367432,1.1150000095367432,1.1100000143051147,1.1150000095367432,511,0.0,0.0,2023-06-23
260,2023-06-23 13:56:00-04:00,1.1100000143051147,1.1150000095367432,1.1100000143051147,1.1100000143051147,870,0.0,0.0,2023-06-23
261,2023-06-23 13:57:00-04:00,1.1100000143051147,1.1100000143051147,1.1100000143051147,1.1100000143051147,112,0.0,0.0,2023-06-23
262,2023-06-23 13:58:00-04:00,1.1100000143051147,1.1150000095367432,1.1100000143051147,1.1100000143051147,613,0.0,0.0,2023-06-23
263,2023-06-23 13:59:00-04:00,1.1197999715805054,1.1197999715805054,1.1100000143051147,1.1150000095367432,844,0.0,0.0,2023-06-23
264,2023-06-23 14:00:00-04:00,1.1150000095367432,1.1150000095367432,1.1100000143051147,1.1150000095367432,564,0.0,0.0,2023-06-23
265,2023-06-23 14:01:00-04:00,1.1100000143051147,1.1100000143051147,1.1100000143051147,1.1100000143051147,211,0.0,0.0,2023-06-23
266,2023-06-23 14:02:00-04:00,1.1150000095367432,1.1150000095367432,1.1100000143051147,1.1150000095367432,1226,0.0,0.0,2023-06-23
267,2023-06-23 14:03:00-04:00,1.1150000095367432,1.1200000047683716,1.1100000143051147,1.1100000143051147,4813,0.0,0.0,2023-06-23
268,2023-06-23 14:04:00-04:00,1.1150000095367432,1.1200000047683716,1.1150000095367432,1.1200000047683716,402,0.0,0.0,2023-06-23
269,2023-06-23 14:05:00-04:00,1.1100000143051147,1.1150000095367432,1.1100000143051147,1.1150000095367432,537,0.0,0.0,2023-06-23
270,2023-06-23 14:06:00-04:00,1.1100000143051147,1.1115000247955322,1.1100000143051147,1.1115000247955322,359,0.0,0.0,2023-06-23
271,2023-06-23 14:07:00-04:00,1.1100000143051147,1.1150000095367432,1.1100000143051147,1.1150000095367432,222,0.0,0.0,2023-06-23
272,2023-06-23 14:08:00-04:00,1.1100000143051147,1.1200000047683716,1.1100000143051147,1.1175999641418457,1361,0.0,0.0,2023-06-23
273,2023-06-23 14:09:00-04:00,1.1150000095367432,1.1150000095367432,1.1100000143051147,1.1100000143051147,710,0.0,0.0,2023-06-23
274,2023-06-23 14:10:00-04:00,1.1100000143051147,1.1198999881744385,1.1100000143051147,1.1100000143051147,718,0.0,0.0,2023-06-23
275,2023-06-23 14:11:00-04:00,1.1100000143051147,1.1150000095367432,1.1100000143051147,1.1100000143051147,16725,0.0,0.0,2023-06-23
276,2023-06-23 14:12:00-04:00,1.1200000047683716,1.1200000047683716,1.1100000143051147,1.1100000143051147,352,0.0,0.0,2023-06-23
277,2023-06-23 14:13:00-04:00,1.1100000143051147,1.1150000095367432,1.1100000143051147,1.1150000095367432,1589,0.0,0.0,2023-06-23
278,2023-06-23 14:14:00-04:00,1.1100000143051147,1.1200000047683716,1.1100000143051147,1.1100000143051147,4961,0.0,0.0,2023-06-23
279,2023-06-23 14:15:00-04:00,1.1100000143051147,1.1150000095367432,1.1100000143051147,1.1150000095367432,1146,0.0,0.0,2023-06-23
280,2023-06-23 14:16:00-04:00,1.1200000047683716,1.1200000047683716,1.1100000143051147,1.1150000095367432,711,0.0,0.0,2023-06-23
281,2023-06-23 14:17:00-04:00,1.1171000003814697,1.1171000003814697,1.1100000143051147,1.1101000308990479,703,0.0,0.0,2023-06-23
282,2023-06-23 14:18:00-04:00,1.1100000143051147,1.118499994277954,1.1100000143051147,1.118499994277954,4153,0.0,0.0,2023-06-23
283,2023-06-23 14:19:00-04:00,1.1100000143051147,1.1100000143051147,1.1100000143051147,1.1100000143051147,397,0.0,0.0,2023-06-23
284,2023-06-23 14:20:00-04:00,1.1100000143051147,1.1100000143051147,1.1100000143051147,1.1100000143051147,604,0.0,0.0,2023-06-23
285,2023-06-23 14:21:00-04:00,1.1150000095367432,1.1198999881744385,1.1100000143051147,1.1198999881744385,5088,0.0,0.0,2023-06-23
286,2023-06-23 14:22:00-04:00,1.1100000143051147,1.1150000095367432,1.1100000143051147,1.1100000143051147,778,0.0,0.0,2023-06-23
287,2023-06-23 14:23:00-04:00,1.1150000095367432,1.1150000095367432,1.1100000143051147,1.1150000095367432,2490,0.0,0.0,2023-06-23
288,2023-06-23 14:24:00-04:00,1.1100000143051147,1.1129000186920166,1.1100000143051147,1.1100000143051147,454,0.0,0.0,2023-06-23
289,2023-06-23 14:25:00-04:00,1.1150000095367432,1.115399956703186,1.1100000143051147,1.115399956703186,3071,0.0,0.0,2023-06-23
290,2023-06-23 14:26:00-04:00,1.1100000143051147,1.1150000095367432,1.1100000143051147,1.1100000143051147,9220,0.0,0.0,2023-06-23
291,2023-06-23 14:27:00-04:00,1.1100000143051147,1.1150000095367432,1.1100000143051147,1.1150000095367432,463,0.0,0.0,2023-06-23
292,2023-06-23 14:28:00-04:00,1.1100000143051147,1.1150000095367432,1.1100000143051147,1.111799955368042,1494,0.0,0.0,2023-06-23
293,2023-06-23 14:29:00-04:00,1.1100000143051147,1.1150000095367432,1.1100000143051147,1.1150000095367432,2268,0.0,0.0,2023-06-23
294,2023-06-23 14:30:00-04:00,1.1150000095367432,1.1150000095367432,1.1100000143051147,1.1100000143051147,1337,0.0,0.0,2023-06-23
295,2023-06-23 14:31:00-04:00,1.1100000143051147,1.1100000143051147,1.1100000143051147,1.1100000143051147,134,0.0,0.0,2023-06-23
296,2023-06-23 14:32:00-04:00,1.1100000143051147,1.1150000095367432,1.1100000143051147,1.1100000143051147,716,0.0,0.0,2023-06-23
297,2023-06-23 14:33:00-04:00,1.1100000143051147,1.1150000095367432,1.1100000143051147,1.1100000143051147,741,0.0,0.0,2023-06-23
298,2023-06-23 14:34:00-04:00,1.1100000143051147,1.1100000143051147,1.1100000143051147,1.1100000143051147,131,0.0,0.0,2023-06-23
299,2023-06-23 14:35:00-04:00,1.1100000143051147,1.1150000095367432,1.1100000143051147,1.1100000143051147,997,0.0,0.0,2023-06-23
300,2023-06-23 14:36:00-04:00,1.1100000143051147,1.1174999475479126,1.1100000143051147,1.1100000143051147,1847,0.0,0.0,2023-06-23
301,2023-06-23 14:37:00-04:00,1.1100000143051147,1.1100000143051147,1.1100000143051147,1.1100000143051147,352,0.0,0.0,2023-06-23
302,2023-06-23 14:38:00-04:00,1.1100000143051147,1.1150000095367432,1.1100000143051147,1.1100000143051147,889,0.0,0.0,2023-06-23
303,2023-06-23 14:39:00-04:00,1.1150000095367432,1.1198999881744385,1.1100000143051147,1.1100000143051147,13713,0.0,0.0,2023-06-23
304,2023-06-23 14:40:00-04:00,1.1100000143051147,1.1150000095367432,1.1100000143051147,1.1100000143051147,1140,0.0,0.0,2023-06-23
305,2023-06-23 14:41:00-04:00,1.1131999492645264,1.1200000047683716,1.1100000143051147,1.1200000047683716,2851,0.0,0.0,2023-06-23
306,2023-06-23 14:42:00-04:00,1.1100000143051147,1.1150000095367432,1.1100000143051147,1.1100000143051147,1581,0.0,0.0,2023-06-23
307,2023-06-23 14:43:00-04:00,1.1100000143051147,1.1150000095367432,1.1100000143051147,1.1100000143051147,1912,0.0,0.0,2023-06-23
308,2023-06-23 14:44:00-04:00,1.1100000143051147,1.1100000143051147,1.100000023841858,1.1019999980926514,54293,0.0,0.0,2023-06-23
309,2023-06-23 14:45:00-04:00,1.1050000190734863,1.1050000190734863,1.100000023841858,1.1050000190734863,6345,0.0,0.0,2023-06-23
310,2023-06-23 14:46:00-04:00,1.1050000190734863,1.1080000400543213,1.100000023841858,1.1009999513626099,6966,0.0,0.0,2023-06-23
311,2023-06-23 14:47:00-04:00,1.100000023841858,1.1100000143051147,1.100000023841858,1.1100000143051147,1069,0.0,0.0,2023-06-23
312,2023-06-23 14:48:00-04:00,1.100000023841858,1.1050000190734863,1.100000023841858,1.1050000190734863,1659,0.0,0.0,2023-06-23
313,2023-06-23 14:49:00-04:00,1.100000023841858,1.1100000143051147,1.100000023841858,1.100000023841858,967,0.0,0.0,2023-06-23
314,2023-06-23 14:50:00-04:00,1.1100000143051147,1.1100000143051147,1.100000023841858,1.1050000190734863,1677,0.0,0.0,2023-06-23
315,2023-06-23 14:51:00-04:00,1.100000023841858,1.1050000190734863,1.100000023841858,1.1050000190734863,1697,0.0,0.0,2023-06-23
316,2023-06-23 14:52:00-04:00,1.100000023841858,1.1100000143051147,1.100000023841858,1.1050000190734863,2957,0.0,0.0,2023-06-23
317,2023-06-23 14:53:00-04:00,1.1050000190734863,1.1050000190734863,1.100000023841858,1.100000023841858,551,0.0,0.0,2023-06-23
318,2023-06-23 14:54:00-04:00,1.1050000190734863,1.1050000190734863,1.100000023841858,1.1050000190734863,512,0.0,0.0,2023-06-23
319,2023-06-23 14:55:00-04:00,1.100000023841858,1.1100000143051147,1.100000023841858,1.100000023841858,997,0.0,0.0,2023-06-23
320,2023-06-23 14:56:00-04:00,1.100000023841858,1.1100000143051147,1.100000023841858,1.100000023841858,870,0.0,0.0,2023-06-23
321,2023-06-23 14:57:00-04:00,1.1098999977111816,1.1098999977111816,1.100000023841858,1.100000023841858,13863,0.0,0.0,2023-06-23
322,2023-06-23 14:58:00-04:00,1.1050000190734863,1.1100000143051147,1.100000023841858,1.1050000190734863,3067,0.0,0.0,2023-06-23
323,2023-06-23 14:59:00-04:00,1.1050000190734863,1.1100000143051147,1.100000023841858,1.1100000143051147,1438,0.0,0.0,2023-06-23
324,2023-06-23 15:00:00-04:00,1.100000023841858,1.1050000190734863,1.100000023841858,1.100000023841858,1237,0.0,0.0,2023-06-23
325,2023-06-23 15:01:00-04:00,1.100000023841858,1.1050000190734863,1.100000023841858,1.100000023841858,16431,0.0,0.0,2023-06-23
326,2023-06-23 15:02:00-04:00,1.1085000038146973,1.1085000038146973,1.100000023841858,1.100000023841858,2402,0.0,0.0,2023-06-23
327,2023-06-23 15:03:00-04:00,1.100000023841858,1.1100000143051147,1.100000023841858,1.1100000143051147,807,0.0,0.0,2023-06-23
328,2023-06-23 15:04:00-04:00,1.100000023841858,1.1050000190734863,1.100000023841858,1.100000023841858,1530,0.0,0.0,2023-06-23
329,2023-06-23 15:05:00-04:00,1.100000023841858,1.1088000535964966,1.100000023841858,1.100000023841858,1367,0.0,0.0,2023-06-23
330,2023-06-23 15:06:00-04:00,1.100000023841858,1.1100000143051147,1.100000023841858,1.1050000190734863,969,0.0,0.0,2023-06-23
331,2023-06-23 15:07:00-04:00,1.100000023841858,1.1100000143051147,1.100000023841858,1.1100000143051147,7192,0.0,0.0,2023-06-23
332,2023-06-23 15:08:00-04:00,1.100000023841858,1.1050000190734863,1.100000023841858,1.100000023841858,2649,0.0,0.0,2023-06-23
333,2023-06-23 15:09:00-04:00,1.1050000190734863,1.1098999977111816,1.100000023841858,1.1098999977111816,3066,0.0,0.0,2023-06-23
334,2023-06-23 15:10:00-04:00,1.100000023841858,1.1100000143051147,1.100000023841858,1.1050000190734863,1926,0.0,0.0,2023-06-23
335,2023-06-23 15:11:00-04:00,1.100000023841858,1.1100000143051147,1.100000023841858,1.1050000190734863,1019,0.0,0.0,2023-06-23
336,2023-06-23 15:12:00-04:00,1.1100000143051147,1.1100000143051147,1.100000023841858,1.1050000190734863,7401,0.0,0.0,2023-06-23
337,2023-06-23 15:13:00-04:00,1.1050000190734863,1.1100000143051147,1.100000023841858,1.1050000190734863,3592,0.0,0.0,2023-06-23
338,2023-06-23 15:14:00-04:00,1.100000023841858,1.1100000143051147,1.100000023841858,1.1100000143051147,2713,0.0,0.0,2023-06-23
339,2023-06-23 15:15:00-04:00,1.100000023841858,1.1068999767303467,1.100000023841858,1.100000023841858,911,0.0,0.0,2023-06-23
340,2023-06-23 15:16:00-04:00,1.1100000143051147,1.1100000143051147,1.100000023841858,1.1050000190734863,1194,0.0,0.0,2023-06-23
341,2023-06-23 15:17:00-04:00,1.100000023841858,1.1100000143051147,1.100000023841858,1.100000023841858,2428,0.0,0.0,2023-06-23
342,2023-06-23 15:18:00-04:00,1.100000023841858,1.1100000143051147,1.100000023841858,1.100000023841858,1866,0.0,0.0,2023-06-23
343,2023-06-23 15:19:00-04:00,1.1050000190734863,1.1050000190734863,1.100000023841858,1.1050000190734863,2220,0.0,0.0,2023-06-23
344,2023-06-23 15:20:00-04:00,1.1100000143051147,1.1100000143051147,1.100000023841858,1.1050000190734863,1780,0.0,0.0,2023-06-23
345,2023-06-23 15:21:00-04:00,1.100100040435791,1.1100000143051147,1.100000023841858,1.100000023841858,2243,0.0,0.0,2023-06-23
346,2023-06-23 15:22:00-04:00,1.100000023841858,1.1100000143051147,1.100000023841858,1.100000023841858,1223,0.0,0.0,2023-06-23
347,2023-06-23 15:23:00-04:00,1.1050000190734863,1.1095000505447388,1.100000023841858,1.100000023841858,4873,0.0,0.0,2023-06-23
348,2023-06-23 15:24:00-04:00,1.100000023841858,1.1050000190734863,1.100000023841858,1.100000023841858,1216,0.0,0.0,2023-06-23
349,2023-06-23 15:25:00-04:00,1.1050000190734863,1.1100000143051147,1.100000023841858,1.1050000190734863,1627,0.0,0.0,2023-06-23
350,2023-06-23 15:26:00-04:00,1.1079000234603882,1.1100000143051147,1.100000023841858,1.100000023841858,21098,0.0,0.0,2023-06-23
351,2023-06-23 15:27:00-04:00,1.100000023841858,1.1100000143051147,1.100000023841858,1.1013000011444092,6536,0.0,0.0,2023-06-23
352,2023-06-23 15:28:00-04:00,1.1050000190734863,1.1100000143051147,1.100000023841858,1.1096999645233154,2643,0.0,0.0,2023-06-23
353,2023-06-23 15:29:00-04:00,1.1050000190734863,1.1100000143051147,1.100000023841858,1.100000023841858,44683,0.0,0.0,2023-06-23
354,2023-06-23 15:30:00-04:00,1.1050000190734863,1.1050000190734863,1.100000023841858,1.100000023841858,2088,0.0,0.0,2023-06-23
355,2023-06-23 15:31:00-04:00,1.100000023841858,1.107200026512146,1.100000023841858,1.100000023841858,5303,0.0,0.0,2023-06-23
356,2023-06-23 15:32:00-04:00,1.100000023841858,1.1097999811172485,1.100000023841858,1.100000023841858,19207,0.0,0.0,2023-06-23
357,2023-06-23 15:33:00-04:00,1.100000023841858,1.1100000143051147,1.100000023841858,1.100000023841858,5284,0.0,0.0,2023-06-23
358,2023-06-23 15:34:00-04:00,1.100000023841858,1.1100000143051147,1.100000023841858,1.100000023841858,7930,0.0,0.0,2023-06-23
359,2023-06-23 15:35:00-04:00,1.100000023841858,1.1100000143051147,1.100000023841858,1.100000023841858,3722,0.0,0.0,2023-06-23
360,2023-06-23 15:36:00-04:00,1.100000023841858,1.1100000143051147,1.100000023841858,1.1050000190734863,3817,0.0,0.0,2023-06-23
361,2023-06-23 15:37:00-04:00,1.1014000177383423,1.1100000143051147,1.100000023841858,1.100000023841858,15179,0.0,0.0,2023-06-23
362,2023-06-23 15:38:00-04:00,1.100000023841858,1.1100000143051147,1.100000023841858,1.1100000143051147,16583,0.0,0.0,2023-06-23
363,2023-06-23 15:39:00-04:00,1.1094000339508057,1.1100000143051147,1.100000023841858,1.1100000143051147,5099,0.0,0.0,2023-06-23
364,2023-06-23 15:40:00-04:00,1.100000023841858,1.1050000190734863,1.090000033378601,1.0950000286102295,76903,0.0,0.0,2023-06-23
365,2023-06-23 15:41:00-04:00,1.0950000286102295,1.0950000286102295,1.090000033378601,1.0950000286102295,3611,0.0,0.0,2023-06-23
366,2023-06-23 15:42:00-04:00,1.090000033378601,1.0987999439239502,1.090000033378601,1.090000033378601,9757,0.0,0.0,2023-06-23
367,2023-06-23 15:43:00-04:00,1.0950000286102295,1.100000023841858,1.090000033378601,1.0968999862670898,6351,0.0,0.0,2023-06-23
368,2023-06-23 15:44:00-04:00,1.0950000286102295,1.100000023841858,1.090000033378601,1.0950000286102295,24847,0.0,0.0,2023-06-23
369,2023-06-23 15:45:00-04:00,1.100000023841858,1.100000023841858,1.090000033378601,1.090000033378601,24738,0.0,0.0,2023-06-23
370,2023-06-23 15:46:00-04:00,1.0950000286102295,1.100000023841858,1.090000033378601,1.090000033378601,12858,0.0,0.0,2023-06-23
371,2023-06-23 15:47:00-04:00,1.0950000286102295,1.0981999635696411,1.090000033378601,1.090000033378601,8841,0.0,0.0,2023-06-23
372,2023-06-23 15:48:00-04:00,1.090000033378601,1.0950000286102295,1.090000033378601,1.090000033378601,5536,0.0,0.0,2023-06-23
373,2023-06-23 15:49:00-04:00,1.0950000286102295,1.100000023841858,1.090000033378601,1.0950000286102295,67235,0.0,0.0,2023-06-23
374,2023-06-23 15:50:00-04:00,1.1200000047683716,1.1399999856948853,1.090000033378601,1.100100040435791,184781,0.0,0.0,2023-06-23
375,2023-06-23 15:51:00-04:00,1.1050000190734863,1.1100000143051147,1.100000023841858,1.101699948310852,13264,0.0,0.0,2023-06-23
376,2023-06-23 15:52:00-04:00,1.1050000190734863,1.1050000190734863,1.100000023841858,1.1050000190734863,7691,0.0,0.0,2023-06-23
377,2023-06-23 15:53:00-04:00,1.100000023841858,1.1098999977111816,1.100000023841858,1.1050000190734863,3076,0.0,0.0,2023-06-23
378,2023-06-23 15:54:00-04:00,1.1050000190734863,1.1100000143051147,1.100000023841858,1.1050000190734863,23052,0.0,0.0,2023-06-23
379,2023-06-23 15:55:00-04:00,1.1050000190734863,1.1100000143051147,1.100000023841858,1.1100000143051147,59836,0.0,0.0,2023-06-23
380,2023-06-23 15:56:00-04:00,1.1050000190734863,1.1100000143051147,1.100000023841858,1.1050000190734863,15081,0.0,0.0,2023-06-23
381,2023-06-23 15:57:00-04:00,1.1050000190734863,1.1100000143051147,1.100000023841858,1.107100009918213,25598,0.0,0.0,2023-06-23
382,2023-06-23 15:58:00-04:00,1.1050000190734863,1.1100000143051147,1.100000023841858,1.1050000190734863,92400,0.0,0.0,2023-06-23
383,2023-06-23 15:59:00-04:00,1.1100000143051147,1.1200000047683716,1.100000023841858,1.1050000190734863,108464,0.0,0.0,2023-06-23
0,2023-06-26 09:30:00-04:00,1.1299999952316284,1.1349999904632568,1.1200000047683716,1.1299999952316284,139267,0.0,0.0,2023-06-26
1,2023-06-26 09:31:00-04:00,1.128100037574768,1.1298999786376953,1.125,1.1298999786376953,5894,0.0,0.0,2023-06-26
2,2023-06-26 09:32:00-04:00,1.1299999952316284,1.1299999952316284,1.1200000047683716,1.1299999952316284,1338,0.0,0.0,2023-06-26
3,2023-06-26 09:33:00-04:00,1.125,1.1282999515533447,1.1200000047683716,1.1282999515533447,14453,0.0,0.0,2023-06-26
4,2023-06-26 09:34:00-04:00,1.125,1.1299999952316284,1.1200000047683716,1.1299999952316284,34177,0.0,0.0,2023-06-26
5,2023-06-26 09:35:00-04:00,1.1299999952316284,1.1299999952316284,1.1279000043869019,1.1299999952316284,11707,0.0,0.0,2023-06-26
6,2023-06-26 09:36:00-04:00,1.1299999952316284,1.1299999952316284,1.1277999877929688,1.1298999786376953,28479,0.0,0.0,2023-06-26
7,2023-06-26 09:37:00-04:00,1.1299999952316284,1.1399999856948853,1.1299999952316284,1.1399999856948853,11716,0.0,0.0,2023-06-26
8,2023-06-26 09:38:00-04:00,1.1399999856948853,1.1399999856948853,1.1306999921798706,1.1399999856948853,18282,0.0,0.0,2023-06-26
9,2023-06-26 09:39:00-04:00,1.1390000581741333,1.1399999856948853,1.1299999952316284,1.1399999856948853,14510,0.0,0.0,2023-06-26
10,2023-06-26 09:40:00-04:00,1.1349999904632568,1.149999976158142,1.1349999904632568,1.1449999809265137,21742,0.0,0.0,2023-06-26
11,2023-06-26 09:41:00-04:00,1.1399999856948853,1.149999976158142,1.1399999856948853,1.1411000490188599,12934,0.0,0.0,2023-06-26
12,2023-06-26 09:42:00-04:00,1.1416000127792358,1.1491999626159668,1.1399999856948853,1.1399999856948853,14535,0.0,0.0,2023-06-26
13,2023-06-26 09:43:00-04:00,1.1399999856948853,1.1399999856948853,1.1299999952316284,1.1299999952316284,3690,0.0,0.0,2023-06-26
14,2023-06-26 09:44:00-04:00,1.1299999952316284,1.1399999856948853,1.1299999952316284,1.1349999904632568,32034,0.0,0.0,2023-06-26
15,2023-06-26 09:45:00-04:00,1.13100004196167,1.1399999856948853,1.1299999952316284,1.1376999616622925,2341,0.0,0.0,2023-06-26
16,2023-06-26 09:46:00-04:00,1.1299999952316284,1.1399999856948853,1.1299999952316284,1.1299999952316284,12352,0.0,0.0,2023-06-26
17,2023-06-26 09:47:00-04:00,1.1349999904632568,1.1399999856948853,1.1349999904632568,1.1399999856948853,808,0.0,0.0,2023-06-26
18,2023-06-26 09:48:00-04:00,1.1349999904632568,1.1399999856948853,1.1349999904632568,1.1399999856948853,2140,0.0,0.0,2023-06-26
19,2023-06-26 09:49:00-04:00,1.1380000114440918,1.1399999856948853,1.1349999904632568,1.1349999904632568,2415,0.0,0.0,2023-06-26
20,2023-06-26 09:50:00-04:00,1.1349999904632568,1.1399999856948853,1.1349999904632568,1.1399999856948853,631,0.0,0.0,2023-06-26
21,2023-06-26 09:51:00-04:00,1.1349999904632568,1.149999976158142,1.1349999904632568,1.149999976158142,18990,0.0,0.0,2023-06-26
22,2023-06-26 09:52:00-04:00,1.1449999809265137,1.149999976158142,1.1399999856948853,1.1404999494552612,6346,0.0,0.0,2023-06-26
23,2023-06-26 09:53:00-04:00,1.1449999809265137,1.1449999809265137,1.1412999629974365,1.1412999629974365,4561,0.0,0.0,2023-06-26
24,2023-06-26 09:54:00-04:00,1.1399999856948853,1.1449999809265137,1.1399999856948853,1.1449999809265137,4042,0.0,0.0,2023-06-26
25,2023-06-26 09:55:00-04:00,1.149999976158142,1.149999976158142,1.1449999809265137,1.149999976158142,10254,0.0,0.0,2023-06-26
26,2023-06-26 09:56:00-04:00,1.149999976158142,1.149999976158142,1.1449999809265137,1.1449999809265137,2054,0.0,0.0,2023-06-26
27,2023-06-26 09:57:00-04:00,1.1449999809265137,1.149999976158142,1.1414999961853027,1.1482000350952148,5402,0.0,0.0,2023-06-26
28,2023-06-26 09:58:00-04:00,1.149999976158142,1.149999976158142,1.1401000022888184,1.1449999809265137,13150,0.0,0.0,2023-06-26
29,2023-06-26 09:59:00-04:00,1.149999976158142,1.149999976158142,1.1399999856948853,1.149999976158142,933,0.0,0.0,2023-06-26
30,2023-06-26 10:00:00-04:00,1.1483999490737915,1.149999976158142,1.1399999856948853,1.1404999494552612,5480,0.0,0.0,2023-06-26
31,2023-06-26 10:01:00-04:00,1.1449999809265137,1.1461999416351318,1.1349999904632568,1.1349999904632568,18470,0.0,0.0,2023-06-26
32,2023-06-26 10:02:00-04:00,1.1399999856948853,1.1399999856948853,1.1319999694824219,1.1349999904632568,992,0.0,0.0,2023-06-26
33,2023-06-26 10:03:00-04:00,1.1349999904632568,1.1399999856948853,1.1299999952316284,1.1398999691009521,3817,0.0,0.0,2023-06-26
34,2023-06-26 10:04:00-04:00,1.1349999904632568,1.1349999904632568,1.1299999952316284,1.1318999528884888,14935,0.0,0.0,2023-06-26
35,2023-06-26 10:05:00-04:00,1.1349999904632568,1.1399999856948853,1.1299999952316284,1.1349999904632568,19600,0.0,0.0,2023-06-26
36,2023-06-26 10:06:00-04:00,1.1349999904632568,1.1349999904632568,1.1299999952316284,1.1349999904632568,736,0.0,0.0,2023-06-26
37,2023-06-26 10:07:00-04:00,1.1384999752044678,1.1384999752044678,1.1349999904632568,1.1349999904632568,3295,0.0,0.0,2023-06-26
38,2023-06-26 10:08:00-04:00,1.1349999904632568,1.1349999904632568,1.1299999952316284,1.1304999589920044,13755,0.0,0.0,2023-06-26
39,2023-06-26 10:09:00-04:00,1.1349999904632568,1.1349999904632568,1.131500005722046,1.1349999904632568,1738,0.0,0.0,2023-06-26
40,2023-06-26 10:10:00-04:00,1.1299999952316284,1.1349999904632568,1.1299999952316284,1.1349999904632568,2278,0.0,0.0,2023-06-26
41,2023-06-26 10:11:00-04:00,1.1309000253677368,1.1349999904632568,1.1299999952316284,1.1349999904632568,1119,0.0,0.0,2023-06-26
42,2023-06-26 10:12:00-04:00,1.1299999952316284,1.1349999904632568,1.125,1.125,8335,0.0,0.0,2023-06-26
43,2023-06-26 10:13:00-04:00,1.1299999952316284,1.1299999952316284,1.1200000047683716,1.1289000511169434,1995,0.0,0.0,2023-06-26
44,2023-06-26 10:14:00-04:00,1.125,1.1299999952316284,1.125,1.125,5892,0.0,0.0,2023-06-26
45,2023-06-26 10:15:00-04:00,1.125,1.1282999515533447,1.1200000047683716,1.1200000047683716,2540,0.0,0.0,2023-06-26
46,2023-06-26 10:16:00-04:00,1.125,1.1385999917984009,1.1200000047683716,1.1385999917984009,38702,0.0,0.0,2023-06-26
47,2023-06-26 10:17:00-04:00,1.1349999904632568,1.1399999856948853,1.1349999904632568,1.139799952507019,7825,0.0,0.0,2023-06-26
48,2023-06-26 10:18:00-04:00,1.1349999904632568,1.1349999904632568,1.1349999904632568,1.1349999904632568,2420,0.0,0.0,2023-06-26
49,2023-06-26 10:19:00-04:00,1.1349999904632568,1.1349999904632568,1.1349999904632568,1.1349999904632568,423,0.0,0.0,2023-06-26
50,2023-06-26 10:20:00-04:00,1.1332999467849731,1.1349999904632568,1.125,1.125,35125,0.0,0.0,2023-06-26
51,2023-06-26 10:21:00-04:00,1.125,1.125,1.1200000047683716,1.125,2771,0.0,0.0,2023-06-26
52,2023-06-26 10:22:00-04:00,1.125,1.1299999952316284,1.125,1.1263999938964844,3216,0.0,0.0,2023-06-26
53,2023-06-26 10:23:00-04:00,1.1239999532699585,1.125,1.1239999532699585,1.125,1333,0.0,0.0,2023-06-26
54,2023-06-26 10:24:00-04:00,1.125,1.125,1.1200000047683716,1.1222000122070312,10890,0.0,0.0,2023-06-26
55,2023-06-26 10:25:00-04:00,1.125,1.125,1.1200000047683716,1.1200000047683716,1280,0.0,0.0,2023-06-26
56,2023-06-26 10:26:00-04:00,1.1200000047683716,1.125,1.1100000143051147,1.1100000143051147,26723,0.0,0.0,2023-06-26
57,2023-06-26 10:27:00-04:00,1.1150000095367432,1.1194000244140625,1.1100000143051147,1.1150000095367432,17608,0.0,0.0,2023-06-26
58,2023-06-26 10:28:00-04:00,1.1200000047683716,1.1200000047683716,1.1150000095367432,1.1150000095367432,2848,0.0,0.0,2023-06-26
59,2023-06-26 10:29:00-04:00,1.1150000095367432,1.125,1.1100000143051147,1.125,26021,0.0,0.0,2023-06-26
60,2023-06-26 10:30:00-04:00,1.1200000047683716,1.125,1.1200000047683716,1.125,361,0.0,0.0,2023-06-26
61,2023-06-26 10:31:00-04:00,1.121000051498413,1.129699945449829,1.1200000047683716,1.125,16806,0.0,0.0,2023-06-26
62,2023-06-26 10:32:00-04:00,1.125,1.125,1.1200000047683716,1.1200000047683716,2100,0.0,0.0,2023-06-26
63,2023-06-26 10:33:00-04:00,1.125,1.125,1.1100000143051147,1.1100000143051147,9505,0.0,0.0,2023-06-26
64,2023-06-26 10:34:00-04:00,1.1150000095367432,1.1150000095367432,1.1150000095367432,1.1150000095367432,2703,0.0,0.0,2023-06-26
65,2023-06-26 10:35:00-04:00,1.1150000095367432,1.1190999746322632,1.1100000143051147,1.1119999885559082,2777,0.0,0.0,2023-06-26
66,2023-06-26 10:36:00-04:00,1.1150000095367432,1.1150000095367432,1.1115000247955322,1.1115000247955322,2810,0.0,0.0,2023-06-26
67,2023-06-26 10:37:00-04:00,1.1198999881744385,1.1198999881744385,1.1150000095367432,1.1150000095367432,700,0.0,0.0,2023-06-26
68,2023-06-26 10:38:00-04:00,1.1160999536514282,1.1160999536514282,1.1100000143051147,1.1100000143051147,2073,0.0,0.0,2023-06-26
69,2023-06-26 10:39:00-04:00,1.1115000247955322,1.1150000095367432,1.1100000143051147,1.1150000095367432,3895,0.0,0.0,2023-06-26
70,2023-06-26 10:40:00-04:00,1.1150000095367432,1.1150000095367432,1.1100000143051147,1.1100000143051147,12786,0.0,0.0,2023-06-26
71,2023-06-26 10:41:00-04:00,1.1100000143051147,1.1150000095367432,1.1100000143051147,1.1100000143051147,2037,0.0,0.0,2023-06-26
72,2023-06-26 10:42:00-04:00,1.1100000143051147,1.1196999549865723,1.1100000143051147,1.1100000143051147,1612,0.0,0.0,2023-06-26
73,2023-06-26 10:43:00-04:00,1.1100000143051147,1.1191999912261963,1.1100000143051147,1.1100000143051147,3892,0.0,0.0,2023-06-26
74,2023-06-26 10:44:00-04:00,1.1100000143051147,1.1200000047683716,1.1100000143051147,1.1150000095367432,6972,0.0,0.0,2023-06-26
75,2023-06-26 10:45:00-04:00,1.1117000579833984,1.1150000095367432,1.1100000143051147,1.1100000143051147,3251,0.0,0.0,2023-06-26
76,2023-06-26 10:46:00-04:00,1.1150000095367432,1.1150000095367432,1.1100000143051147,1.1150000095367432,2005,0.0,0.0,2023-06-26
77,2023-06-26 10:47:00-04:00,1.1100000143051147,1.1194000244140625,1.1100000143051147,1.1150000095367432,7505,0.0,0.0,2023-06-26
78,2023-06-26 10:48:00-04:00,1.1100000143051147,1.1190999746322632,1.1100000143051147,1.1100000143051147,14406,0.0,0.0,2023-06-26
79,2023-06-26 10:49:00-04:00,1.1159000396728516,1.1200000047683716,1.1100000143051147,1.1150000095367432,1987,0.0,0.0,2023-06-26
80,2023-06-26 10:50:00-04:00,1.1100000143051147,1.1187000274658203,1.1100000143051147,1.1100000143051147,3414,0.0,0.0,2023-06-26
81,2023-06-26 10:51:00-04:00,1.1100000143051147,1.1194000244140625,1.1100000143051147,1.1100000143051147,2940,0.0,0.0,2023-06-26
82,2023-06-26 10:52:00-04:00,1.1150000095367432,1.1200000047683716,1.1100000143051147,1.1100000143051147,7846,0.0,0.0,2023-06-26
83,2023-06-26 10:53:00-04:00,1.1100000143051147,1.1150000095367432,1.1100000143051147,1.1100000143051147,2088,0.0,0.0,2023-06-26
84,2023-06-26 10:54:00-04:00,1.1100000143051147,1.1200000047683716,1.1100000143051147,1.1150000095367432,26009,0.0,0.0,2023-06-26
85,2023-06-26 10:55:00-04:00,1.1117000579833984,1.1200000047683716,1.1100000143051147,1.1100000143051147,6383,0.0,0.0,2023-06-26
86,2023-06-26 10:56:00-04:00,1.1150000095367432,1.1150000095367432,1.1100000143051147,1.1100000143051147,2510,0.0,0.0,2023-06-26
87,2023-06-26 10:57:00-04:00,1.1150000095367432,1.1150000095367432,1.1100000143051147,1.1100000143051147,855,0.0,0.0,2023-06-26
88,2023-06-26 10:58:00-04:00,1.1100000143051147,1.1119999885559082,1.1100000143051147,1.1100000143051147,1267,0.0,0.0,2023-06-26
89,2023-06-26 10:59:00-04:00,1.1100000143051147,1.1150000095367432,1.1100000143051147,1.1100000143051147,1408,0.0,0.0,2023-06-26
90,2023-06-26 11:00:00-04:00,1.1100000143051147,1.1100000143051147,1.1100000143051147,1.1100000143051147,615,0.0,0.0,2023-06-26
91,2023-06-26 11:01:00-04:00,1.1100000143051147,1.1196999549865723,1.1100000143051147,1.1100000143051147,1789,0.0,0.0,2023-06-26
92,2023-06-26 11:02:00-04:00,1.1100000143051147,1.1119999885559082,1.1100000143051147,1.1100000143051147,3078,0.0,0.0,2023-06-26
93,2023-06-26 11:03:00-04:00,1.1100000143051147,1.1150000095367432,1.1100000143051147,1.1100000143051147,1228,0.0,0.0,2023-06-26
94,2023-06-26 11:04:00-04:00,1.1150000095367432,1.1181000471115112,1.1100000143051147,1.1119999885559082,1553,0.0,0.0,2023-06-26
95,2023-06-26 11:05:00-04:00,1.1100000143051147,1.1150000095367432,1.1100000143051147,1.1100000143051147,1211,0.0,0.0,2023-06-26
96,2023-06-26 11:06:00-04:00,1.1100000143051147,1.1150000095367432,1.1100000143051147,1.1100000143051147,3590,0.0,0.0,2023-06-26
97,2023-06-26 11:07:00-04:00,1.1100000143051147,1.1146999597549438,1.1100000143051147,1.1100000143051147,53151,0.0,0.0,2023-06-26
98,2023-06-26 11:08:00-04:00,1.1100000143051147,1.1100000143051147,1.100000023841858,1.100000023841858,8022,0.0,0.0,2023-06-26
99,2023-06-26 11:09:00-04:00,1.100000023841858,1.1098999977111816,1.100000023841858,1.1098999977111816,5967,0.0,0.0,2023-06-26
100,2023-06-26 11:10:00-04:00,1.1050000190734863,1.1085000038146973,1.100000023841858,1.1050000190734863,1106,0.0,0.0,2023-06-26
101,2023-06-26 11:11:00-04:00,1.1050000190734863,1.1100000143051147,1.100000023841858,1.1030999422073364,4141,0.0,0.0,2023-06-26
102,2023-06-26 11:12:00-04:00,1.1100000143051147,1.1150000095367432,1.1100000143051147,1.1150000095367432,23117,0.0,0.0,2023-06-26
103,2023-06-26 11:13:00-04:00,1.1150000095367432,1.1200000047683716,1.1150000095367432,1.1150000095367432,2381,0.0,0.0,2023-06-26
104,2023-06-26 11:15:00-04:00,1.111799955368042,1.1200000047683716,1.1100000143051147,1.1150000095367432,12814,0.0,0.0,2023-06-26
105,2023-06-26 11:16:00-04:00,1.1150000095367432,1.1150000095367432,1.1124999523162842,1.1150000095367432,479,0.0,0.0,2023-06-26
106,2023-06-26 11:17:00-04:00,1.1102999448776245,1.1187000274658203,1.1102999448776245,1.1187000274658203,1151,0.0,0.0,2023-06-26
107,2023-06-26 11:18:00-04:00,1.1100000143051147,1.1150000095367432,1.1100000143051147,1.1150000095367432,637,0.0,0.0,2023-06-26
108,2023-06-26 11:20:00-04:00,1.1100000143051147,1.1150000095367432,1.1100000143051147,1.1100000143051147,3876,0.0,0.0,2023-06-26
109,2023-06-26 11:21:00-04:00,1.1100000143051147,1.1131999492645264,1.1100000143051147,1.1100000143051147,7756,0.0,0.0,2023-06-26
110,2023-06-26 11:22:00-04:00,1.1100000143051147,1.1100000143051147,1.1050000190734863,1.1050000190734863,28866,0.0,0.0,2023-06-26
111,2023-06-26 11:23:00-04:00,1.1031999588012695,1.1100000143051147,1.1031999588012695,1.1100000143051147,506,0.0,0.0,2023-06-26
112,2023-06-26 11:24:00-04:00,1.100000023841858,1.1174999475479126,1.100000023841858,1.1174999475479126,27306,0.0,0.0,2023-06-26
113,2023-06-26 11:25:00-04:00,1.1100000143051147,1.1200000047683716,1.1100000143051147,1.1150000095367432,678,0.0,0.0,2023-06-26
114,2023-06-26 11:26:00-04:00,1.1150000095367432,1.1200000047683716,1.1100000143051147,1.1200000047683716,12607,0.0,0.0,2023-06-26
115,2023-06-26 11:27:00-04:00,1.1200000047683716,1.1205999851226807,1.1200000047683716,1.1205999851226807,28824,0.0,0.0,2023-06-26
116,2023-06-26 11:28:00-04:00,1.125,1.1299999952316284,1.1200000047683716,1.125,5021,0.0,0.0,2023-06-26
117,2023-06-26 11:29:00-04:00,1.125,1.125,1.125,1.125,1324,0.0,0.0,2023-06-26
118,2023-06-26 11:30:00-04:00,1.1200000047683716,1.125,1.1200000047683716,1.125,738,0.0,0.0,2023-06-26
119,2023-06-26 11:31:00-04:00,1.128000020980835,1.128000020980835,1.128000020980835,1.128000020980835,106,0.0,0.0,2023-06-26
120,2023-06-26 11:32:00-04:00,1.125,1.125,1.1200000047683716,1.1200000047683716,1902,0.0,0.0,2023-06-26
121,2023-06-26 11:33:00-04:00,1.125,1.125,1.1200000047683716,1.125,3336,0.0,0.0,2023-06-26
122,2023-06-26 11:34:00-04:00,1.1200000047683716,1.125,1.1200000047683716,1.1200000047683716,11938,0.0,0.0,2023-06-26
123,2023-06-26 11:36:00-04:00,1.125,1.125,1.125,1.125,144,0.0,0.0,2023-06-26
124,2023-06-26 11:37:00-04:00,1.1200000047683716,1.1200000047683716,1.1200000047683716,1.1200000047683716,114,0.0,0.0,2023-06-26
125,2023-06-26 11:38:00-04:00,1.1203999519348145,1.125,1.1200000047683716,1.125,24296,0.0,0.0,2023-06-26
126,2023-06-26 11:39:00-04:00,1.1200000047683716,1.125,1.1150000095367432,1.1150000095367432,9615,0.0,0.0,2023-06-26
127,2023-06-26 11:40:00-04:00,1.1200000047683716,1.1200000047683716,1.1150000095367432,1.1150000095367432,12959,0.0,0.0,2023-06-26
128,2023-06-26 11:41:00-04:00,1.1200000047683716,1.125,1.1100000143051147,1.1100000143051147,79402,0.0,0.0,2023-06-26
129,2023-06-26 11:42:00-04:00,1.1131999492645264,1.1150000095367432,1.1131999492645264,1.1150000095367432,1222,0.0,0.0,2023-06-26
130,2023-06-26 11:43:00-04:00,1.1100000143051147,1.1150000095367432,1.1100000143051147,1.1150000095367432,322,0.0,0.0,2023-06-26
131,2023-06-26 11:44:00-04:00,1.1150000095367432,1.1150000095367432,1.1150000095367432,1.1150000095367432,239,0.0,0.0,2023-06-26
132,2023-06-26 11:45:00-04:00,1.1150000095367432,1.1150000095367432,1.1150000095367432,1.1150000095367432,746,0.0,0.0,2023-06-26
133,2023-06-26 11:46:00-04:00,1.1101000308990479,1.1101000308990479,1.1101000308990479,1.1101000308990479,227,0.0,0.0,2023-06-26
134,2023-06-26 11:47:00-04:00,1.1150000095367432,1.1150000095367432,1.1150000095367432,1.1150000095367432,4782,0.0,0.0,2023-06-26
135,2023-06-26 11:48:00-04:00,1.1150000095367432,1.118399977684021,1.1100000143051147,1.1100000143051147,528,0.0,0.0,2023-06-26
136,2023-06-26 11:49:00-04:00,1.1100000143051147,1.1150000095367432,1.1100000143051147,1.1150000095367432,1327,0.0,0.0,2023-06-26
137,2023-06-26 11:50:00-04:00,1.1100000143051147,1.1200000047683716,1.1100000143051147,1.1150000095367432,10939,0.0,0.0,2023-06-26
138,2023-06-26 11:51:00-04:00,1.1150000095367432,1.1200000047683716,1.1100000143051147,1.1150000095367432,1900,0.0,0.0,2023-06-26
139,2023-06-26 11:52:00-04:00,1.1150000095367432,1.1200000047683716,1.1100000143051147,1.1200000047683716,1541,0.0,0.0,2023-06-26
140,2023-06-26 11:53:00-04:00,1.1100000143051147,1.1200000047683716,1.1100000143051147,1.1100000143051147,9565,0.0,0.0,2023-06-26
141,2023-06-26 11:54:00-04:00,1.1190999746322632,1.1200000047683716,1.1100000143051147,1.1150000095367432,4855,0.0,0.0,2023-06-26
142,2023-06-26 11:55:00-04:00,1.1100000143051147,1.1200000047683716,1.1100000143051147,1.1100000143051147,3745,0.0,0.0,2023-06-26
143,2023-06-26 11:56:00-04:00,1.1100000143051147,1.1100000143051147,1.1100000143051147,1.1100000143051147,1004,0.0,0.0,2023-06-26
144,2023-06-26 11:57:00-04:00,1.1150000095367432,1.1150000095367432,1.1100000143051147,1.1100000143051147,1319,0.0,0.0,2023-06-26
145,2023-06-26 11:58:00-04:00,1.1150000095367432,1.1150000095367432,1.1100000143051147,1.1100000143051147,1567,0.0,0.0,2023-06-26
146,2023-06-26 11:59:00-04:00,1.1100000143051147,1.1150000095367432,1.1100000143051147,1.1100000143051147,1481,0.0,0.0,2023-06-26
147,2023-06-26 12:00:00-04:00,1.1100000143051147,1.1150000095367432,1.1100000143051147,1.1100000143051147,1067,0.0,0.0,2023-06-26
148,2023-06-26 12:01:00-04:00,1.1100000143051147,1.1200000047683716,1.1100000143051147,1.1150000095367432,3523,0.0,0.0,2023-06-26
149,2023-06-26 12:02:00-04:00,1.1100000143051147,1.1150000095367432,1.1100000143051147,1.1100000143051147,3129,0.0,0.0,2023-06-26
150,2023-06-26 12:03:00-04:00,1.1100000143051147,1.1100000143051147,1.1100000143051147,1.1100000143051147,3587,0.0,0.0,2023-06-26
151,2023-06-26 12:04:00-04:00,1.1100000143051147,1.1150000095367432,1.1100000143051147,1.1150000095367432,20863,0.0,0.0,2023-06-26
152,2023-06-26 12:05:00-04:00,1.1100000143051147,1.1100000143051147,1.100000023841858,1.100000023841858,46784,0.0,0.0,2023-06-26
153,2023-06-26 12:06:00-04:00,1.100000023841858,1.1081000566482544,1.100000023841858,1.1081000566482544,36464,0.0,0.0,2023-06-26
154,2023-06-26 12:07:00-04:00,1.100000023841858,1.1089999675750732,1.100000023841858,1.1089999675750732,2070,0.0,0.0,2023-06-26
155,2023-06-26 12:08:00-04:00,1.100000023841858,1.1050000190734863,1.100000023841858,1.100000023841858,4445,0.0,0.0,2023-06-26
156,2023-06-26 12:09:00-04:00,1.1050000190734863,1.1096999645233154,1.100000023841858,1.1096999645233154,696,0.0,0.0,2023-06-26
157,2023-06-26 12:10:00-04:00,1.100000023841858,1.1009999513626099,1.090000033378601,1.0950000286102295,83776,0.0,0.0,2023-06-26
158,2023-06-26 12:11:00-04:00,1.090000033378601,1.0961999893188477,1.090000033378601,1.0950000286102295,6014,0.0,0.0,2023-06-26
159,2023-06-26 12:12:00-04:00,1.090000033378601,1.0950000286102295,1.090000033378601,1.090000033378601,1605,0.0,0.0,2023-06-26
160,2023-06-26 12:13:00-04:00,1.090000033378601,1.100000023841858,1.090000033378601,1.0950000286102295,10132,0.0,0.0,2023-06-26
161,2023-06-26 12:14:00-04:00,1.0950000286102295,1.0999000072479248,1.090000033378601,1.0999000072479248,1931,0.0,0.0,2023-06-26
162,2023-06-26 12:15:00-04:00,1.0950000286102295,1.107800006866455,1.090000033378601,1.100000023841858,48065,0.0,0.0,2023-06-26
163,2023-06-26 12:16:00-04:00,1.1100000143051147,1.1100000143051147,1.100000023841858,1.100000023841858,1757,0.0,0.0,2023-06-26
164,2023-06-26 12:17:00-04:00,1.100000023841858,1.1050000190734863,1.100000023841858,1.100000023841858,1060,0.0,0.0,2023-06-26
165,2023-06-26 12:18:00-04:00,1.1050000190734863,1.1085000038146973,1.100000023841858,1.100000023841858,1738,0.0,0.0,2023-06-26
166,2023-06-26 12:19:00-04:00,1.1050000190734863,1.1050000190734863,1.1002999544143677,1.1002999544143677,3113,0.0,0.0,2023-06-26
167,2023-06-26 12:20:00-04:00,1.100000023841858,1.103600025177002,1.100000023841858,1.103600025177002,1755,0.0,0.0,2023-06-26
168,2023-06-26 12:21:00-04:00,1.1023000478744507,1.1039999723434448,1.1023000478744507,1.1039999723434448,682,0.0,0.0,2023-06-26
169,2023-06-26 12:22:00-04:00,1.1017999649047852,1.1017999649047852,1.100000023841858,1.100000023841858,1559,0.0,0.0,2023-06-26
170,2023-06-26 12:23:00-04:00,1.1050000190734863,1.1050000190734863,1.100000023841858,1.1050000190734863,1227,0.0,0.0,2023-06-26
171,2023-06-26 12:24:00-04:00,1.100000023841858,1.1052000522613525,1.100000023841858,1.100000023841858,2117,0.0,0.0,2023-06-26
172,2023-06-26 12:25:00-04:00,1.100000023841858,1.1050000190734863,1.090000033378601,1.0950000286102295,297794,0.0,0.0,2023-06-26
173,2023-06-26 12:26:00-04:00,1.090000033378601,1.1050000190734863,1.090000033378601,1.1050000190734863,141976,0.0,0.0,2023-06-26
174,2023-06-26 12:27:00-04:00,1.1050000190734863,1.1050000190734863,1.100000023841858,1.1050000190734863,5378,0.0,0.0,2023-06-26
175,2023-06-26 12:28:00-04:00,1.1050000190734863,1.1050000190734863,1.1050000190734863,1.1050000190734863,418,0.0,0.0,2023-06-26
176,2023-06-26 12:29:00-04:00,1.1050000190734863,1.1069999933242798,1.1050000190734863,1.1069999933242798,535,0.0,0.0,2023-06-26
177,2023-06-26 12:30:00-04:00,1.100000023841858,1.1050000190734863,1.100000023841858,1.1050000190734863,202,0.0,0.0,2023-06-26
178,2023-06-26 12:31:00-04:00,1.100000023841858,1.1085000038146973,1.100000023841858,1.1085000038146973,4543,0.0,0.0,2023-06-26
179,2023-06-26 12:32:00-04:00,1.1065000295639038,1.1065000295639038,1.100000023841858,1.1004999876022339,3159,0.0,0.0,2023-06-26
180,2023-06-26 12:33:00-04:00,1.100000023841858,1.1200000047683716,1.100000023841858,1.1150000095367432,140448,0.0,0.0,2023-06-26
181,2023-06-26 12:34:00-04:00,1.1150000095367432,1.1150000095367432,1.1150000095367432,1.1150000095367432,380,0.0,0.0,2023-06-26
182,2023-06-26 12:35:00-04:00,1.1150000095367432,1.1198999881744385,1.1150000095367432,1.1198999881744385,678,0.0,0.0,2023-06-26
183,2023-06-26 12:37:00-04:00,1.118499994277954,1.1200000047683716,1.1150000095367432,1.118499994277954,3292,0.0,0.0,2023-06-26
184,2023-06-26 12:38:00-04:00,1.1109000444412231,1.1193000078201294,1.1100000143051147,1.1100000143051147,26381,0.0,0.0,2023-06-26
185,2023-06-26 12:40:00-04:00,1.1150000095367432,1.1150000095367432,1.1150000095367432,1.1150000095367432,592,0.0,0.0,2023-06-26
186,2023-06-26 12:41:00-04:00,1.1150000095367432,1.1198999881744385,1.1100000143051147,1.1150000095367432,12781,0.0,0.0,2023-06-26
187,2023-06-26 12:42:00-04:00,1.1150000095367432,1.1150000095367432,1.1050000190734863,1.1050000190734863,189126,0.0,0.0,2023-06-26
188,2023-06-26 12:43:00-04:00,1.100000023841858,1.1050000190734863,1.100000023841858,1.100000023841858,13162,0.0,0.0,2023-06-26
189,2023-06-26 12:44:00-04:00,1.1050000190734863,1.1050000190734863,1.100000023841858,1.100000023841858,2800,0.0,0.0,2023-06-26
190,2023-06-26 12:45:00-04:00,1.1050000190734863,1.1050000190734863,1.100000023841858,1.100000023841858,6453,0.0,0.0,2023-06-26
191,2023-06-26 12:46:00-04:00,1.100000023841858,1.100000023841858,1.100000023841858,1.100000023841858,3185,0.0,0.0,2023-06-26
192,2023-06-26 12:47:00-04:00,1.100000023841858,1.1050000190734863,1.100000023841858,1.100000023841858,58001,0.0,0.0,2023-06-26
193,2023-06-26 12:48:00-04:00,1.100000023841858,1.1050000190734863,1.100000023841858,1.100000023841858,4450,0.0,0.0,2023-06-26
194,2023-06-26 12:49:00-04:00,1.100000023841858,1.1050000190734863,1.100000023841858,1.100000023841858,5044,0.0,0.0,2023-06-26
195,2023-06-26 12:50:00-04:00,1.100000023841858,1.100000023841858,1.100000023841858,1.100000023841858,3900,0.0,0.0,2023-06-26
196,2023-06-26 12:51:00-04:00,1.100000023841858,1.1085000038146973,1.100000023841858,1.100000023841858,3321,0.0,0.0,2023-06-26
197,2023-06-26 12:52:00-04:00,1.1050000190734863,1.1083999872207642,1.100000023841858,1.100000023841858,3454,0.0,0.0,2023-06-26
198,2023-06-26 12:53:00-04:00,1.100000023841858,1.1083999872207642,1.100000023841858,1.1050000190734863,3914,0.0,0.0,2023-06-26
199,2023-06-26 12:54:00-04:00,1.100000023841858,1.1050000190734863,1.100000023841858,1.1050000190734863,3651,0.0,0.0,2023-06-26
200,2023-06-26 12:55:00-04:00,1.100000023841858,1.100000023841858,1.100000023841858,1.100000023841858,4555,0.0,0.0,2023-06-26
201,2023-06-26 12:56:00-04:00,1.100000023841858,1.100600004196167,1.100000023841858,1.100000023841858,3500,0.0,0.0,2023-06-26
202,2023-06-26 12:57:00-04:00,1.100000023841858,1.1050000190734863,1.100000023841858,1.100000023841858,6185,0.0,0.0,2023-06-26
203,2023-06-26 12:58:00-04:00,1.100000023841858,1.1098999977111816,1.100000023841858,1.1098999977111816,4386,0.0,0.0,2023-06-26
204,2023-06-26 12:59:00-04:00,1.100000023841858,1.1050000190734863,1.100000023841858,1.100000023841858,2707,0.0,0.0,2023-06-26
205,2023-06-26 13:00:00-04:00,1.100000023841858,1.1095000505447388,1.100000023841858,1.100000023841858,4298,0.0,0.0,2023-06-26
206,2023-06-26 13:01:00-04:00,1.100000023841858,1.104099988937378,1.100000023841858,1.100000023841858,2300,0.0,0.0,2023-06-26
207,2023-06-26 13:02:00-04:00,1.100000023841858,1.1050000190734863,1.100000023841858,1.100000023841858,2765,0.0,0.0,2023-06-26
208,2023-06-26 13:03:00-04:00,1.100000023841858,1.1050000190734863,1.100000023841858,1.100000023841858,12817,0.0,0.0,2023-06-26
209,2023-06-26 13:04:00-04:00,1.100000023841858,1.1050000190734863,1.100000023841858,1.100000023841858,87796,0.0,0.0,2023-06-26
210,2023-06-26 13:05:00-04:00,1.100000023841858,1.100000023841858,1.0950000286102295,1.0950000286102295,19751,0.0,0.0,2023-06-26
211,2023-06-26 13:06:00-04:00,1.0999000072479248,1.0999000072479248,1.0999000072479248,1.0999000072479248,131,0.0,0.0,2023-06-26
212,2023-06-26 13:07:00-04:00,1.090000033378601,1.0950000286102295,1.090000033378601,1.0950000286102295,2878,0.0,0.0,2023-06-26
213,2023-06-26 13:08:00-04:00,1.0995999574661255,1.0995999574661255,1.0950000286102295,1.0950000286102295,2268,0.0,0.0,2023-06-26
214,2023-06-26 13:09:00-04:00,1.0950000286102295,1.0950000286102295,1.090000033378601,1.090000033378601,2922,0.0,0.0,2023-06-26
215,2023-06-26 13:10:00-04:00,1.090000033378601,1.100000023841858,1.090000033378601,1.0999000072479248,11379,0.0,0.0,2023-06-26
216,2023-06-26 13:11:00-04:00,1.090000033378601,1.0950000286102295,1.090000033378601,1.0950000286102295,501,0.0,0.0,2023-06-26
217,2023-06-26 13:12:00-04:00,1.0987999439239502,1.0993000268936157,1.090000033378601,1.0950000286102295,5759,0.0,0.0,2023-06-26
218,2023-06-26 13:13:00-04:00,1.0950000286102295,1.1050000190734863,1.0950000286102295,1.1050000190734863,97728,0.0,0.0,2023-06-26
219,2023-06-26 13:14:00-04:00,1.1050000190734863,1.1050000190734863,1.100000023841858,1.100000023841858,858,0.0,0.0,2023-06-26
220,2023-06-26 13:15:00-04:00,1.104599952697754,1.1050000190734863,1.100000023841858,1.1050000190734863,2521,0.0,0.0,2023-06-26
221,2023-06-26 13:16:00-04:00,1.1050000190734863,1.1100000143051147,1.1050000190734863,1.1100000143051147,500,0.0,0.0,2023-06-26
222,2023-06-26 13:17:00-04:00,1.1050000190734863,1.1050000190734863,1.1050000190734863,1.1050000190734863,300,0.0,0.0,2023-06-26
223,2023-06-26 13:18:00-04:00,1.1050000190734863,1.1050000190734863,1.100000023841858,1.100000023841858,200,0.0,0.0,2023-06-26
224,2023-06-26 13:19:00-04:00,1.1050000190734863,1.1050000190734863,1.100000023841858,1.100000023841858,621,0.0,0.0,2023-06-26
225,2023-06-26 13:20:00-04:00,1.100000023841858,1.1050000190734863,1.100000023841858,1.100000023841858,692,0.0,0.0,2023-06-26
226,2023-06-26 13:21:00-04:00,1.1050000190734863,1.1050000190734863,1.100000023841858,1.100000023841858,1800,0.0,0.0,2023-06-26
227,2023-06-26 13:22:00-04:00,1.100000023841858,1.1050000190734863,1.100000023841858,1.100000023841858,3545,0.0,0.0,2023-06-26
228,2023-06-26 13:23:00-04:00,1.100000023841858,1.1050000190734863,1.100000023841858,1.100000023841858,17847,0.0,0.0,2023-06-26
229,2023-06-26 13:24:00-04:00,1.100000023841858,1.100000023841858,1.100000023841858,1.100000023841858,2091,0.0,0.0,2023-06-26
230,2023-06-26 13:25:00-04:00,1.1050000190734863,1.1050000190734863,1.100000023841858,1.100000023841858,504,0.0,0.0,2023-06-26
231,2023-06-26 13:26:00-04:00,1.100000023841858,1.1098999977111816,1.100000023841858,1.1098999977111816,1564,0.0,0.0,2023-06-26
232,2023-06-26 13:27:00-04:00,1.100000023841858,1.1050000190734863,1.100000023841858,1.100000023841858,805,0.0,0.0,2023-06-26
233,2023-06-26 13:28:00-04:00,1.100000023841858,1.1057000160217285,1.100000023841858,1.100000023841858,1269,0.0,0.0,2023-06-26
234,2023-06-26 13:29:00-04:00,1.1057000160217285,1.1057000160217285,1.100000023841858,1.1050000190734863,10426,0.0,0.0,2023-06-26
235,2023-06-26 13:30:00-04:00,1.100000023841858,1.1100000143051147,1.100000023841858,1.1050000190734863,18804,0.0,0.0,2023-06-26
236,2023-06-26 13:31:00-04:00,1.1050000190734863,1.1050000190734863,1.1050000190734863,1.1050000190734863,373,0.0,0.0,2023-06-26
237,2023-06-26 13:32:00-04:00,1.1050000190734863,1.1100000143051147,1.1050000190734863,1.1050000190734863,1309,0.0,0.0,2023-06-26
238,2023-06-26 13:33:00-04:00,1.1085000038146973,1.1089999675750732,1.1050000190734863,1.1050000190734863,1800,0.0,0.0,2023-06-26
239,2023-06-26 13:34:00-04:00,1.1085000038146973,1.1085000038146973,1.100000023841858,1.1085000038146973,5122,0.0,0.0,2023-06-26
240,2023-06-26 13:35:00-04:00,1.1085000038146973,1.1085000038146973,1.1050000190734863,1.1085000038146973,1100,0.0,0.0,2023-06-26
241,2023-06-26 13:36:00-04:00,1.1085000038146973,1.1085000038146973,1.100000023841858,1.1050000190734863,939,0.0,0.0,2023-06-26
242,2023-06-26 13:37:00-04:00,1.1050000190734863,1.1100000143051147,1.1050000190734863,1.1050000190734863,5092,0.0,0.0,2023-06-26
243,2023-06-26 13:38:00-04:00,1.1050000190734863,1.1050000190734863,1.1050000190734863,1.1050000190734863,200,0.0,0.0,2023-06-26
244,2023-06-26 13:39:00-04:00,1.1100000143051147,1.1100000143051147,1.1050000190734863,1.1100000143051147,7637,0.0,0.0,2023-06-26
245,2023-06-26 13:40:00-04:00,1.1100000143051147,1.1100000143051147,1.1095000505447388,1.1098999977111816,1408,0.0,0.0,2023-06-26
246,2023-06-26 13:41:00-04:00,1.100000023841858,1.1100000143051147,1.100000023841858,1.1100000143051147,408,0.0,0.0,2023-06-26
247,2023-06-26 13:42:00-04:00,1.100100040435791,1.100100040435791,1.100100040435791,1.100100040435791,562,0.0,0.0,2023-06-26
248,2023-06-26 13:44:00-04:00,1.1100000143051147,1.1100000143051147,1.1033999919891357,1.1050000190734863,11538,0.0,0.0,2023-06-26
249,2023-06-26 13:45:00-04:00,1.1100000143051147,1.1100000143051147,1.1100000143051147,1.1100000143051147,452,0.0,0.0,2023-06-26
250,2023-06-26 13:46:00-04:00,1.1015000343322754,1.1050000190734863,1.1015000343322754,1.1050000190734863,483,0.0,0.0,2023-06-26
251,2023-06-26 13:47:00-04:00,1.1100000143051147,1.1100000143051147,1.1100000143051147,1.1100000143051147,2359,0.0,0.0,2023-06-26
252,2023-06-26 13:48:00-04:00,1.1100000143051147,1.1100000143051147,1.100000023841858,1.1088000535964966,9390,0.0,0.0,2023-06-26
253,2023-06-26 13:49:00-04:00,1.1100000143051147,1.1100000143051147,1.1085000038146973,1.1085000038146973,662,0.0,0.0,2023-06-26
254,2023-06-26 13:50:00-04:00,1.1100000143051147,1.1100000143051147,1.1100000143051147,1.1100000143051147,110,0.0,0.0,2023-06-26
255,2023-06-26 13:51:00-04:00,1.1050000190734863,1.1100000143051147,1.1050000190734863,1.1100000143051147,842,0.0,0.0,2023-06-26
256,2023-06-26 13:52:00-04:00,1.1050000190734863,1.1050000190734863,1.1050000190734863,1.1050000190734863,248,0.0,0.0,2023-06-26
257,2023-06-26 13:53:00-04:00,1.1050000190734863,1.1050000190734863,1.1050000190734863,1.1050000190734863,1459,0.0,0.0,2023-06-26
258,2023-06-26 13:54:00-04:00,1.1050000190734863,1.1050000190734863,1.1050000190734863,1.1050000190734863,2300,0.0,0.0,2023-06-26
259,2023-06-26 13:55:00-04:00,1.1050000190734863,1.1050000190734863,1.100000023841858,1.1050000190734863,894,0.0,0.0,2023-06-26
260,2023-06-26 13:56:00-04:00,1.100000023841858,1.1050000190734863,1.100000023841858,1.1050000190734863,1104,0.0,0.0,2023-06-26
261,2023-06-26 13:57:00-04:00,1.100000023841858,1.1100000143051147,1.100000023841858,1.1050000190734863,2365,0.0,0.0,2023-06-26
262,2023-06-26 13:58:00-04:00,1.100000023841858,1.1100000143051147,1.100000023841858,1.1050000190734863,8162,0.0,0.0,2023-06-26
263,2023-06-26 13:59:00-04:00,1.1050000190734863,1.1100000143051147,1.1050000190734863,1.1050000190734863,3218,0.0,0.0,2023-06-26
264,2023-06-26 14:00:00-04:00,1.1050000190734863,1.1061999797821045,1.1050000190734863,1.1061999797821045,535,0.0,0.0,2023-06-26
265,2023-06-26 14:01:00-04:00,1.100000023841858,1.1100000143051147,1.100000023841858,1.1050000190734863,5452,0.0,0.0,2023-06-26
266,2023-06-26 14:02:00-04:00,1.1100000143051147,1.1100000143051147,1.100000023841858,1.1100000143051147,2615,0.0,0.0,2023-06-26
267,2023-06-26 14:03:00-04:00,1.100000023841858,1.1050000190734863,1.100000023841858,1.100000023841858,1313,0.0,0.0,2023-06-26
268,2023-06-26 14:04:00-04:00,1.1015000343322754,1.1100000143051147,1.1015000343322754,1.1050000190734863,2441,0.0,0.0,2023-06-26
269,2023-06-26 14:05:00-04:00,1.1100000143051147,1.1100000143051147,1.1100000143051147,1.1100000143051147,300,0.0,0.0,2023-06-26
270,2023-06-26 14:06:00-04:00,1.1050000190734863,1.105299949645996,1.1050000190734863,1.1050000190734863,900,0.0,0.0,2023-06-26
271,2023-06-26 14:07:00-04:00,1.1050000190734863,1.1050000190734863,1.100000023841858,1.100000023841858,631,0.0,0.0,2023-06-26
272,2023-06-26 14:08:00-04:00,1.1050000190734863,1.1050000190734863,1.100000023841858,1.100000023841858,524,0.0,0.0,2023-06-26
273,2023-06-26 14:09:00-04:00,1.100000023841858,1.1100000143051147,1.100000023841858,1.1100000143051147,9511,0.0,0.0,2023-06-26
274,2023-06-26 14:10:00-04:00,1.1050000190734863,1.1050000190734863,1.100000023841858,1.1050000190734863,1343,0.0,0.0,2023-06-26
275,2023-06-26 14:11:00-04:00,1.1100000143051147,1.1100000143051147,1.100000023841858,1.1050000190734863,2629,0.0,0.0,2023-06-26
276,2023-06-26 14:12:00-04:00,1.1050000190734863,1.1100000143051147,1.100000023841858,1.100000023841858,1680,0.0,0.0,2023-06-26
277,2023-06-26 14:13:00-04:00,1.1100000143051147,1.1100000143051147,1.1015000343322754,1.1100000143051147,824,0.0,0.0,2023-06-26
278,2023-06-26 14:14:00-04:00,1.100000023841858,1.1100000143051147,1.100000023841858,1.1100000143051147,2710,0.0,0.0,2023-06-26
279,2023-06-26 14:15:00-04:00,1.100000023841858,1.1100000143051147,1.100000023841858,1.1100000143051147,2761,0.0,0.0,2023-06-26
280,2023-06-26 14:16:00-04:00,1.100000023841858,1.1100000143051147,1.100000023841858,1.1015000343322754,1492,0.0,0.0,2023-06-26
281,2023-06-26 14:17:00-04:00,1.100000023841858,1.100000023841858,1.100000023841858,1.100000023841858,297,0.0,0.0,2023-06-26
282,2023-06-26 14:18:00-04:00,1.100000023841858,1.100000023841858,1.100000023841858,1.100000023841858,101,0.0,0.0,2023-06-26
283,2023-06-26 14:19:00-04:00,1.100000023841858,1.1050000190734863,1.100000023841858,1.1050000190734863,582,0.0,0.0,2023-06-26
284,2023-06-26 14:20:00-04:00,1.1050000190734863,1.1050000190734863,1.1015000343322754,1.1015000343322754,1371,0.0,0.0,2023-06-26
285,2023-06-26 14:21:00-04:00,1.100000023841858,1.1050000190734863,1.100000023841858,1.1050000190734863,424,0.0,0.0,2023-06-26
286,2023-06-26 14:22:00-04:00,1.1050000190734863,1.1095999479293823,1.100000023841858,1.1095999479293823,674,0.0,0.0,2023-06-26
287,2023-06-26 14:23:00-04:00,1.1085000038146973,1.1100000143051147,1.1050000190734863,1.1100000143051147,14704,0.0,0.0,2023-06-26
288,2023-06-26 14:24:00-04:00,1.1050000190734863,1.1100000143051147,1.100000023841858,1.100000023841858,799,0.0,0.0,2023-06-26
289,2023-06-26 14:25:00-04:00,1.1050000190734863,1.1100000143051147,1.1050000190734863,1.106600046157837,1124,0.0,0.0,2023-06-26
290,2023-06-26 14:26:00-04:00,1.1050000190734863,1.1100000143051147,1.100000023841858,1.1100000143051147,3806,0.0,0.0,2023-06-26
291,2023-06-26 14:27:00-04:00,1.1100000143051147,1.1100000143051147,1.1100000143051147,1.1100000143051147,300,0.0,0.0,2023-06-26
292,2023-06-26 14:28:00-04:00,1.100000023841858,1.1100000143051147,1.100000023841858,1.1098999977111816,1691,0.0,0.0,2023-06-26
293,2023-06-26 14:29:00-04:00,1.1100000143051147,1.1100000143051147,1.100000023841858,1.100000023841858,500,0.0,0.0,2023-06-26
294,2023-06-26 14:30:00-04:00,1.1050000190734863,1.1050000190734863,1.1050000190734863,1.1050000190734863,125,0.0,0.0,2023-06-26
295,2023-06-26 14:31:00-04:00,1.1050000190734863,1.1050000190734863,1.1050000190734863,1.1050000190734863,200,0.0,0.0,2023-06-26
296,2023-06-26 14:32:00-04:00,1.1050000190734863,1.1050000190734863,1.1044000387191772,1.1044000387191772,654,0.0,0.0,2023-06-26
297,2023-06-26 14:33:00-04:00,1.1050000190734863,1.1050000190734863,1.100000023841858,1.1050000190734863,633,0.0,0.0,2023-06-26
298,2023-06-26 14:34:00-04:00,1.1050000190734863,1.1050000190734863,1.100000023841858,1.1050000190734863,400,0.0,0.0,2023-06-26
299,2023-06-26 14:35:00-04:00,1.1050000190734863,1.1050000190734863,1.1050000190734863,1.1050000190734863,119,0.0,0.0,2023-06-26
300,2023-06-26 14:36:00-04:00,1.1050000190734863,1.1050000190734863,1.1050000190734863,1.1050000190734863,657,0.0,0.0,2023-06-26
301,2023-06-26 14:37:00-04:00,1.1033999919891357,1.1050000190734863,1.1033999919891357,1.1050000190734863,4094,0.0,0.0,2023-06-26
302,2023-06-26 14:38:00-04:00,1.1045000553131104,1.1100000143051147,1.100000023841858,1.1100000143051147,797,0.0,0.0,2023-06-26
303,2023-06-26 14:39:00-04:00,1.1100000143051147,1.1200000047683716,1.1100000143051147,1.1150000095367432,28442,0.0,0.0,2023-06-26
304,2023-06-26 14:40:00-04:00,1.1150000095367432,1.1200000047683716,1.1150000095367432,1.1150000095367432,8081,0.0,0.0,2023-06-26
305,2023-06-26 14:41:00-04:00,1.1196999549865723,1.1200000047683716,1.1150000095367432,1.1198999881744385,6163,0.0,0.0,2023-06-26
306,2023-06-26 14:42:00-04:00,1.1200000047683716,1.1200000047683716,1.1150000095367432,1.1150000095367432,1200,0.0,0.0,2023-06-26
307,2023-06-26 14:43:00-04:00,1.1150000095367432,1.1150000095367432,1.1150000095367432,1.1150000095367432,120,0.0,0.0,2023-06-26
308,2023-06-26 14:44:00-04:00,1.1190999746322632,1.1190999746322632,1.1150000095367432,1.1150000095367432,1375,0.0,0.0,2023-06-26
309,2023-06-26 14:45:00-04:00,1.1150000095367432,1.1150000095367432,1.1150000095367432,1.1150000095367432,181,0.0,0.0,2023-06-26
310,2023-06-26 14:46:00-04:00,1.1100000143051147,1.1100000143051147,1.1100000143051147,1.1100000143051147,1000,0.0,0.0,2023-06-26
311,2023-06-26 14:47:00-04:00,1.1100000143051147,1.1150000095367432,1.1100000143051147,1.1150000095367432,1340,0.0,0.0,2023-06-26
312,2023-06-26 14:48:00-04:00,1.1150000095367432,1.1150000095367432,1.1100000143051147,1.1150000095367432,3087,0.0,0.0,2023-06-26
313,2023-06-26 14:49:00-04:00,1.1100000143051147,1.1100000143051147,1.1100000143051147,1.1100000143051147,316,0.0,0.0,2023-06-26
314,2023-06-26 14:50:00-04:00,1.1150000095367432,1.1200000047683716,1.1100000143051147,1.1100000143051147,1906,0.0,0.0,2023-06-26
315,2023-06-26 14:51:00-04:00,1.1150000095367432,1.1200000047683716,1.1100000143051147,1.1100000143051147,1677,0.0,0.0,2023-06-26
316,2023-06-26 14:52:00-04:00,1.1150000095367432,1.1150000095367432,1.1100000143051147,1.1150000095367432,820,0.0,0.0,2023-06-26
317,2023-06-26 14:53:00-04:00,1.1150000095367432,1.1150000095367432,1.1100000143051147,1.1100000143051147,1194,0.0,0.0,2023-06-26
318,2023-06-26 14:54:00-04:00,1.1150000095367432,1.1150000095367432,1.1100000143051147,1.1150000095367432,1689,0.0,0.0,2023-06-26
319,2023-06-26 14:55:00-04:00,1.1100000143051147,1.118499994277954,1.1100000143051147,1.1100000143051147,1227,0.0,0.0,2023-06-26
320,2023-06-26 14:56:00-04:00,1.1100000143051147,1.1100000143051147,1.1100000143051147,1.1100000143051147,200,0.0,0.0,2023-06-26
321,2023-06-26 14:57:00-04:00,1.1200000047683716,1.1200000047683716,1.1150000095367432,1.1200000047683716,23137,0.0,0.0,2023-06-26
322,2023-06-26 14:58:00-04:00,1.1150000095367432,1.1200000047683716,1.1150000095367432,1.1200000047683716,5419,0.0,0.0,2023-06-26
323,2023-06-26 14:59:00-04:00,1.1200000047683716,1.1299999952316284,1.1198999881744385,1.125,50805,0.0,0.0,2023-06-26
324,2023-06-26 15:00:00-04:00,1.1201000213623047,1.125,1.1201000213623047,1.125,3546,0.0,0.0,2023-06-26
325,2023-06-26 15:01:00-04:00,1.125,1.125,1.1200000047683716,1.1200000047683716,1650,0.0,0.0,2023-06-26
326,2023-06-26 15:02:00-04:00,1.125,1.1299999952316284,1.1200000047683716,1.1299999952316284,11210,0.0,0.0,2023-06-26
327,2023-06-26 15:03:00-04:00,1.1299999952316284,1.1299999952316284,1.125,1.1299999952316284,3859,0.0,0.0,2023-06-26
328,2023-06-26 15:04:00-04:00,1.1299999952316284,1.1299999952316284,1.1299999952316284,1.1299999952316284,1779,0.0,0.0,2023-06-26
329,2023-06-26 15:05:00-04:00,1.125,1.1299999952316284,1.125,1.1299999952316284,2303,0.0,0.0,2023-06-26
330,2023-06-26 15:06:00-04:00,1.128499984741211,1.1299999952316284,1.128499984741211,1.1298999786376953,1712,0.0,0.0,2023-06-26
331,2023-06-26 15:07:00-04:00,1.125,1.125,1.125,1.125,809,0.0,0.0,2023-06-26
332,2023-06-26 15:08:00-04:00,1.125,1.125,1.1200000047683716,1.1200000047683716,1461,0.0,0.0,2023-06-26
333,2023-06-26 15:10:00-04:00,1.1299999952316284,1.1299999952316284,1.1299999952316284,1.1299999952316284,1314,0.0,0.0,2023-06-26
334,2023-06-26 15:11:00-04:00,1.125,1.1299999952316284,1.125,1.125,4071,0.0,0.0,2023-06-26
335,2023-06-26 15:12:00-04:00,1.125,1.125,1.125,1.125,1135,0.0,0.0,2023-06-26
336,2023-06-26 15:13:00-04:00,1.125,1.1299999952316284,1.125,1.1299999952316284,3678,0.0,0.0,2023-06-26
337,2023-06-26 15:14:00-04:00,1.1299999952316284,1.1299999952316284,1.1232000589370728,1.1232000589370728,2325,0.0,0.0,2023-06-26
338,2023-06-26 15:15:00-04:00,1.1299999952316284,1.1299999952316284,1.125,1.125,1124,0.0,0.0,2023-06-26
339,2023-06-26 15:16:00-04:00,1.125,1.125,1.125,1.125,1312,0.0,0.0,2023-06-26
340,2023-06-26 15:17:00-04:00,1.125,1.125,1.1150000095367432,1.1200000047683716,188175,0.0,0.0,2023-06-26
341,2023-06-26 15:18:00-04:00,1.1150000095367432,1.1200000047683716,1.1100000143051147,1.1200000047683716,16323,0.0,0.0,2023-06-26
342,2023-06-26 15:19:00-04:00,1.1200000047683716,1.1200000047683716,1.1200000047683716,1.1200000047683716,2964,0.0,0.0,2023-06-26
343,2023-06-26 15:20:00-04:00,1.1200000047683716,1.1200000047683716,1.1200000047683716,1.1200000047683716,3670,0.0,0.0,2023-06-26
344,2023-06-26 15:21:00-04:00,1.1200000047683716,1.1200000047683716,1.1102999448776245,1.1102999448776245,8863,0.0,0.0,2023-06-26
345,2023-06-26 15:22:00-04:00,1.1200000047683716,1.1200000047683716,1.1150000095367432,1.1200000047683716,1310,0.0,0.0,2023-06-26
346,2023-06-26 15:23:00-04:00,1.1200000047683716,1.1200000047683716,1.1150000095367432,1.1150000095367432,3369,0.0,0.0,2023-06-26
347,2023-06-26 15:24:00-04:00,1.11489999294281,1.11489999294281,1.1121000051498413,1.1121000051498413,5119,0.0,0.0,2023-06-26
348,2023-06-26 15:25:00-04:00,1.11899995803833,1.11899995803833,1.11899995803833,1.11899995803833,1000,0.0,0.0,2023-06-26
349,2023-06-26 15:26:00-04:00,1.1150000095367432,1.1200000047683716,1.1115000247955322,1.1130000352859497,3363,0.0,0.0,2023-06-26
350,2023-06-26 15:28:00-04:00,1.1200000047683716,1.1200000047683716,1.1136000156402588,1.1150000095367432,3132,0.0,0.0,2023-06-26
351,2023-06-26 15:29:00-04:00,1.1200000047683716,1.1200000047683716,1.1200000047683716,1.1200000047683716,1207,0.0,0.0,2023-06-26
352,2023-06-26 15:30:00-04:00,1.1150000095367432,1.1200000047683716,1.1150000095367432,1.1200000047683716,874,0.0,0.0,2023-06-26
353,2023-06-26 15:31:00-04:00,1.1136000156402588,1.1200000047683716,1.1136000156402588,1.1139999628067017,4081,0.0,0.0,2023-06-26
354,2023-06-26 15:32:00-04:00,1.1150000095367432,1.1200000047683716,1.1101000308990479,1.1200000047683716,14811,0.0,0.0,2023-06-26
355,2023-06-26 15:33:00-04:00,1.1150000095367432,1.1200000047683716,1.1124000549316406,1.1150000095367432,9773,0.0,0.0,2023-06-26
356,2023-06-26 15:34:00-04:00,1.1200000047683716,1.1200000047683716,1.1150000095367432,1.1200000047683716,2607,0.0,0.0,2023-06-26
357,2023-06-26 15:35:00-04:00,1.1150000095367432,1.1200000047683716,1.1100000143051147,1.1181000471115112,5188,0.0,0.0,2023-06-26
358,2023-06-26 15:36:00-04:00,1.1140999794006348,1.1150000095367432,1.1140999794006348,1.1150000095367432,2234,0.0,0.0,2023-06-26
359,2023-06-26 15:37:00-04:00,1.118399977684021,1.1200000047683716,1.118399977684021,1.1200000047683716,2496,0.0,0.0,2023-06-26
360,2023-06-26 15:38:00-04:00,1.1100000143051147,1.1200000047683716,1.1100000143051147,1.1200000047683716,6924,0.0,0.0,2023-06-26
361,2023-06-26 15:39:00-04:00,1.1150000095367432,1.1200000047683716,1.1150000095367432,1.1200000047683716,17349,0.0,0.0,2023-06-26
362,2023-06-26 15:40:00-04:00,1.1200000047683716,1.1299999952316284,1.1200000047683716,1.125,120890,0.0,0.0,2023-06-26
363,2023-06-26 15:41:00-04:00,1.1299999952316284,1.1299999952316284,1.1200000047683716,1.125,34718,0.0,0.0,2023-06-26
364,2023-06-26 15:42:00-04:00,1.1299999952316284,1.1299999952316284,1.1200000047683716,1.125,20741,0.0,0.0,2023-06-26
365,2023-06-26 15:43:00-04:00,1.125,1.1299999952316284,1.1200000047683716,1.125,21547,0.0,0.0,2023-06-26
366,2023-06-26 15:44:00-04:00,1.1200000047683716,1.1200000047683716,1.1100000143051147,1.1150000095367432,133103,0.0,0.0,2023-06-26
367,2023-06-26 15:45:00-04:00,1.1150000095367432,1.1200000047683716,1.1100000143051147,1.1100000143051147,19853,0.0,0.0,2023-06-26
368,2023-06-26 15:46:00-04:00,1.1100000143051147,1.1150000095367432,1.1100000143051147,1.1100000143051147,26329,0.0,0.0,2023-06-26
369,2023-06-26 15:47:00-04:00,1.1150000095367432,1.1150000095367432,1.1100000143051147,1.1100000143051147,20922,0.0,0.0,2023-06-26
370,2023-06-26 15:48:00-04:00,1.1100000143051147,1.1150000095367432,1.100000023841858,1.1100000143051147,51387,0.0,0.0,2023-06-26
371,2023-06-26 15:49:00-04:00,1.1050000190734863,1.1100000143051147,1.100000023841858,1.100000023841858,30451,0.0,0.0,2023-06-26
372,2023-06-26 15:50:00-04:00,1.1050000190734863,1.1100000143051147,1.100000023841858,1.1087000370025635,24851,0.0,0.0,2023-06-26
373,2023-06-26 15:51:00-04:00,1.100000023841858,1.1100000143051147,1.100000023841858,1.100000023841858,16041,0.0,0.0,2023-06-26
374,2023-06-26 15:52:00-04:00,1.1100000143051147,1.1100000143051147,1.100000023841858,1.1050000190734863,77293,0.0,0.0,2023-06-26
375,2023-06-26 15:53:00-04:00,1.1100000143051147,1.1100000143051147,1.100000023841858,1.1050000190734863,64797,0.0,0.0,2023-06-26
376,2023-06-26 15:54:00-04:00,1.1050000190734863,1.1100000143051147,1.100000023841858,1.1050000190734863,113044,0.0,0.0,2023-06-26
377,2023-06-26 15:55:00-04:00,1.1050000190734863,1.1050000190734863,1.100000023841858,1.100000023841858,53665,0.0,0.0,2023-06-26
378,2023-06-26 15:56:00-04:00,1.100000023841858,1.1100000143051147,1.100000023841858,1.1050000190734863,34953,0.0,0.0,2023-06-26
379,2023-06-26 15:57:00-04:00,1.100000023841858,1.1050000190734863,1.100000023841858,1.100000023841858,59251,0.0,0.0,2023-06-26
380,2023-06-26 15:58:00-04:00,1.1050000190734863,1.1100000143051147,1.100000023841858,1.100000023841858,85691,0.0,0.0,2023-06-26
381,2023-06-26 15:59:00-04:00,1.1009999513626099,1.1050000190734863,1.090000033378601,1.100000023841858,162121,0.0,0.0,2023-06-26
382,2023-06-27 09:30:00-04:00,1.1100000143051147,1.1109000444412231,1.090000033378601,1.100000023841858,47304,0.0,0.0,2023-06-27
383,2023-06-27 09:31:00-04:00,1.0950000286102295,1.0972000360488892,1.0950000286102295,1.0950000286102295,6505,0.0,0.0,2023-06-27
384,2023-06-27 09:32:00-04:00,1.0950000286102295,1.0950000286102295,1.090000033378601,1.0901000499725342,6732,0.0,0.0,2023-06-27
385,2023-06-27 09:33:00-04:00,1.0993000268936157,1.0999000072479248,1.0901000499725342,1.0907000303268433,4911,0.0,0.0,2023-06-27
386,2023-06-27 09:34:00-04:00,1.090000033378601,1.0999000072479248,1.090000033378601,1.090000033378601,37165,0.0,0.0,2023-06-27
387,2023-06-27 09:35:00-04:00,1.0850000381469727,1.090000033378601,1.0850000381469727,1.085800051689148,4583,0.0,0.0,2023-06-27
388,2023-06-27 09:36:00-04:00,1.0865999460220337,1.090000033378601,1.0800000429153442,1.0800000429153442,23470,0.0,0.0,2023-06-27
389,2023-06-27 09:37:00-04:00,1.0850000381469727,1.0895999670028687,1.0800000429153442,1.0872999429702759,10095,0.0,0.0,2023-06-27
390,2023-06-27 09:38:00-04:00,1.0800000429153442,1.0887000560760498,1.0800000429153442,1.0800000429153442,5882,0.0,0.0,2023-06-27
391,2023-06-27 09:39:00-04:00,1.0850000381469727,1.090000033378601,1.0800000429153442,1.090000033378601,8902,0.0,0.0,2023-06-27
392,2023-06-27 09:40:00-04:00,1.0885000228881836,1.0885000228881836,1.0800000429153442,1.0800000429153442,3453,0.0,0.0,2023-06-27
393,2023-06-27 09:41:00-04:00,1.0800000429153442,1.089900016784668,1.0800000429153442,1.087499976158142,18160,0.0,0.0,2023-06-27
394,2023-06-27 09:42:00-04:00,1.0881999731063843,1.090000033378601,1.0800000429153442,1.0850000381469727,25322,0.0,0.0,2023-06-27
395,2023-06-27 09:43:00-04:00,1.089900016784668,1.090000033378601,1.0800000429153442,1.0800000429153442,28535,0.0,0.0,2023-06-27
396,2023-06-27 09:44:00-04:00,1.0879000425338745,1.0892000198364258,1.0800000429153442,1.0800000429153442,8478,0.0,0.0,2023-06-27
397,2023-06-27 09:45:00-04:00,1.0800000429153442,1.090000033378601,1.0800000429153442,1.0800000429153442,12116,0.0,0.0,2023-06-27
398,2023-06-27 09:46:00-04:00,1.0850000381469727,1.0850000381469727,1.0800000429153442,1.0800000429153442,2352,0.0,0.0,2023-06-27
399,2023-06-27 09:47:00-04:00,1.0800000429153442,1.0865000486373901,1.0800000429153442,1.0800000429153442,3838,0.0,0.0,2023-06-27
400,2023-06-27 09:48:00-04:00,1.0800000429153442,1.089900016784668,1.0800000429153442,1.0850000381469727,3958,0.0,0.0,2023-06-27
401,2023-06-27 09:49:00-04:00,1.0850000381469727,1.089900016784668,1.0800000429153442,1.086899995803833,10747,0.0,0.0,2023-06-27
402,2023-06-27 09:50:00-04:00,1.0800000429153442,1.100000023841858,1.0800000429153442,1.0950000286102295,175863,0.0,0.0,2023-06-27
403,2023-06-27 09:51:00-04:00,1.0982999801635742,1.100000023841858,1.0915000438690186,1.0950000286102295,24872,0.0,0.0,2023-06-27
404,2023-06-27 09:52:00-04:00,1.095900058746338,1.0980000495910645,1.090000033378601,1.0932999849319458,840,0.0,0.0,2023-06-27
405,2023-06-27 09:53:00-04:00,1.09089994430542,1.100000023841858,1.090000033378601,1.0950000286102295,34456,0.0,0.0,2023-06-27
406,2023-06-27 09:54:00-04:00,1.0950000286102295,1.0979000329971313,1.0950000286102295,1.0979000329971313,4636,0.0,0.0,2023-06-27
407,2023-06-27 09:55:00-04:00,1.090000033378601,1.090000033378601,1.0850000381469727,1.0891000032424927,51081,0.0,0.0,2023-06-27
408,2023-06-27 09:56:00-04:00,1.0800000429153442,1.090000033378601,1.0800000429153442,1.0850000381469727,4460,0.0,0.0,2023-06-27
409,2023-06-27 09:57:00-04:00,1.0894999504089355,1.0894999504089355,1.0850000381469727,1.0850000381469727,898,0.0,0.0,2023-06-27
410,2023-06-27 09:58:00-04:00,1.0801000595092773,1.0850000381469727,1.0800000429153442,1.0850000381469727,1875,0.0,0.0,2023-06-27
411,2023-06-27 09:59:00-04:00,1.0800000429153442,1.0896999835968018,1.0800000429153442,1.0800000429153442,5626,0.0,0.0,2023-06-27
412,2023-06-27 10:00:00-04:00,1.0800000429153442,1.090000033378601,1.0800000429153442,1.0850000381469727,16239,0.0,0.0,2023-06-27
413,2023-06-27 10:01:00-04:00,1.0800000429153442,1.090000033378601,1.0800000429153442,1.0800000429153442,23036,0.0,0.0,2023-06-27
414,2023-06-27 10:02:00-04:00,1.0800000429153442,1.090000033378601,1.0800000429153442,1.0896999835968018,8055,0.0,0.0,2023-06-27
415,2023-06-27 10:03:00-04:00,1.0800000429153442,1.090000033378601,1.0800000429153442,1.083400011062622,12455,0.0,0.0,2023-06-27
416,2023-06-27 10:04:00-04:00,1.0800000429153442,1.0893000364303589,1.0800000429153442,1.0800000429153442,7922,0.0,0.0,2023-06-27
417,2023-06-27 10:05:00-04:00,1.0885000228881836,1.090000033378601,1.0800000429153442,1.087399959564209,24536,0.0,0.0,2023-06-27
418,2023-06-27 10:06:00-04:00,1.0885000228881836,1.0885000228881836,1.0800000429153442,1.0800000429153442,3197,0.0,0.0,2023-06-27
419,2023-06-27 10:07:00-04:00,1.0827000141143799,1.0827000141143799,1.0700000524520874,1.0700000524520874,113303,0.0,0.0,2023-06-27
420,2023-06-27 10:08:00-04:00,1.0750000476837158,1.0800000429153442,1.0700000524520874,1.0700000524520874,49257,0.0,0.0,2023-06-27
421,2023-06-27 10:09:00-04:00,1.0700000524520874,1.0800000429153442,1.0700000524520874,1.0700000524520874,6929,0.0,0.0,2023-06-27
422,2023-06-27 10:10:00-04:00,1.0700000524520874,1.0800000429153442,1.0700000524520874,1.0700000524520874,20740,0.0,0.0,2023-06-27
423,2023-06-27 10:11:00-04:00,1.0700000524520874,1.0800000429153442,1.0700000524520874,1.0750000476837158,82569,0.0,0.0,2023-06-27
424,2023-06-27 10:12:00-04:00,1.0750000476837158,1.0800000429153442,1.0700000524520874,1.0700000524520874,6578,0.0,0.0,2023-06-27
425,2023-06-27 10:13:00-04:00,1.0774999856948853,1.0800000429153442,1.0700000524520874,1.0779999494552612,42319,0.0,0.0,2023-06-27
426,2023-06-27 10:14:00-04:00,1.0750000476837158,1.0800000429153442,1.0700000524520874,1.0700000524520874,45034,0.0,0.0,2023-06-27
427,2023-06-27 10:15:00-04:00,1.0750000476837158,1.0799000263214111,1.0700000524520874,1.0750000476837158,11279,0.0,0.0,2023-06-27
428,2023-06-27 10:16:00-04:00,1.0700000524520874,1.0799000263214111,1.0700000524520874,1.0785000324249268,4684,0.0,0.0,2023-06-27
429,2023-06-27 10:17:00-04:00,1.0700000524520874,1.0799000263214111,1.0700000524520874,1.0750000476837158,10432,0.0,0.0,2023-06-27
430,2023-06-27 10:18:00-04:00,1.079699993133545,1.0800000429153442,1.0700000524520874,1.0750000476837158,7941,0.0,0.0,2023-06-27
431,2023-06-27 10:19:00-04:00,1.0700000524520874,1.0800000429153442,1.0700000524520874,1.0700000524520874,5106,0.0,0.0,2023-06-27
432,2023-06-27 10:20:00-04:00,1.0750000476837158,1.0800000429153442,1.0700000524520874,1.0700000524520874,5582,0.0,0.0,2023-06-27
433,2023-06-27 10:21:00-04:00,1.0700000524520874,1.0800000429153442,1.0700000524520874,1.0750000476837158,6291,0.0,0.0,2023-06-27
434,2023-06-27 10:22:00-04:00,1.0750000476837158,1.0800000429153442,1.0700000524520874,1.0750000476837158,8310,0.0,0.0,2023-06-27
435,2023-06-27 10:23:00-04:00,1.0750000476837158,1.0799000263214111,1.0700000524520874,1.0700000524520874,12516,0.0,0.0,2023-06-27
436,2023-06-27 10:24:00-04:00,1.0750000476837158,1.079699993133545,1.0700000524520874,1.0700000524520874,6389,0.0,0.0,2023-06-27
437,2023-06-27 10:25:00-04:00,1.0750000476837158,1.0755000114440918,1.0700000524520874,1.0700000524520874,18733,0.0,0.0,2023-06-27
438,2023-06-27 10:26:00-04:00,1.0700000524520874,1.0786999464035034,1.0700000524520874,1.0750000476837158,9938,0.0,0.0,2023-06-27
439,2023-06-27 10:27:00-04:00,1.0700000524520874,1.0799000263214111,1.0700000524520874,1.0750000476837158,3069,0.0,0.0,2023-06-27
440,2023-06-27 10:28:00-04:00,1.0750000476837158,1.0800000429153442,1.0700000524520874,1.0700000524520874,3256,0.0,0.0,2023-06-27
441,2023-06-27 10:29:00-04:00,1.0700000524520874,1.0799000263214111,1.0700000524520874,1.0799000263214111,7444,0.0,0.0,2023-06-27
442,2023-06-27 10:30:00-04:00,1.0750000476837158,1.0794999599456787,1.0700000524520874,1.0700000524520874,10525,0.0,0.0,2023-06-27
443,2023-06-27 10:31:00-04:00,1.0776000022888184,1.0795999765396118,1.0700000524520874,1.0700000524520874,8040,0.0,0.0,2023-06-27
444,2023-06-27 10:32:00-04:00,1.0700000524520874,1.0750000476837158,1.0700000524520874,1.0700000524520874,2539,0.0,0.0,2023-06-27
445,2023-06-27 10:33:00-04:00,1.0700000524520874,1.0750000476837158,1.0700000524520874,1.0700000524520874,5851,0.0,0.0,2023-06-27
446,2023-06-27 10:34:00-04:00,1.0700000524520874,1.0779999494552612,1.0700000524520874,1.0700000524520874,3096,0.0,0.0,2023-06-27
447,2023-06-27 10:35:00-04:00,1.0700000524520874,1.0800000429153442,1.0700000524520874,1.0700000524520874,5750,0.0,0.0,2023-06-27
448,2023-06-27 10:36:00-04:00,1.0750000476837158,1.0800000429153442,1.0700000524520874,1.0750000476837158,4130,0.0,0.0,2023-06-27
449,2023-06-27 10:37:00-04:00,1.0700000524520874,1.0750000476837158,1.0700000524520874,1.0700000524520874,18258,0.0,0.0,2023-06-27
450,2023-06-27 10:38:00-04:00,1.0750000476837158,1.0800000429153442,1.0700000524520874,1.0750000476837158,15884,0.0,0.0,2023-06-27
451,2023-06-27 10:39:00-04:00,1.0800000429153442,1.0800000429153442,1.0700000524520874,1.0700000524520874,11220,0.0,0.0,2023-06-27
452,2023-06-27 10:40:00-04:00,1.0750000476837158,1.0800000429153442,1.0700000524520874,1.0750000476837158,6989,0.0,0.0,2023-06-27
453,2023-06-27 10:41:00-04:00,1.0750000476837158,1.0750000476837158,1.0700000524520874,1.0700000524520874,9512,0.0,0.0,2023-06-27
454,2023-06-27 10:42:00-04:00,1.0741000175476074,1.0800000429153442,1.0700000524520874,1.0700000524520874,15236,0.0,0.0,2023-06-27
455,2023-06-27 10:43:00-04:00,1.0750000476837158,1.079699993133545,1.0700000524520874,1.0750000476837158,10973,0.0,0.0,2023-06-27
456,2023-06-27 10:44:00-04:00,1.0700000524520874,1.0800000429153442,1.0700000524520874,1.0700000524520874,6709,0.0,0.0,2023-06-27
457,2023-06-27 10:45:00-04:00,1.0750000476837158,1.0850000381469727,1.0700000524520874,1.0850000381469727,72687,0.0,0.0,2023-06-27
458,2023-06-27 10:46:00-04:00,1.0850000381469727,1.090000033378601,1.0850000381469727,1.090000033378601,20757,0.0,0.0,2023-06-27
459,2023-06-27 10:47:00-04:00,1.0850000381469727,1.087499976158142,1.0816999673843384,1.0858999490737915,4141,0.0,0.0,2023-06-27
460,2023-06-27 10:48:00-04:00,1.0850000381469727,1.087499976158142,1.0850000381469727,1.0850000381469727,1390,0.0,0.0,2023-06-27
461,2023-06-27 10:49:00-04:00,1.0850000381469727,1.090000033378601,1.0831999778747559,1.0850000381469727,8859,0.0,0.0,2023-06-27
462,2023-06-27 10:50:00-04:00,1.0850000381469727,1.090000033378601,1.0827000141143799,1.0827000141143799,15808,0.0,0.0,2023-06-27
463,2023-06-27 10:51:00-04:00,1.090000033378601,1.090000033378601,1.0850000381469727,1.090000033378601,61790,0.0,0.0,2023-06-27
464,2023-06-27 10:52:00-04:00,1.100000023841858,1.100000023841858,1.090000033378601,1.090000033378601,11234,0.0,0.0,2023-06-27
465,2023-06-27 10:53:00-04:00,1.0950000286102295,1.097499966621399,1.090000033378601,1.097499966621399,1911,0.0,0.0,2023-06-27
466,2023-06-27 10:54:00-04:00,1.0950000286102295,1.097499966621399,1.0937999486923218,1.0937999486923218,2856,0.0,0.0,2023-06-27
467,2023-06-27 10:55:00-04:00,1.0950000286102295,1.0999000072479248,1.090000033378601,1.0950000286102295,14009,0.0,0.0,2023-06-27
468,2023-06-27 10:56:00-04:00,1.0950000286102295,1.0985000133514404,1.090000033378601,1.0950000286102295,2913,0.0,0.0,2023-06-27
469,2023-06-27 10:57:00-04:00,1.090000033378601,1.0985000133514404,1.090000033378601,1.0901000499725342,10946,0.0,0.0,2023-06-27
470,2023-06-27 10:58:00-04:00,1.090000033378601,1.097499966621399,1.090000033378601,1.097499966621399,2216,0.0,0.0,2023-06-27
471,2023-06-27 10:59:00-04:00,1.097499966621399,1.097499966621399,1.090000033378601,1.0950000286102295,698,0.0,0.0,2023-06-27
472,2023-06-27 11:00:00-04:00,1.0950000286102295,1.100000023841858,1.090000033378601,1.090000033378601,4131,0.0,0.0,2023-06-27
473,2023-06-27 11:01:00-04:00,1.090000033378601,1.097499966621399,1.090000033378601,1.090000033378601,3873,0.0,0.0,2023-06-27
474,2023-06-27 11:02:00-04:00,1.090000033378601,1.090000033378601,1.0800000429153442,1.0800000429153442,25950,0.0,0.0,2023-06-27
475,2023-06-27 11:03:00-04:00,1.0800000429153442,1.0892000198364258,1.0800000429153442,1.0800000429153442,17231,0.0,0.0,2023-06-27
476,2023-06-27 11:04:00-04:00,1.0800000429153442,1.090000033378601,1.0750000476837158,1.0750000476837158,25040,0.0,0.0,2023-06-27
477,2023-06-27 11:05:00-04:00,1.0750000476837158,1.0800000429153442,1.0700000524520874,1.0750000476837158,11524,0.0,0.0,2023-06-27
478,2023-06-27 11:06:00-04:00,1.0740000009536743,1.090000033378601,1.0740000009536743,1.090000033378601,31531,0.0,0.0,2023-06-27
479,2023-06-27 11:07:00-04:00,1.0800000429153442,1.090000033378601,1.0800000429153442,1.0850000381469727,17898,0.0,0.0,2023-06-27
480,2023-06-27 11:08:00-04:00,1.0885000228881836,1.0885000228881836,1.0800000429153442,1.082800030708313,3979,0.0,0.0,2023-06-27
481,2023-06-27 11:09:00-04:00,1.0800000429153442,1.0800000429153442,1.0800000429153442,1.0800000429153442,384,0.0,0.0,2023-06-27
482,2023-06-27 11:10:00-04:00,1.0800000429153442,1.089900016784668,1.0800000429153442,1.0850000381469727,401,0.0,0.0,2023-06-27
483,2023-06-27 11:11:00-04:00,1.0800000429153442,1.090000033378601,1.0800000429153442,1.0850000381469727,3401,0.0,0.0,2023-06-27
484,2023-06-27 11:12:00-04:00,1.0850000381469727,1.090000033378601,1.0850000381469727,1.0850000381469727,6561,0.0,0.0,2023-06-27
485,2023-06-27 11:13:00-04:00,1.0850000381469727,1.0850000381469727,1.0850000381469727,1.0850000381469727,121,0.0,0.0,2023-06-27
486,2023-06-27 11:14:00-04:00,1.0850000381469727,1.089900016784668,1.0850000381469727,1.0850000381469727,1435,0.0,0.0,2023-06-27
487,2023-06-27 11:15:00-04:00,1.0850000381469727,1.0850000381469727,1.0850000381469727,1.0850000381469727,100,0.0,0.0,2023-06-27
488,2023-06-27 11:16:00-04:00,1.0850000381469727,1.0850000381469727,1.0850000381469727,1.0850000381469727,1301,0.0,0.0,2023-06-27
489,2023-06-27 11:17:00-04:00,1.0850000381469727,1.089900016784668,1.0800000429153442,1.0850000381469727,1484,0.0,0.0,2023-06-27
490,2023-06-27 11:18:00-04:00,1.0850000381469727,1.090000033378601,1.0850000381469727,1.0859999656677246,2449,0.0,0.0,2023-06-27
491,2023-06-27 11:19:00-04:00,1.0800000429153442,1.087499976158142,1.0800000429153442,1.087499976158142,594,0.0,0.0,2023-06-27
492,2023-06-27 11:20:00-04:00,1.087499976158142,1.087499976158142,1.0800000429153442,1.0800000429153442,200,0.0,0.0,2023-06-27
493,2023-06-27 11:21:00-04:00,1.0800000429153442,1.0812000036239624,1.0800000429153442,1.0801000595092773,891,0.0,0.0,2023-06-27
494,2023-06-27 11:22:00-04:00,1.090000033378601,1.090000033378601,1.0800000429153442,1.0801000595092773,4744,0.0,0.0,2023-06-27
495,2023-06-27 11:23:00-04:00,1.0809999704360962,1.087499976158142,1.0800000429153442,1.087499976158142,6015,0.0,0.0,2023-06-27
496,2023-06-27 11:24:00-04:00,1.0800000429153442,1.087499976158142,1.0800000429153442,1.087499976158142,511,0.0,0.0,2023-06-27
497,2023-06-27 11:25:00-04:00,1.0800000429153442,1.087499976158142,1.0800000429153442,1.087499976158142,722,0.0,0.0,2023-06-27
498,2023-06-27 11:26:00-04:00,1.0800000429153442,1.087499976158142,1.0800000429153442,1.087499976158142,8014,0.0,0.0,2023-06-27
499,2023-06-27 11:27:00-04:00,1.0800000429153442,1.0812000036239624,1.0800000429153442,1.0812000036239624,613,0.0,0.0,2023-06-27
500,2023-06-27 11:28:00-04:00,1.090000033378601,1.090000033378601,1.0800000429153442,1.0850000381469727,1982,0.0,0.0,2023-06-27
501,2023-06-27 11:29:00-04:00,1.0850000381469727,1.090000033378601,1.0800000429153442,1.0850000381469727,2169,0.0,0.0,2023-06-27
502,2023-06-27 11:30:00-04:00,1.0850000381469727,1.0898000001907349,1.0850000381469727,1.0884000062942505,9762,0.0,0.0,2023-06-27
503,2023-06-27 11:31:00-04:00,1.090000033378601,1.090000033378601,1.0800000429153442,1.090000033378601,6817,0.0,0.0,2023-06-27
504,2023-06-27 11:32:00-04:00,1.0800000429153442,1.090000033378601,1.0800000429153442,1.0850000381469727,1300,0.0,0.0,2023-06-27
505,2023-06-27 11:33:00-04:00,1.090000033378601,1.090000033378601,1.0800000429153442,1.0800000429153442,1611,0.0,0.0,2023-06-27
506,2023-06-27 11:34:00-04:00,1.0800000429153442,1.0800000429153442,1.0800000429153442,1.0800000429153442,556,0.0,0.0,2023-06-27
507,2023-06-27 11:35:00-04:00,1.0885000228881836,1.089900016784668,1.0800000429153442,1.0885000228881836,3465,0.0,0.0,2023-06-27
508,2023-06-27 11:36:00-04:00,1.0850000381469727,1.087499976158142,1.0850000381469727,1.0850000381469727,958,0.0,0.0,2023-06-27
509,2023-06-27 11:37:00-04:00,1.0850000381469727,1.090000033378601,1.0815999507904053,1.090000033378601,5921,0.0,0.0,2023-06-27
510,2023-06-27 11:38:00-04:00,1.0850000381469727,1.090000033378601,1.0850000381469727,1.0850000381469727,1706,0.0,0.0,2023-06-27
511,2023-06-27 11:39:00-04:00,1.0850000381469727,1.090000033378601,1.0800000429153442,1.0880000591278076,844,0.0,0.0,2023-06-27
512,2023-06-27 11:40:00-04:00,1.0800000429153442,1.0800000429153442,1.0800000429153442,1.0800000429153442,835,0.0,0.0,2023-06-27
513,2023-06-27 11:41:00-04:00,1.090000033378601,1.090000033378601,1.0700000524520874,1.0700000524520874,67679,0.0,0.0,2023-06-27
514,2023-06-27 11:42:00-04:00,1.0794999599456787,1.0794999599456787,1.0794999599456787,1.0794999599456787,485,0.0,0.0,2023-06-27
515,2023-06-27 11:44:00-04:00,1.0750000476837158,1.0800000429153442,1.0700000524520874,1.0800000429153442,23688,0.0,0.0,2023-06-27
516,2023-06-27 11:45:00-04:00,1.073799967765808,1.0800000429153442,1.073799967765808,1.0750000476837158,10199,0.0,0.0,2023-06-27
517,2023-06-27 11:46:00-04:00,1.0776000022888184,1.0850000381469727,1.070099949836731,1.0850000381469727,339720,0.0,0.0,2023-06-27
518,2023-06-27 11:48:00-04:00,1.0870000123977661,1.090000033378601,1.0850000381469727,1.0850000381469727,558,0.0,0.0,2023-06-27
519,2023-06-27 11:49:00-04:00,1.0850000381469727,1.0850000381469727,1.0850000381469727,1.0850000381469727,1674,0.0,0.0,2023-06-27
520,2023-06-27 11:52:00-04:00,1.0800000429153442,1.0870000123977661,1.0800000429153442,1.0870000123977661,1592,0.0,0.0,2023-06-27
521,2023-06-27 11:53:00-04:00,1.0850000381469727,1.0872999429702759,1.0850000381469727,1.0872999429702759,1760,0.0,0.0,2023-06-27
522,2023-06-27 11:54:00-04:00,1.0850000381469727,1.0850000381469727,1.0850000381469727,1.0850000381469727,956,0.0,0.0,2023-06-27
523,2023-06-27 11:55:00-04:00,1.0850000381469727,1.0867999792099,1.083799958229065,1.0867999792099,12614,0.0,0.0,2023-06-27
524,2023-06-27 11:56:00-04:00,1.0850000381469727,1.0850000381469727,1.0850000381469727,1.0850000381469727,280,0.0,0.0,2023-06-27
525,2023-06-27 11:57:00-04:00,1.0850000381469727,1.0877000093460083,1.0800000429153442,1.0800000429153442,9045,0.0,0.0,2023-06-27
526,2023-06-27 11:58:00-04:00,1.0800000429153442,1.0871000289916992,1.0800000429153442,1.0800000429153442,1501,0.0,0.0,2023-06-27
527,2023-06-27 11:59:00-04:00,1.0809999704360962,1.0815000534057617,1.0800000429153442,1.0800000429153442,1128,0.0,0.0,2023-06-27
528,2023-06-27 12:00:00-04:00,1.0850000381469727,1.089900016784668,1.0809999704360962,1.089900016784668,5039,0.0,0.0,2023-06-27
529,2023-06-27 12:01:00-04:00,1.0800000429153442,1.086300015449524,1.0800000429153442,1.0850000381469727,468,0.0,0.0,2023-06-27
530,2023-06-27 12:02:00-04:00,1.0850000381469727,1.0850000381469727,1.0850000381469727,1.0850000381469727,1047,0.0,0.0,2023-06-27
531,2023-06-27 12:03:00-04:00,1.0850000381469727,1.0850000381469727,1.0800000429153442,1.0850000381469727,1024,0.0,0.0,2023-06-27
532,2023-06-27 12:04:00-04:00,1.0850000381469727,1.0850000381469727,1.0800000429153442,1.0850000381469727,1729,0.0,0.0,2023-06-27
533,2023-06-27 12:05:00-04:00,1.0850000381469727,1.0850000381469727,1.0850000381469727,1.0850000381469727,1000,0.0,0.0,2023-06-27
534,2023-06-27 12:06:00-04:00,1.0850000381469727,1.0885000228881836,1.0800000429153442,1.0800000429153442,5975,0.0,0.0,2023-06-27
535,2023-06-27 12:07:00-04:00,1.0850000381469727,1.090000033378601,1.0850000381469727,1.090000033378601,429,0.0,0.0,2023-06-27
536,2023-06-27 12:08:00-04:00,1.0850000381469727,1.090000033378601,1.0800000429153442,1.0800000429153442,1530,0.0,0.0,2023-06-27
537,2023-06-27 12:09:00-04:00,1.0870000123977661,1.090000033378601,1.0800000429153442,1.090000033378601,3458,0.0,0.0,2023-06-27
538,2023-06-27 12:10:00-04:00,1.0893000364303589,1.0893000364303589,1.0800000429153442,1.0800000429153442,783,0.0,0.0,2023-06-27
539,2023-06-27 12:11:00-04:00,1.087499976158142,1.087499976158142,1.0800000429153442,1.0800000429153442,1459,0.0,0.0,2023-06-27
540,2023-06-27 12:12:00-04:00,1.086300015449524,1.087499976158142,1.0800000429153442,1.087499976158142,602,0.0,0.0,2023-06-27
541,2023-06-27 12:13:00-04:00,1.0800000429153442,1.090000033378601,1.0800000429153442,1.0850000381469727,927,0.0,0.0,2023-06-27
542,2023-06-27 12:14:00-04:00,1.0875999927520752,1.0875999927520752,1.0850000381469727,1.0850000381469727,585,0.0,0.0,2023-06-27
543,2023-06-27 12:15:00-04:00,1.0880999565124512,1.090000033378601,1.0850000381469727,1.0850000381469727,6371,0.0,0.0,2023-06-27
544,2023-06-27 12:16:00-04:00,1.090000033378601,1.090000033378601,1.0850000381469727,1.0850000381469727,2918,0.0,0.0,2023-06-27
545,2023-06-27 12:17:00-04:00,1.0850000381469727,1.090000033378601,1.0850000381469727,1.089900016784668,7099,0.0,0.0,2023-06-27
546,2023-06-27 12:18:00-04:00,1.0850000381469727,1.090000033378601,1.0850000381469727,1.0878000259399414,8207,0.0,0.0,2023-06-27
547,2023-06-27 12:19:00-04:00,1.0850000381469727,1.090000033378601,1.0850000381469727,1.090000033378601,58587,0.0,0.0,2023-06-27
548,2023-06-27 12:20:00-04:00,1.090000033378601,1.090000033378601,1.0850000381469727,1.0850000381469727,1217,0.0,0.0,2023-06-27
549,2023-06-27 12:21:00-04:00,1.0850000381469727,1.090000033378601,1.0850000381469727,1.0850000381469727,1330,0.0,0.0,2023-06-27
550,2023-06-27 12:22:00-04:00,1.0850000381469727,1.090000033378601,1.0850000381469727,1.0898000001907349,1262,0.0,0.0,2023-06-27
551,2023-06-27 12:23:00-04:00,1.0887000560760498,1.0887000560760498,1.0850000381469727,1.0850000381469727,3200,0.0,0.0,2023-06-27
552,2023-06-27 12:24:00-04:00,1.0850000381469727,1.090000033378601,1.0850000381469727,1.0850000381469727,553,0.0,0.0,2023-06-27
553,2023-06-27 12:25:00-04:00,1.090000033378601,1.090000033378601,1.0850000381469727,1.0850000381469727,6038,0.0,0.0,2023-06-27
554,2023-06-27 12:26:00-04:00,1.0850000381469727,1.090000033378601,1.0850000381469727,1.0850000381469727,343,0.0,0.0,2023-06-27
555,2023-06-27 12:27:00-04:00,1.0850000381469727,1.090000033378601,1.0800000429153442,1.0850000381469727,6756,0.0,0.0,2023-06-27
556,2023-06-27 12:28:00-04:00,1.0800000429153442,1.090000033378601,1.0800000429153442,1.0800000429153442,16311,0.0,0.0,2023-06-27
557,2023-06-27 12:29:00-04:00,1.0850000381469727,1.0850000381469727,1.0850000381469727,1.0850000381469727,221,0.0,0.0,2023-06-27
558,2023-06-27 12:30:00-04:00,1.0850000381469727,1.090000033378601,1.0850000381469727,1.0850000381469727,1532,0.0,0.0,2023-06-27
559,2023-06-27 12:31:00-04:00,1.0888999700546265,1.090000033378601,1.0850000381469727,1.0850000381469727,37259,0.0,0.0,2023-06-27
560,2023-06-27 12:32:00-04:00,1.0892000198364258,1.090000033378601,1.0850000381469727,1.0850000381469727,50516,0.0,0.0,2023-06-27
561,2023-06-27 12:33:00-04:00,1.090000033378601,1.0950000286102295,1.0850000381469727,1.090000033378601,32600,0.0,0.0,2023-06-27
562,2023-06-27 12:34:00-04:00,1.0924999713897705,1.100000023841858,1.090000033378601,1.093999981880188,5001,0.0,0.0,2023-06-27
563,2023-06-27 12:35:00-04:00,1.097499966621399,1.100000023841858,1.090000033378601,1.090000033378601,12299,0.0,0.0,2023-06-27
564,2023-06-27 12:36:00-04:00,1.090000033378601,1.097499966621399,1.090000033378601,1.097499966621399,814,0.0,0.0,2023-06-27
565,2023-06-27 12:37:00-04:00,1.090000033378601,1.0950000286102295,1.090000033378601,1.0950000286102295,935,0.0,0.0,2023-06-27
566,2023-06-27 12:38:00-04:00,1.090000033378601,1.0999000072479248,1.090000033378601,1.0923999547958374,11031,0.0,0.0,2023-06-27
567,2023-06-27 12:39:00-04:00,1.090000033378601,1.0985000133514404,1.090000033378601,1.0985000133514404,1063,0.0,0.0,2023-06-27
568,2023-06-27 12:40:00-04:00,1.090000033378601,1.090000033378601,1.090000033378601,1.090000033378601,1450,0.0,0.0,2023-06-27
569,2023-06-27 12:41:00-04:00,1.090000033378601,1.0985000133514404,1.090000033378601,1.090000033378601,1700,0.0,0.0,2023-06-27
570,2023-06-27 12:42:00-04:00,1.090000033378601,1.097499966621399,1.090000033378601,1.097499966621399,4413,0.0,0.0,2023-06-27
571,2023-06-27 12:43:00-04:00,1.090000033378601,1.090000033378601,1.090000033378601,1.090000033378601,1700,0.0,0.0,2023-06-27
572,2023-06-27 12:44:00-04:00,1.090000033378601,1.097499966621399,1.090000033378601,1.090000033378601,3707,0.0,0.0,2023-06-27
573,2023-06-27 12:45:00-04:00,1.090000033378601,1.097499966621399,1.090000033378601,1.090000033378601,1475,0.0,0.0,2023-06-27
574,2023-06-27 12:46:00-04:00,1.090000033378601,1.0950000286102295,1.090000033378601,1.0950000286102295,1552,0.0,0.0,2023-06-27
575,2023-06-27 12:47:00-04:00,1.0950000286102295,1.100000023841858,1.090000033378601,1.0950000286102295,2623,0.0,0.0,2023-06-27
576,2023-06-27 12:48:00-04:00,1.100000023841858,1.100000023841858,1.0915000438690186,1.0950000286102295,34124,0.0,0.0,2023-06-27
577,2023-06-27 12:49:00-04:00,1.0950000286102295,1.100000023841858,1.0950000286102295,1.0950000286102295,10504,0.0,0.0,2023-06-27
578,2023-06-27 12:50:00-04:00,1.0950000286102295,1.100000023841858,1.0950000286102295,1.0950000286102295,4708,0.0,0.0,2023-06-27
579,2023-06-27 12:51:00-04:00,1.0950000286102295,1.097499966621399,1.090000033378601,1.090000033378601,4526,0.0,0.0,2023-06-27
580,2023-06-27 12:52:00-04:00,1.090000033378601,1.100000023841858,1.090000033378601,1.100000023841858,17954,0.0,0.0,2023-06-27
581,2023-06-27 12:53:00-04:00,1.0950000286102295,1.100000023841858,1.0950000286102295,1.0950000286102295,2286,0.0,0.0,2023-06-27
582,2023-06-27 12:54:00-04:00,1.090000033378601,1.0994999408721924,1.090000033378601,1.090000033378601,3570,0.0,0.0,2023-06-27
583,2023-06-27 12:55:00-04:00,1.090000033378601,1.0950000286102295,1.090000033378601,1.090000033378601,5445,0.0,0.0,2023-06-27
584,2023-06-27 12:56:00-04:00,1.090000033378601,1.0950000286102295,1.090000033378601,1.0950000286102295,1805,0.0,0.0,2023-06-27
585,2023-06-27 12:57:00-04:00,1.090000033378601,1.100000023841858,1.090000033378601,1.090000033378601,1371,0.0,0.0,2023-06-27
586,2023-06-27 12:58:00-04:00,1.0999000072479248,1.0999000072479248,1.090000033378601,1.090000033378601,2014,0.0,0.0,2023-06-27
587,2023-06-27 12:59:00-04:00,1.090000033378601,1.090000033378601,1.090000033378601,1.090000033378601,5604,0.0,0.0,2023-06-27
588,2023-06-27 13:00:00-04:00,1.0950000286102295,1.0999000072479248,1.090000033378601,1.0950000286102295,16247,0.0,0.0,2023-06-27
589,2023-06-27 13:01:00-04:00,1.0950000286102295,1.097499966621399,1.090000033378601,1.097499966621399,1290,0.0,0.0,2023-06-27
590,2023-06-27 13:02:00-04:00,1.0956000089645386,1.0956000089645386,1.090000033378601,1.090000033378601,2101,0.0,0.0,2023-06-27
591,2023-06-27 13:03:00-04:00,1.097499966621399,1.097499966621399,1.0950000286102295,1.0950000286102295,760,0.0,0.0,2023-06-27
592,2023-06-27 13:04:00-04:00,1.097499966621399,1.097499966621399,1.090000033378601,1.090000033378601,1561,0.0,0.0,2023-06-27
593,2023-06-27 13:05:00-04:00,1.097499966621399,1.097499966621399,1.097499966621399,1.097499966621399,125,0.0,0.0,2023-06-27
594,2023-06-27 13:06:00-04:00,1.0963000059127808,1.100000023841858,1.090000033378601,1.090000033378601,13086,0.0,0.0,2023-06-27
595,2023-06-27 13:07:00-04:00,1.090000033378601,1.100000023841858,1.090000033378601,1.090000033378601,6863,0.0,0.0,2023-06-27
596,2023-06-27 13:08:00-04:00,1.090000033378601,1.097499966621399,1.090000033378601,1.0950000286102295,4305,0.0,0.0,2023-06-27
597,2023-06-27 13:09:00-04:00,1.097499966621399,1.100000023841858,1.090000033378601,1.100000023841858,2315,0.0,0.0,2023-06-27
598,2023-06-27 13:10:00-04:00,1.090000033378601,1.097499966621399,1.090000033378601,1.097499966621399,335,0.0,0.0,2023-06-27
599,2023-06-27 13:11:00-04:00,1.100000023841858,1.100000023841858,1.090000033378601,1.0950000286102295,11787,0.0,0.0,2023-06-27
600,2023-06-27 13:12:00-04:00,1.0950000286102295,1.097499966621399,1.090000033378601,1.0950000286102295,8056,0.0,0.0,2023-06-27
601,2023-06-27 13:13:00-04:00,1.0982999801635742,1.0982999801635742,1.097499966621399,1.097499966621399,343,0.0,0.0,2023-06-27
602,2023-06-27 13:14:00-04:00,1.090000033378601,1.097499966621399,1.090000033378601,1.097499966621399,1418,0.0,0.0,2023-06-27
603,2023-06-27 13:15:00-04:00,1.097499966621399,1.097499966621399,1.097499966621399,1.097499966621399,100,0.0,0.0,2023-06-27
604,2023-06-27 13:16:00-04:00,1.090000033378601,1.0950000286102295,1.090000033378601,1.0950000286102295,2300,0.0,0.0,2023-06-27
605,2023-06-27 13:17:00-04:00,1.0950000286102295,1.097499966621399,1.0950000286102295,1.0961999893188477,1212,0.0,0.0,2023-06-27
606,2023-06-27 13:18:00-04:00,1.0950000286102295,1.097499966621399,1.0950000286102295,1.0950000286102295,600,0.0,0.0,2023-06-27
607,2023-06-27 13:19:00-04:00,1.0950000286102295,1.0950000286102295,1.0950000286102295,1.0950000286102295,672,0.0,0.0,2023-06-27
608,2023-06-27 13:20:00-04:00,1.097499966621399,1.0999000072479248,1.0950000286102295,1.0950000286102295,1119,0.0,0.0,2023-06-27
609,2023-06-27 13:21:00-04:00,1.0982999801635742,1.100000023841858,1.0950000286102295,1.100000023841858,2600,0.0,0.0,2023-06-27
610,2023-06-27 13:22:00-04:00,1.0950000286102295,1.100000023841858,1.0950000286102295,1.0950000286102295,1606,0.0,0.0,2023-06-27
611,2023-06-27 13:23:00-04:00,1.0950000286102295,1.0973000526428223,1.0950000286102295,1.0950000286102295,4138,0.0,0.0,2023-06-27
612,2023-06-27 13:24:00-04:00,1.100000023841858,1.100000023841858,1.0950000286102295,1.100000023841858,18918,0.0,0.0,2023-06-27
613,2023-06-27 13:25:00-04:00,1.0950000286102295,1.100000023841858,1.093000054359436,1.0950000286102295,13341,0.0,0.0,2023-06-27
614,2023-06-27 13:26:00-04:00,1.0950000286102295,1.100000023841858,1.090000033378601,1.0950000286102295,3433,0.0,0.0,2023-06-27
615,2023-06-27 13:27:00-04:00,1.0950000286102295,1.100000023841858,1.0901000499725342,1.0950000286102295,9638,0.0,0.0,2023-06-27
616,2023-06-27 13:28:00-04:00,1.0950000286102295,1.100000023841858,1.090000033378601,1.0950000286102295,19553,0.0,0.0,2023-06-27
617,2023-06-27 13:29:00-04:00,1.0950000286102295,1.100000023841858,1.0950000286102295,1.0950000286102295,607,0.0,0.0,2023-06-27
618,2023-06-27 13:30:00-04:00,1.0927000045776367,1.100000023841858,1.0927000045776367,1.0950000286102295,1307,0.0,0.0,2023-06-27
619,2023-06-27 13:31:00-04:00,1.0966999530792236,1.0966999530792236,1.0950000286102295,1.0950000286102295,501,0.0,0.0,2023-06-27
620,2023-06-27 13:32:00-04:00,1.0950000286102295,1.100000023841858,1.090000033378601,1.090000033378601,2910,0.0,0.0,2023-06-27
621,2023-06-27 13:33:00-04:00,1.090000033378601,1.100000023841858,1.090000033378601,1.090000033378601,821,0.0,0.0,2023-06-27
622,2023-06-27 13:34:00-04:00,1.090000033378601,1.100000023841858,1.090000033378601,1.090000033378601,2198,0.0,0.0,2023-06-27
623,2023-06-27 13:35:00-04:00,1.0950000286102295,1.100000023841858,1.090000033378601,1.0950000286102295,6351,0.0,0.0,2023-06-27
624,2023-06-27 13:36:00-04:00,1.090000033378601,1.100000023841858,1.090000033378601,1.0950000286102295,1800,0.0,0.0,2023-06-27
625,2023-06-27 13:37:00-04:00,1.090000033378601,1.100000023841858,1.090000033378601,1.090000033378601,1520,0.0,0.0,2023-06-27
626,2023-06-27 13:38:00-04:00,1.090000033378601,1.100000023841858,1.090000033378601,1.090000033378601,980,0.0,0.0,2023-06-27
627,2023-06-27 13:39:00-04:00,1.100000023841858,1.100000023841858,1.090000033378601,1.100000023841858,5612,0.0,0.0,2023-06-27
628,2023-06-27 13:40:00-04:00,1.090000033378601,1.0950000286102295,1.090000033378601,1.090000033378601,6914,0.0,0.0,2023-06-27
629,2023-06-27 13:41:00-04:00,1.097499966621399,1.0985000133514404,1.090000033378601,1.0985000133514404,2346,0.0,0.0,2023-06-27
630,2023-06-27 13:42:00-04:00,1.090000033378601,1.097499966621399,1.090000033378601,1.090000033378601,800,0.0,0.0,2023-06-27
631,2023-06-27 13:43:00-04:00,1.100000023841858,1.100000023841858,1.090000033378601,1.0950000286102295,45005,0.0,0.0,2023-06-27
632,2023-06-27 13:44:00-04:00,1.0950000286102295,1.100000023841858,1.0950000286102295,1.0950000286102295,2186,0.0,0.0,2023-06-27
633,2023-06-27 13:45:00-04:00,1.0950000286102295,1.0950000286102295,1.0950000286102295,1.0950000286102295,8972,0.0,0.0,2023-06-27
634,2023-06-27 13:46:00-04:00,1.0950000286102295,1.100000023841858,1.090000033378601,1.090000033378601,2745,0.0,0.0,2023-06-27
635,2023-06-27 13:47:00-04:00,1.090000033378601,1.0963000059127808,1.090000033378601,1.090000033378601,2017,0.0,0.0,2023-06-27
636,2023-06-27 13:48:00-04:00,1.090000033378601,1.090000033378601,1.090000033378601,1.090000033378601,515,0.0,0.0,2023-06-27
637,2023-06-27 13:49:00-04:00,1.090000033378601,1.090000033378601,1.090000033378601,1.090000033378601,1457,0.0,0.0,2023-06-27
638,2023-06-27 13:50:00-04:00,1.090000033378601,1.100000023841858,1.090000033378601,1.090000033378601,4913,0.0,0.0,2023-06-27
639,2023-06-27 13:51:00-04:00,1.090000033378601,1.100000023841858,1.090000033378601,1.090000033378601,4472,0.0,0.0,2023-06-27
640,2023-06-27 13:52:00-04:00,1.090000033378601,1.0950000286102295,1.090000033378601,1.090000033378601,5729,0.0,0.0,2023-06-27
641,2023-06-27 13:53:00-04:00,1.090000033378601,1.097499966621399,1.090000033378601,1.097499966621399,1400,0.0,0.0,2023-06-27
642,2023-06-27 13:54:00-04:00,1.090000033378601,1.100000023841858,1.090000033378601,1.0950000286102295,8452,0.0,0.0,2023-06-27
643,2023-06-27 13:55:00-04:00,1.100000023841858,1.100000023841858,1.0950000286102295,1.0950000286102295,26968,0.0,0.0,2023-06-27
644,2023-06-27 13:56:00-04:00,1.0950000286102295,1.100000023841858,1.0950000286102295,1.100000023841858,8452,0.0,0.0,2023-06-27
645,2023-06-27 13:57:00-04:00,1.100000023841858,1.100000023841858,1.0950000286102295,1.0950000286102295,5201,0.0,0.0,2023-06-27
646,2023-06-27 13:58:00-04:00,1.100000023841858,1.100000023841858,1.0950000286102295,1.0950000286102295,5907,0.0,0.0,2023-06-27
647,2023-06-27 13:59:00-04:00,1.0950000286102295,1.100000023841858,1.0950000286102295,1.0950000286102295,3523,0.0,0.0,2023-06-27
648,2023-06-27 14:00:00-04:00,1.0950000286102295,1.100000023841858,1.0950000286102295,1.100000023841858,13205,0.0,0.0,2023-06-27
649,2023-06-27 14:01:00-04:00,1.100000023841858,1.100000023841858,1.0950000286102295,1.0950000286102295,3521,0.0,0.0,2023-06-27
650,2023-06-27 14:02:00-04:00,1.0950000286102295,1.100000023841858,1.0950000286102295,1.100000023841858,6155,0.0,0.0,2023-06-27
651,2023-06-27 14:03:00-04:00,1.100000023841858,1.100000023841858,1.0950000286102295,1.100000023841858,6776,0.0,0.0,2023-06-27
652,2023-06-27 14:04:00-04:00,1.100000023841858,1.100000023841858,1.0950000286102295,1.0995999574661255,15172,0.0,0.0,2023-06-27
653,2023-06-27 14:05:00-04:00,1.0950000286102295,1.100000023841858,1.0950000286102295,1.0950000286102295,1996,0.0,0.0,2023-06-27
654,2023-06-27 14:06:00-04:00,1.0950000286102295,1.100000023841858,1.0950000286102295,1.0950000286102295,6014,0.0,0.0,2023-06-27
655,2023-06-27 14:07:00-04:00,1.0950000286102295,1.100000023841858,1.090000033378601,1.0950000286102295,27882,0.0,0.0,2023-06-27
656,2023-06-27 14:08:00-04:00,1.0950000286102295,1.100000023841858,1.0950000286102295,1.0950000286102295,409,0.0,0.0,2023-06-27
657,2023-06-27 14:09:00-04:00,1.0950000286102295,1.100000023841858,1.090000033378601,1.0950000286102295,2462,0.0,0.0,2023-06-27
658,2023-06-27 14:10:00-04:00,1.0950000286102295,1.100000023841858,1.0916999578475952,1.0950000286102295,2174,0.0,0.0,2023-06-27
659,2023-06-27 14:11:00-04:00,1.100000023841858,1.100000023841858,1.0950000286102295,1.0950000286102295,2801,0.0,0.0,2023-06-27
660,2023-06-27 14:12:00-04:00,1.100000023841858,1.100000023841858,1.090000033378601,1.0950000286102295,5304,0.0,0.0,2023-06-27
661,2023-06-27 14:13:00-04:00,1.0950000286102295,1.100000023841858,1.090000033378601,1.090000033378601,8216,0.0,0.0,2023-06-27
662,2023-06-27 14:14:00-04:00,1.0950000286102295,1.100000023841858,1.090000033378601,1.090000033378601,9750,0.0,0.0,2023-06-27
663,2023-06-27 14:15:00-04:00,1.0950000286102295,1.1100000143051147,1.090000033378601,1.1074999570846558,374929,0.0,0.0,2023-06-27
664,2023-06-27 14:16:00-04:00,1.100000023841858,1.1050000190734863,1.100000023841858,1.1050000190734863,1301,0.0,0.0,2023-06-27
665,2023-06-27 14:17:00-04:00,1.1002999544143677,1.1074999570846558,1.0950000286102295,1.0950000286102295,55382,0.0,0.0,2023-06-27
666,2023-06-27 14:18:00-04:00,1.0950000286102295,1.1100000143051147,1.0950000286102295,1.1100000143051147,220901,0.0,0.0,2023-06-27
667,2023-06-27 14:19:00-04:00,1.1060999631881714,1.1060999631881714,1.100000023841858,1.100000023841858,2315,0.0,0.0,2023-06-27
668,2023-06-27 14:20:00-04:00,1.1050000190734863,1.1050000190734863,1.100000023841858,1.100600004196167,2889,0.0,0.0,2023-06-27
669,2023-06-27 14:21:00-04:00,1.1050000190734863,1.1098999977111816,1.100000023841858,1.100000023841858,12962,0.0,0.0,2023-06-27
670,2023-06-27 14:22:00-04:00,1.100000023841858,1.1050000190734863,1.100000023841858,1.1050000190734863,900,0.0,0.0,2023-06-27
671,2023-06-27 14:23:00-04:00,1.1100000143051147,1.1100000143051147,1.100000023841858,1.1050000190734863,5250,0.0,0.0,2023-06-27
672,2023-06-27 14:24:00-04:00,1.1100000143051147,1.1100000143051147,1.100000023841858,1.100100040435791,7358,0.0,0.0,2023-06-27
673,2023-06-27 14:25:00-04:00,1.100000023841858,1.1050000190734863,1.100000023841858,1.1050000190734863,3681,0.0,0.0,2023-06-27
674,2023-06-27 14:26:00-04:00,1.1100000143051147,1.1100000143051147,1.1050000190734863,1.1050000190734863,2809,0.0,0.0,2023-06-27
675,2023-06-27 14:27:00-04:00,1.1050000190734863,1.1100000143051147,1.1050000190734863,1.1098999977111816,3762,0.0,0.0,2023-06-27
676,2023-06-27 14:28:00-04:00,1.1050000190734863,1.1100000143051147,1.1050000190734863,1.1100000143051147,5261,0.0,0.0,2023-06-27
677,2023-06-27 14:29:00-04:00,1.1050000190734863,1.1085000038146973,1.1050000190734863,1.1050000190734863,3658,0.0,0.0,2023-06-27
678,2023-06-27 14:30:00-04:00,1.1050000190734863,1.1200000047683716,1.1050000190734863,1.1100000143051147,78855,0.0,0.0,2023-06-27
679,2023-06-27 14:31:00-04:00,1.1150000095367432,1.1200000047683716,1.1150000095367432,1.1150000095367432,4101,0.0,0.0,2023-06-27
680,2023-06-27 14:32:00-04:00,1.1150000095367432,1.1150000095367432,1.1050000190734863,1.1092000007629395,56507,0.0,0.0,2023-06-27
681,2023-06-27 14:33:00-04:00,1.1098999977111816,1.1100000143051147,1.100100040435791,1.1050000190734863,905,0.0,0.0,2023-06-27
682,2023-06-27 14:34:00-04:00,1.1050000190734863,1.1100000143051147,1.1050000190734863,1.1100000143051147,4035,0.0,0.0,2023-06-27
683,2023-06-27 14:35:00-04:00,1.1100000143051147,1.1100000143051147,1.1100000143051147,1.1100000143051147,1861,0.0,0.0,2023-06-27
684,2023-06-27 14:36:00-04:00,1.1050000190734863,1.1100000143051147,1.1050000190734863,1.1050000190734863,12395,0.0,0.0,2023-06-27
685,2023-06-27 14:37:00-04:00,1.1100000143051147,1.1100000143051147,1.1050000190734863,1.1050000190734863,4741,0.0,0.0,2023-06-27
686,2023-06-27 14:38:00-04:00,1.1100000143051147,1.1158000230789185,1.1100000143051147,1.1150000095367432,117718,0.0,0.0,2023-06-27
687,2023-06-27 14:39:00-04:00,1.1200000047683716,1.1200000047683716,1.1105999946594238,1.1158000230789185,28740,0.0,0.0,2023-06-27
688,2023-06-27 14:40:00-04:00,1.1100000143051147,1.1200000047683716,1.1100000143051147,1.1150000095367432,8923,0.0,0.0,2023-06-27
689,2023-06-27 14:41:00-04:00,1.1150000095367432,1.1200000047683716,1.1150000095367432,1.1150000095367432,16700,0.0,0.0,2023-06-27
690,2023-06-27 14:42:00-04:00,1.1150000095367432,1.1200000047683716,1.11489999294281,1.1200000047683716,7943,0.0,0.0,2023-06-27
691,2023-06-27 14:43:00-04:00,1.1200000047683716,1.1200000047683716,1.1150000095367432,1.1150000095367432,9302,0.0,0.0,2023-06-27
692,2023-06-27 14:44:00-04:00,1.1200000047683716,1.1200000047683716,1.1103999614715576,1.1200000047683716,20015,0.0,0.0,2023-06-27
693,2023-06-27 14:45:00-04:00,1.1200000047683716,1.1200000047683716,1.1134999990463257,1.1134999990463257,7489,0.0,0.0,2023-06-27
694,2023-06-27 14:46:00-04:00,1.1200000047683716,1.1200000047683716,1.1150000095367432,1.117300033569336,10139,0.0,0.0,2023-06-27
695,2023-06-27 14:47:00-04:00,1.1150000095367432,1.1200000047683716,1.1150000095367432,1.1200000047683716,1191,0.0,0.0,2023-06-27
696,2023-06-27 14:48:00-04:00,1.1150000095367432,1.1200000047683716,1.1150000095367432,1.1200000047683716,7500,0.0,0.0,2023-06-27
697,2023-06-27 14:49:00-04:00,1.1150000095367432,1.1200000047683716,1.1150000095367432,1.1200000047683716,3580,0.0,0.0,2023-06-27
698,2023-06-27 14:50:00-04:00,1.1200000047683716,1.1200000047683716,1.1150000095367432,1.1200000047683716,5365,0.0,0.0,2023-06-27
699,2023-06-27 14:51:00-04:00,1.1200000047683716,1.1200000047683716,1.1150000095367432,1.1200000047683716,2997,0.0,0.0,2023-06-27
700,2023-06-27 14:52:00-04:00,1.1150000095367432,1.1200000047683716,1.1123000383377075,1.1150000095367432,3969,0.0,0.0,2023-06-27
701,2023-06-27 14:53:00-04:00,1.1198999881744385,1.1200000047683716,1.1150000095367432,1.1200000047683716,2715,0.0,0.0,2023-06-27
702,2023-06-27 14:54:00-04:00,1.1200000047683716,1.1200000047683716,1.1150000095367432,1.1150000095367432,2434,0.0,0.0,2023-06-27
703,2023-06-27 14:55:00-04:00,1.1150000095367432,1.1200000047683716,1.11489999294281,1.1150000095367432,2195,0.0,0.0,2023-06-27
704,2023-06-27 14:56:00-04:00,1.1150000095367432,1.1200000047683716,1.1150000095367432,1.1167000532150269,2044,0.0,0.0,2023-06-27
705,2023-06-27 14:57:00-04:00,1.1150000095367432,1.1200000047683716,1.1102999448776245,1.1150000095367432,9942,0.0,0.0,2023-06-27
706,2023-06-27 14:58:00-04:00,1.1200000047683716,1.1200000047683716,1.1150000095367432,1.1150000095367432,888,0.0,0.0,2023-06-27
707,2023-06-27 14:59:00-04:00,1.1200000047683716,1.1200000047683716,1.1150000095367432,1.1200000047683716,5935,0.0,0.0,2023-06-27
708,2023-06-27 15:00:00-04:00,1.1150000095367432,1.1200000047683716,1.1150000095367432,1.1200000047683716,3126,0.0,0.0,2023-06-27
709,2023-06-27 15:01:00-04:00,1.1150000095367432,1.1200000047683716,1.1138999462127686,1.1150000095367432,830,0.0,0.0,2023-06-27
710,2023-06-27 15:02:00-04:00,1.1166000366210938,1.1200000047683716,1.1132999658584595,1.1200000047683716,6286,0.0,0.0,2023-06-27
711,2023-06-27 15:03:00-04:00,1.1200000047683716,1.1200000047683716,1.1150000095367432,1.1150000095367432,5541,0.0,0.0,2023-06-27
712,2023-06-27 15:04:00-04:00,1.1150000095367432,1.1200000047683716,1.1150000095367432,1.1150000095367432,4072,0.0,0.0,2023-06-27
713,2023-06-27 15:05:00-04:00,1.1200000047683716,1.1200000047683716,1.1138999462127686,1.1150000095367432,5011,0.0,0.0,2023-06-27
714,2023-06-27 15:06:00-04:00,1.1161999702453613,1.1200000047683716,1.113700032234192,1.1200000047683716,3517,0.0,0.0,2023-06-27
715,2023-06-27 15:07:00-04:00,1.1150000095367432,1.1200000047683716,1.1150000095367432,1.1150000095367432,2121,0.0,0.0,2023-06-27
716,2023-06-27 15:08:00-04:00,1.1200000047683716,1.1200000047683716,1.1100000143051147,1.1200000047683716,9521,0.0,0.0,2023-06-27
717,2023-06-27 15:09:00-04:00,1.1200000047683716,1.1200000047683716,1.1101000308990479,1.1101000308990479,12151,0.0,0.0,2023-06-27
718,2023-06-27 15:10:00-04:00,1.1150000095367432,1.1200000047683716,1.1150000095367432,1.1150000095367432,5024,0.0,0.0,2023-06-27
719,2023-06-27 15:11:00-04:00,1.1150000095367432,1.1200000047683716,1.1100000143051147,1.1150000095367432,18403,0.0,0.0,2023-06-27
720,2023-06-27 15:12:00-04:00,1.1150000095367432,1.1166000366210938,1.1150000095367432,1.1150000095367432,5414,0.0,0.0,2023-06-27
721,2023-06-27 15:13:00-04:00,1.1150000095367432,1.1200000047683716,1.1150000095367432,1.1150000095367432,6228,0.0,0.0,2023-06-27
722,2023-06-27 15:14:00-04:00,1.1150000095367432,1.1200000047683716,1.1150000095367432,1.1200000047683716,346,0.0,0.0,2023-06-27
723,2023-06-27 15:15:00-04:00,1.1200000047683716,1.1200000047683716,1.114300012588501,1.1150000095367432,997,0.0,0.0,2023-06-27
724,2023-06-27 15:16:00-04:00,1.1150000095367432,1.1200000047683716,1.1150000095367432,1.1150000095367432,2354,0.0,0.0,2023-06-27
725,2023-06-27 15:17:00-04:00,1.1150000095367432,1.1200000047683716,1.1150000095367432,1.1200000047683716,955,0.0,0.0,2023-06-27
726,2023-06-27 15:18:00-04:00,1.1150000095367432,1.1200000047683716,1.11489999294281,1.1169999837875366,18706,0.0,0.0,2023-06-27
727,2023-06-27 15:19:00-04:00,1.1200000047683716,1.1200000047683716,1.1100000143051147,1.1150000095367432,9697,0.0,0.0,2023-06-27
728,2023-06-27 15:20:00-04:00,1.113700032234192,1.1200000047683716,1.113700032234192,1.1150000095367432,3930,0.0,0.0,2023-06-27
729,2023-06-27 15:21:00-04:00,1.1200000047683716,1.1200000047683716,1.1109000444412231,1.1150000095367432,25218,0.0,0.0,2023-06-27
730,2023-06-27 15:22:00-04:00,1.1150000095367432,1.1175999641418457,1.110200047492981,1.1150000095367432,26712,0.0,0.0,2023-06-27
731,2023-06-27 15:23:00-04:00,1.1200000047683716,1.1200000047683716,1.1100000143051147,1.1150000095367432,64937,0.0,0.0,2023-06-27
732,2023-06-27 15:24:00-04:00,1.1150000095367432,1.1200000047683716,1.1150000095367432,1.1200000047683716,1230,0.0,0.0,2023-06-27
733,2023-06-27 15:25:00-04:00,1.1150000095367432,1.1150000095367432,1.1100000143051147,1.1150000095367432,3603,0.0,0.0,2023-06-27
734,2023-06-27 15:26:00-04:00,1.1150000095367432,1.1200000047683716,1.1100000143051147,1.1150000095367432,15205,0.0,0.0,2023-06-27
735,2023-06-27 15:27:00-04:00,1.1100000143051147,1.1200000047683716,1.1100000143051147,1.1100000143051147,7385,0.0,0.0,2023-06-27
736,2023-06-27 15:28:00-04:00,1.1100000143051147,1.1200000047683716,1.1100000143051147,1.1150000095367432,12614,0.0,0.0,2023-06-27
737,2023-06-27 15:29:00-04:00,1.1100000143051147,1.1200000047683716,1.1100000143051147,1.1150000095367432,5600,0.0,0.0,2023-06-27
738,2023-06-27 15:30:00-04:00,1.1100000143051147,1.1150000095367432,1.1100000143051147,1.1150000095367432,6540,0.0,0.0,2023-06-27
739,2023-06-27 15:31:00-04:00,1.1167999505996704,1.1200000047683716,1.1100000143051147,1.1200000047683716,12131,0.0,0.0,2023-06-27
740,2023-06-27 15:32:00-04:00,1.1100000143051147,1.1200000047683716,1.1100000143051147,1.1100000143051147,13808,0.0,0.0,2023-06-27
741,2023-06-27 15:33:00-04:00,1.1150000095367432,1.118299961090088,1.1100000143051147,1.1150000095367432,7798,0.0,0.0,2023-06-27
742,2023-06-27 15:34:00-04:00,1.1150000095367432,1.1200000047683716,1.1100000143051147,1.1150000095367432,8830,0.0,0.0,2023-06-27
743,2023-06-27 15:35:00-04:00,1.1150000095367432,1.1150000095367432,1.101099967956543,1.1026999950408936,128444,0.0,0.0,2023-06-27
744,2023-06-27 15:36:00-04:00,1.1050000190734863,1.1050000190734863,1.1050000190734863,1.1050000190734863,18521,0.0,0.0,2023-06-27
745,2023-06-27 15:37:00-04:00,1.1050000190734863,1.1100000143051147,1.1017999649047852,1.1100000143051147,30844,0.0,0.0,2023-06-27
746,2023-06-27 15:38:00-04:00,1.1085000038146973,1.1100000143051147,1.1050000190734863,1.1050000190734863,8665,0.0,0.0,2023-06-27
747,2023-06-27 15:39:00-04:00,1.1085000038146973,1.1100000143051147,1.1050000190734863,1.1050000190734863,4727,0.0,0.0,2023-06-27
748,2023-06-27 15:40:00-04:00,1.1050000190734863,1.1100000143051147,1.100000023841858,1.100000023841858,22363,0.0,0.0,2023-06-27
749,2023-06-27 15:41:00-04:00,1.1050000190734863,1.1100000143051147,1.100000023841858,1.1050000190734863,19300,0.0,0.0,2023-06-27
750,2023-06-27 15:42:00-04:00,1.1050000190734863,1.1100000143051147,1.100000023841858,1.1050000190734863,11434,0.0,0.0,2023-06-27
751,2023-06-27 15:43:00-04:00,1.100000023841858,1.1050000190734863,1.100000023841858,1.1050000190734863,17880,0.0,0.0,2023-06-27
752,2023-06-27 15:44:00-04:00,1.1050000190734863,1.1087000370025635,1.100000023841858,1.1050000190734863,12406,0.0,0.0,2023-06-27
753,2023-06-27 15:45:00-04:00,1.1050000190734863,1.1095000505447388,1.100000023841858,1.1050000190734863,15053,0.0,0.0,2023-06-27
754,2023-06-27 15:46:00-04:00,1.1050000190734863,1.1053999662399292,1.100000023841858,1.1050000190734863,11961,0.0,0.0,2023-06-27
755,2023-06-27 15:47:00-04:00,1.1050000190734863,1.1100000143051147,1.100000023841858,1.1050000190734863,11343,0.0,0.0,2023-06-27
756,2023-06-27 15:48:00-04:00,1.1050000190734863,1.1100000143051147,1.100000023841858,1.100000023841858,17697,0.0,0.0,2023-06-27
757,2023-06-27 15:49:00-04:00,1.1050000190734863,1.1097999811172485,1.100000023841858,1.1050000190734863,19746,0.0,0.0,2023-06-27
758,2023-06-27 15:50:00-04:00,1.100000023841858,1.107699990272522,1.100000023841858,1.100000023841858,22740,0.0,0.0,2023-06-27
759,2023-06-27 15:51:00-04:00,1.100000023841858,1.1100000143051147,1.100000023841858,1.100000023841858,36091,0.0,0.0,2023-06-27
760,2023-06-27 15:52:00-04:00,1.1050000190734863,1.1100000143051147,1.100000023841858,1.100000023841858,30000,0.0,0.0,2023-06-27
761,2023-06-27 15:53:00-04:00,1.100100040435791,1.1095000505447388,1.100000023841858,1.100000023841858,33771,0.0,0.0,2023-06-27
762,2023-06-27 15:54:00-04:00,1.1050000190734863,1.1100000143051147,1.100000023841858,1.1050000190734863,50464,0.0,0.0,2023-06-27
763,2023-06-27 15:55:00-04:00,1.100000023841858,1.1050000190734863,1.100000023841858,1.1050000190734863,44650,0.0,0.0,2023-06-27
764,2023-06-27 15:56:00-04:00,1.100000023841858,1.1066999435424805,1.100000023841858,1.1050000190734863,65583,0.0,0.0,2023-06-27
765,2023-06-27 15:57:00-04:00,1.100000023841858,1.1100000143051147,1.100000023841858,1.1054999828338623,90117,0.0,0.0,2023-06-27
766,2023-06-27 15:58:00-04:00,1.100000023841858,1.1100000143051147,1.100000023841858,1.100000023841858,59822,0.0,0.0,2023-06-27
767,2023-06-27 15:59:00-04:00,1.1050000190734863,1.1100000143051147,1.100000023841858,1.1100000143051147,145279,0.0,0.0,2023-06-27
768,2023-06-28 09:30:00-04:00,1.100000023841858,1.100000023841858,1.090000033378601,1.0944000482559204,57260,0.0,0.0,2023-06-28
769,2023-06-28 09:31:00-04:00,1.0950000286102295,1.100000023841858,1.0950000286102295,1.100000023841858,20253,0.0,0.0,2023-06-28
770,2023-06-28 09:32:00-04:00,1.1015000343322754,1.1017999649047852,1.1015000343322754,1.1017999649047852,1102,0.0,0.0,2023-06-28
771,2023-06-28 09:33:00-04:00,1.1085000038146973,1.1100000143051147,1.1015000343322754,1.1100000143051147,7302,0.0,0.0,2023-06-28
772,2023-06-28 09:34:00-04:00,1.1085000038146973,1.1085000038146973,1.100000023841858,1.1050000190734863,11249,0.0,0.0,2023-06-28
773,2023-06-28 09:35:00-04:00,1.100100040435791,1.1098999977111816,1.100100040435791,1.1050000190734863,12022,0.0,0.0,2023-06-28
774,2023-06-28 09:36:00-04:00,1.1090999841690063,1.1095999479293823,1.1050000190734863,1.1095999479293823,2673,0.0,0.0,2023-06-28
775,2023-06-28 09:37:00-04:00,1.1085000038146973,1.1100000143051147,1.1050000190734863,1.1050000190734863,3299,0.0,0.0,2023-06-28
776,2023-06-28 09:38:00-04:00,1.1050000190734863,1.1100000143051147,1.101199984550476,1.1050000190734863,59212,0.0,0.0,2023-06-28
777,2023-06-28 09:39:00-04:00,1.1100000143051147,1.1100000143051147,1.100000023841858,1.1085000038146973,11728,0.0,0.0,2023-06-28
778,2023-06-28 09:40:00-04:00,1.1050000190734863,1.1100000143051147,1.1050000190734863,1.1085000038146973,24984,0.0,0.0,2023-06-28
779,2023-06-28 09:41:00-04:00,1.1100000143051147,1.1100000143051147,1.1015000343322754,1.1100000143051147,3636,0.0,0.0,2023-06-28
780,2023-06-28 09:42:00-04:00,1.1050000190734863,1.1050000190734863,1.1045000553131104,1.1045000553131104,601,0.0,0.0,2023-06-28
781,2023-06-28 09:43:00-04:00,1.1050000190734863,1.1094000339508057,1.1050000190734863,1.1050000190734863,3919,0.0,0.0,2023-06-28
782,2023-06-28 09:44:00-04:00,1.1050000190734863,1.1050000190734863,1.090000033378601,1.090000033378601,39094,0.0,0.0,2023-06-28
783,2023-06-28 09:45:00-04:00,1.090000033378601,1.090000033378601,1.0800000429153442,1.0813000202178955,68703,0.0,0.0,2023-06-28
784,2023-06-28 09:46:00-04:00,1.0850000381469727,1.0881999731063843,1.0800000429153442,1.0800000429153442,13748,0.0,0.0,2023-06-28
785,2023-06-28 09:47:00-04:00,1.0800000429153442,1.089900016784668,1.0800000429153442,1.0850000381469727,5731,0.0,0.0,2023-06-28
786,2023-06-28 09:48:00-04:00,1.0800000429153442,1.0898000001907349,1.0800000429153442,1.0893000364303589,18920,0.0,0.0,2023-06-28
787,2023-06-28 09:49:00-04:00,1.0800000429153442,1.0850000381469727,1.0800000429153442,1.0800000429153442,8487,0.0,0.0,2023-06-28
788,2023-06-28 09:50:00-04:00,1.0800000429153442,1.090000033378601,1.0800000429153442,1.090000033378601,15670,0.0,0.0,2023-06-28
789,2023-06-28 09:51:00-04:00,1.0800000429153442,1.0850000381469727,1.0800000429153442,1.0800000429153442,12793,0.0,0.0,2023-06-28
790,2023-06-28 09:52:00-04:00,1.0800000429153442,1.090000033378601,1.0800000429153442,1.0800000429153442,13048,0.0,0.0,2023-06-28
791,2023-06-28 09:53:00-04:00,1.0850000381469727,1.0880000591278076,1.0800000429153442,1.0850000381469727,9877,0.0,0.0,2023-06-28
792,2023-06-28 09:54:00-04:00,1.0800000429153442,1.090000033378601,1.0800000429153442,1.0850000381469727,12226,0.0,0.0,2023-06-28
793,2023-06-28 09:55:00-04:00,1.0800000429153442,1.090000033378601,1.0800000429153442,1.0850000381469727,7852,0.0,0.0,2023-06-28
794,2023-06-28 09:56:00-04:00,1.0850000381469727,1.089900016784668,1.0800000429153442,1.0800000429153442,6056,0.0,0.0,2023-06-28
795,2023-06-28 09:57:00-04:00,1.0800000429153442,1.090000033378601,1.0800000429153442,1.0852999687194824,45336,0.0,0.0,2023-06-28
796,2023-06-28 09:58:00-04:00,1.0850000381469727,1.0850000381469727,1.0800000429153442,1.0850000381469727,5391,0.0,0.0,2023-06-28
797,2023-06-28 09:59:00-04:00,1.0850000381469727,1.090000033378601,1.0800000429153442,1.090000033378601,19645,0.0,0.0,2023-06-28
798,2023-06-28 10:00:00-04:00,1.090000033378601,1.090000033378601,1.0800000429153442,1.0850000381469727,23977,0.0,0.0,2023-06-28
799,2023-06-28 10:01:00-04:00,1.0885000228881836,1.0885000228881836,1.0800000429153442,1.0885000228881836,4757,0.0,0.0,2023-06-28
800,2023-06-28 10:02:00-04:00,1.0813000202178955,1.0850000381469727,1.0800000429153442,1.0850000381469727,3746,0.0,0.0,2023-06-28
801,2023-06-28 10:03:00-04:00,1.0885000228881836,1.0885000228881836,1.0800000429153442,1.0841000080108643,6242,0.0,0.0,2023-06-28
802,2023-06-28 10:04:00-04:00,1.0850000381469727,1.090000033378601,1.0800000429153442,1.090000033378601,2710,0.0,0.0,2023-06-28
803,2023-06-28 10:05:00-04:00,1.0800000429153442,1.0850000381469727,1.0800000429153442,1.0800000429153442,6145,0.0,0.0,2023-06-28
804,2023-06-28 10:06:00-04:00,1.0800000429153442,1.0878000259399414,1.0800000429153442,1.0800000429153442,2605,0.0,0.0,2023-06-28
805,2023-06-28 10:07:00-04:00,1.0861999988555908,1.089900016784668,1.0800000429153442,1.0800000429153442,3698,0.0,0.0,2023-06-28
806,2023-06-28 10:08:00-04:00,1.0819000005722046,1.0891000032424927,1.0800000429153442,1.0891000032424927,6092,0.0,0.0,2023-06-28
807,2023-06-28 10:09:00-04:00,1.0850000381469727,1.0850000381469727,1.0800000429153442,1.0800000429153442,7994,0.0,0.0,2023-06-28
808,2023-06-28 10:10:00-04:00,1.0800000429153442,1.0850000381469727,1.0800000429153442,1.0800000429153442,4408,0.0,0.0,2023-06-28
809,2023-06-28 10:11:00-04:00,1.0800000429153442,1.0856000185012817,1.0800000429153442,1.0800000429153442,3273,0.0,0.0,2023-06-28
810,2023-06-28 10:12:00-04:00,1.0800000429153442,1.0896999835968018,1.0800000429153442,1.0800000429153442,8823,0.0,0.0,2023-06-28
811,2023-06-28 10:13:00-04:00,1.0800000429153442,1.090000033378601,1.0800000429153442,1.0800000429153442,3533,0.0,0.0,2023-06-28
812,2023-06-28 10:14:00-04:00,1.0800000429153442,1.0892000198364258,1.0700000524520874,1.0880000591278076,221742,0.0,0.0,2023-06-28
813,2023-06-28 10:15:00-04:00,1.089900016784668,1.090000033378601,1.0800000429153442,1.0850000381469727,29599,0.0,0.0,2023-06-28
814,2023-06-28 10:16:00-04:00,1.0850000381469727,1.090000033378601,1.0850000381469727,1.0850000381469727,3378,0.0,0.0,2023-06-28
815,2023-06-28 10:17:00-04:00,1.090000033378601,1.090000033378601,1.0850000381469727,1.0850000381469727,1392,0.0,0.0,2023-06-28
816,2023-06-28 10:18:00-04:00,1.0841000080108643,1.090000033378601,1.0800000429153442,1.085800051689148,10320,0.0,0.0,2023-06-28
817,2023-06-28 10:19:00-04:00,1.0800000429153442,1.090000033378601,1.0800000429153442,1.090000033378601,15522,0.0,0.0,2023-06-28
818,2023-06-28 10:20:00-04:00,1.0850000381469727,1.0860999822616577,1.0850000381469727,1.0850000381469727,1455,0.0,0.0,2023-06-28
819,2023-06-28 10:21:00-04:00,1.0827000141143799,1.0880000591278076,1.0827000141143799,1.0850000381469727,1287,0.0,0.0,2023-06-28
820,2023-06-28 10:22:00-04:00,1.0801000595092773,1.0850000381469727,1.0800000429153442,1.0800000429153442,12911,0.0,0.0,2023-06-28
821,2023-06-28 10:23:00-04:00,1.0800000429153442,1.0885000228881836,1.0800000429153442,1.0800000429153442,4071,0.0,0.0,2023-06-28
822,2023-06-28 10:24:00-04:00,1.0851999521255493,1.0885000228881836,1.0800000429153442,1.0800000429153442,11655,0.0,0.0,2023-06-28
823,2023-06-28 10:25:00-04:00,1.0800000429153442,1.0850000381469727,1.0800000429153442,1.0800000429153442,2911,0.0,0.0,2023-06-28
824,2023-06-28 10:26:00-04:00,1.0800000429153442,1.0850000381469727,1.0800000429153442,1.0800000429153442,16017,0.0,0.0,2023-06-28
825,2023-06-28 10:27:00-04:00,1.0850000381469727,1.0895999670028687,1.0800000429153442,1.0800000429153442,11862,0.0,0.0,2023-06-28
826,2023-06-28 10:28:00-04:00,1.0800000429153442,1.0850000381469727,1.0800000429153442,1.0850000381469727,6815,0.0,0.0,2023-06-28
827,2023-06-28 10:29:00-04:00,1.0850000381469727,1.0850000381469727,1.0800000429153442,1.0800000429153442,5927,0.0,0.0,2023-06-28
828,2023-06-28 10:30:00-04:00,1.0800000429153442,1.0850000381469727,1.0800000429153442,1.0800000429153442,2446,0.0,0.0,2023-06-28
829,2023-06-28 10:31:00-04:00,1.0800000429153442,1.0850000381469727,1.0800000429153442,1.0850000381469727,5041,0.0,0.0,2023-06-28
830,2023-06-28 10:32:00-04:00,1.0800000429153442,1.090000033378601,1.0800000429153442,1.0800000429153442,8802,0.0,0.0,2023-06-28
831,2023-06-28 10:33:00-04:00,1.0850000381469727,1.090000033378601,1.0800000429153442,1.0800000429153442,5317,0.0,0.0,2023-06-28
832,2023-06-28 10:34:00-04:00,1.0850000381469727,1.090000033378601,1.0800000429153442,1.0850000381469727,7063,0.0,0.0,2023-06-28
833,2023-06-28 10:35:00-04:00,1.090000033378601,1.090000033378601,1.0800000429153442,1.0850000381469727,5242,0.0,0.0,2023-06-28
834,2023-06-28 10:36:00-04:00,1.090000033378601,1.090000033378601,1.0800000429153442,1.0800000429153442,6824,0.0,0.0,2023-06-28
835,2023-06-28 10:37:00-04:00,1.0875999927520752,1.090000033378601,1.0800000429153442,1.0800000429153442,33606,0.0,0.0,2023-06-28
836,2023-06-28 10:38:00-04:00,1.089900016784668,1.090000033378601,1.0800000429153442,1.0872999429702759,24679,0.0,0.0,2023-06-28
837,2023-06-28 10:39:00-04:00,1.090000033378601,1.090000033378601,1.0800000429153442,1.0850000381469727,7389,0.0,0.0,2023-06-28
838,2023-06-28 10:40:00-04:00,1.0800000429153442,1.090000033378601,1.0800000429153442,1.0850000381469727,7503,0.0,0.0,2023-06-28
839,2023-06-28 10:41:00-04:00,1.090000033378601,1.100000023841858,1.0800000429153442,1.100000023841858,34536,0.0,0.0,2023-06-28
840,2023-06-28 10:42:00-04:00,1.090000033378601,1.0950000286102295,1.090000033378601,1.090000033378601,11752,0.0,0.0,2023-06-28
841,2023-06-28 10:43:00-04:00,1.090000033378601,1.0999000072479248,1.090000033378601,1.090000033378601,2779,0.0,0.0,2023-06-28
842,2023-06-28 10:44:00-04:00,1.0980000495910645,1.0980000495910645,1.0950000286102295,1.0950000286102295,7260,0.0,0.0,2023-06-28
843,2023-06-28 10:45:00-04:00,1.090000033378601,1.0985000133514404,1.090000033378601,1.0950000286102295,642,0.0,0.0,2023-06-28
844,2023-06-28 10:46:00-04:00,1.09660005569458,1.0999000072479248,1.090000033378601,1.0950000286102295,56201,0.0,0.0,2023-06-28
845,2023-06-28 10:47:00-04:00,1.090000033378601,1.100000023841858,1.090000033378601,1.090000033378601,12739,0.0,0.0,2023-06-28
846,2023-06-28 10:48:00-04:00,1.090000033378601,1.090000033378601,1.090000033378601,1.090000033378601,124,0.0,0.0,2023-06-28
847,2023-06-28 10:49:00-04:00,1.0950000286102295,1.0973000526428223,1.090000033378601,1.090000033378601,5099,0.0,0.0,2023-06-28
848,2023-06-28 10:50:00-04:00,1.090000033378601,1.0950000286102295,1.090000033378601,1.090000033378601,3080,0.0,0.0,2023-06-28
849,2023-06-28 10:51:00-04:00,1.090000033378601,1.090000033378601,1.090000033378601,1.090000033378601,12092,0.0,0.0,2023-06-28
850,2023-06-28 10:52:00-04:00,1.0960999727249146,1.0960999727249146,1.0800000429153442,1.0800000429153442,25082,0.0,0.0,2023-06-28
851,2023-06-28 10:53:00-04:00,1.0850000381469727,1.089900016784668,1.0850000381469727,1.0850000381469727,1244,0.0,0.0,2023-06-28
852,2023-06-28 10:54:00-04:00,1.0800000429153442,1.0800000429153442,1.0800000429153442,1.0800000429153442,599,0.0,0.0,2023-06-28
853,2023-06-28 10:55:00-04:00,1.0800000429153442,1.090000033378601,1.0800000429153442,1.0850000381469727,10662,0.0,0.0,2023-06-28
854,2023-06-28 10:56:00-04:00,1.0850000381469727,1.0879000425338745,1.0800000429153442,1.0850000381469727,5703,0.0,0.0,2023-06-28
855,2023-06-28 10:57:00-04:00,1.0850000381469727,1.0850000381469727,1.0800000429153442,1.0800000429153442,13362,0.0,0.0,2023-06-28
856,2023-06-28 10:58:00-04:00,1.0800000429153442,1.089900016784668,1.0800000429153442,1.089900016784668,1937,0.0,0.0,2023-06-28
857,2023-06-28 10:59:00-04:00,1.0800000429153442,1.0850000381469727,1.0800000429153442,1.0800000429153442,2811,0.0,0.0,2023-06-28
858,2023-06-28 11:00:00-04:00,1.0800000429153442,1.0850000381469727,1.0800000429153442,1.0850000381469727,2769,0.0,0.0,2023-06-28
859,2023-06-28 11:01:00-04:00,1.0800000429153442,1.090000033378601,1.0800000429153442,1.0850000381469727,12953,0.0,0.0,2023-06-28
860,2023-06-28 11:02:00-04:00,1.0850000381469727,1.0894999504089355,1.0800000429153442,1.0800000429153442,2687,0.0,0.0,2023-06-28
861,2023-06-28 11:03:00-04:00,1.0885000228881836,1.0896999835968018,1.0800000429153442,1.0800000429153442,3051,0.0,0.0,2023-06-28
862,2023-06-28 11:04:00-04:00,1.0800000429153442,1.0850000381469727,1.0800000429153442,1.0800000429153442,2229,0.0,0.0,2023-06-28
863,2023-06-28 11:05:00-04:00,1.0860999822616577,1.089900016784668,1.0800000429153442,1.0800000429153442,53356,0.0,0.0,2023-06-28
864,2023-06-28 11:06:00-04:00,1.0819000005722046,1.0850000381469727,1.0800000429153442,1.0800000429153442,7111,0.0,0.0,2023-06-28
865,2023-06-28 11:07:00-04:00,1.0800000429153442,1.0800000429153442,1.0800000429153442,1.0800000429153442,1153,0.0,0.0,2023-06-28
866,2023-06-28 11:08:00-04:00,1.0800000429153442,1.0894999504089355,1.0800000429153442,1.0800000429153442,3271,0.0,0.0,2023-06-28
867,2023-06-28 11:09:00-04:00,1.0800000429153442,1.0885000228881836,1.0800000429153442,1.0850000381469727,9639,0.0,0.0,2023-06-28
868,2023-06-28 11:10:00-04:00,1.0850000381469727,1.090000033378601,1.0800000429153442,1.090000033378601,8048,0.0,0.0,2023-06-28
869,2023-06-28 11:11:00-04:00,1.0850000381469727,1.0887999534606934,1.0800000429153442,1.0850000381469727,30485,0.0,0.0,2023-06-28
870,2023-06-28 11:12:00-04:00,1.0850000381469727,1.0850000381469727,1.0700000524520874,1.0788999795913696,99098,0.0,0.0,2023-06-28
871,2023-06-28 11:13:00-04:00,1.0700000524520874,1.0800000429153442,1.0700000524520874,1.0750000476837158,10681,0.0,0.0,2023-06-28
872,2023-06-28 11:14:00-04:00,1.0700000524520874,1.0799000263214111,1.0700000524520874,1.0799000263214111,14491,0.0,0.0,2023-06-28
873,2023-06-28 11:15:00-04:00,1.0784000158309937,1.0800000429153442,1.0700000524520874,1.0750000476837158,5425,0.0,0.0,2023-06-28
874,2023-06-28 11:16:00-04:00,1.0700000524520874,1.079200029373169,1.0700000524520874,1.0750000476837158,34338,0.0,0.0,2023-06-28
875,2023-06-28 11:17:00-04:00,1.0700000524520874,1.0800000429153442,1.0700000524520874,1.0750000476837158,5422,0.0,0.0,2023-06-28
876,2023-06-28 11:18:00-04:00,1.0750000476837158,1.0800000429153442,1.0700000524520874,1.0800000429153442,6247,0.0,0.0,2023-06-28
877,2023-06-28 11:19:00-04:00,1.0700000524520874,1.0750000476837158,1.0700000524520874,1.0700000524520874,6601,0.0,0.0,2023-06-28
878,2023-06-28 11:20:00-04:00,1.0700000524520874,1.0800000429153442,1.0700000524520874,1.0700000524520874,12835,0.0,0.0,2023-06-28
879,2023-06-28 11:21:00-04:00,1.0700000524520874,1.0750000476837158,1.0700000524520874,1.0700000524520874,4208,0.0,0.0,2023-06-28
880,2023-06-28 11:22:00-04:00,1.0800000429153442,1.0800000429153442,1.0700000524520874,1.0700000524520874,6641,0.0,0.0,2023-06-28
881,2023-06-28 11:23:00-04:00,1.0750000476837158,1.0791000127792358,1.0700000524520874,1.0700000524520874,18183,0.0,0.0,2023-06-28
882,2023-06-28 11:24:00-04:00,1.0700000524520874,1.0750000476837158,1.0700000524520874,1.0700000524520874,2359,0.0,0.0,2023-06-28
883,2023-06-28 11:25:00-04:00,1.0700000524520874,1.0799000263214111,1.0700000524520874,1.0700000524520874,6906,0.0,0.0,2023-06-28
884,2023-06-28 11:26:00-04:00,1.0700000524520874,1.0800000429153442,1.0700000524520874,1.0700000524520874,5944,0.0,0.0,2023-06-28
885,2023-06-28 11:27:00-04:00,1.0781999826431274,1.0800000429153442,1.0700000524520874,1.0750000476837158,12338,0.0,0.0,2023-06-28
886,2023-06-28 11:28:00-04:00,1.0700000524520874,1.0800000429153442,1.0700000524520874,1.0750000476837158,4614,0.0,0.0,2023-06-28
887,2023-06-28 11:29:00-04:00,1.0700000524520874,1.0750000476837158,1.0700000524520874,1.0750000476837158,2065,0.0,0.0,2023-06-28
888,2023-06-28 11:30:00-04:00,1.0750000476837158,1.0800000429153442,1.0700000524520874,1.0750000476837158,27862,0.0,0.0,2023-06-28
889,2023-06-28 11:31:00-04:00,1.0750000476837158,1.0800000429153442,1.0700000524520874,1.0750000476837158,6294,0.0,0.0,2023-06-28
890,2023-06-28 11:32:00-04:00,1.0750000476837158,1.0850000381469727,1.0750000476837158,1.0850000381469727,41676,0.0,0.0,2023-06-28
891,2023-06-28 11:33:00-04:00,1.090000033378601,1.090000033378601,1.0850000381469727,1.090000033378601,2578,0.0,0.0,2023-06-28
892,2023-06-28 11:34:00-04:00,1.0867999792099,1.0867999792099,1.0800000429153442,1.0867999792099,1188,0.0,0.0,2023-06-28
893,2023-06-28 11:35:00-04:00,1.089900016784668,1.090000033378601,1.0857000350952148,1.090000033378601,3313,0.0,0.0,2023-06-28
894,2023-06-28 11:36:00-04:00,1.090000033378601,1.0950000286102295,1.090000033378601,1.0950000286102295,50919,0.0,0.0,2023-06-28
895,2023-06-28 11:37:00-04:00,1.090000033378601,1.0985000133514404,1.090000033378601,1.0985000133514404,512,0.0,0.0,2023-06-28
896,2023-06-28 11:38:00-04:00,1.090000033378601,1.090000033378601,1.0850000381469727,1.0850000381469727,24118,0.0,0.0,2023-06-28
897,2023-06-28 11:39:00-04:00,1.0800000429153442,1.0885000228881836,1.0800000429153442,1.0850000381469727,1745,0.0,0.0,2023-06-28
898,2023-06-28 11:40:00-04:00,1.090000033378601,1.090000033378601,1.0800000429153442,1.0841000080108643,2800,0.0,0.0,2023-06-28
899,2023-06-28 11:41:00-04:00,1.0850000381469727,1.0850000381469727,1.0800000429153442,1.0800000429153442,384,0.0,0.0,2023-06-28
900,2023-06-28 11:42:00-04:00,1.090000033378601,1.090000033378601,1.0800000429153442,1.0800000429153442,376,0.0,0.0,2023-06-28
901,2023-06-28 11:43:00-04:00,1.090000033378601,1.090000033378601,1.0800000429153442,1.0867999792099,4910,0.0,0.0,2023-06-28
902,2023-06-28 11:44:00-04:00,1.0800000429153442,1.090000033378601,1.0800000429153442,1.090000033378601,1902,0.0,0.0,2023-06-28
903,2023-06-28 11:45:00-04:00,1.0850000381469727,1.0850000381469727,1.0800000429153442,1.0800000429153442,2552,0.0,0.0,2023-06-28
904,2023-06-28 11:46:00-04:00,1.0800000429153442,1.090000033378601,1.0800000429153442,1.0800000429153442,42545,0.0,0.0,2023-06-28
905,2023-06-28 11:47:00-04:00,1.089900016784668,1.100000023841858,1.0800000429153442,1.100000023841858,189781,0.0,0.0,2023-06-28
906,2023-06-28 11:48:00-04:00,1.0973000526428223,1.100000023841858,1.090000033378601,1.0950000286102295,71145,0.0,0.0,2023-06-28
907,2023-06-28 11:49:00-04:00,1.100000023841858,1.100000023841858,1.0950000286102295,1.0989999771118164,11012,0.0,0.0,2023-06-28
908,2023-06-28 11:50:00-04:00,1.0950000286102295,1.100000023841858,1.0950000286102295,1.0950000286102295,1407,0.0,0.0,2023-06-28
909,2023-06-28 11:51:00-04:00,1.0950000286102295,1.100000023841858,1.090000033378601,1.0937999486923218,56317,0.0,0.0,2023-06-28
910,2023-06-28 11:52:00-04:00,1.090000033378601,1.100000023841858,1.090000033378601,1.100000023841858,13583,0.0,0.0,2023-06-28
911,2023-06-28 11:54:00-04:00,1.100000023841858,1.1100000143051147,1.100000023841858,1.1030000448226929,39604,0.0,0.0,2023-06-28
912,2023-06-28 11:55:00-04:00,1.1050000190734863,1.1058000326156616,1.100100040435791,1.1050000190734863,10266,0.0,0.0,2023-06-28
913,2023-06-28 11:56:00-04:00,1.100000023841858,1.1050000190734863,1.100000023841858,1.1050000190734863,2240,0.0,0.0,2023-06-28
914,2023-06-28 11:57:00-04:00,1.100000023841858,1.1100000143051147,1.100000023841858,1.1051000356674194,9102,0.0,0.0,2023-06-28
915,2023-06-28 11:58:00-04:00,1.100100040435791,1.100100040435791,1.100100040435791,1.100100040435791,2099,0.0,0.0,2023-06-28
916,2023-06-28 11:59:00-04:00,1.1035000085830688,1.1035000085830688,1.1035000085830688,1.1035000085830688,126,0.0,0.0,2023-06-28
917,2023-06-28 12:00:00-04:00,1.1050000190734863,1.1100000143051147,1.100100040435791,1.1050000190734863,15269,0.0,0.0,2023-06-28
918,2023-06-28 12:01:00-04:00,1.1050000190734863,1.1100000143051147,1.1050000190734863,1.1100000143051147,11261,0.0,0.0,2023-06-28
919,2023-06-28 12:02:00-04:00,1.1100000143051147,1.1100000143051147,1.1050000190734863,1.1098999977111816,1992,0.0,0.0,2023-06-28
920,2023-06-28 12:03:00-04:00,1.1050000190734863,1.1050000190734863,1.1050000190734863,1.1050000190734863,399,0.0,0.0,2023-06-28
921,2023-06-28 12:05:00-04:00,1.1086000204086304,1.1086000204086304,1.1086000204086304,1.1086000204086304,330,0.0,0.0,2023-06-28
922,2023-06-28 12:06:00-04:00,1.1100000143051147,1.1100000143051147,1.104699969291687,1.104699969291687,2711,0.0,0.0,2023-06-28
923,2023-06-28 12:07:00-04:00,1.1100000143051147,1.1100000143051147,1.1100000143051147,1.1100000143051147,261,0.0,0.0,2023-06-28
924,2023-06-28 12:08:00-04:00,1.1050000190734863,1.1100000143051147,1.1050000190734863,1.1100000143051147,313,0.0,0.0,2023-06-28
925,2023-06-28 12:09:00-04:00,1.1100000143051147,1.1100000143051147,1.1096999645233154,1.1100000143051147,6924,0.0,0.0,2023-06-28
926,2023-06-28 12:10:00-04:00,1.1100000143051147,1.1100000143051147,1.1050000190734863,1.1100000143051147,6767,0.0,0.0,2023-06-28
927,2023-06-28 12:11:00-04:00,1.1100000143051147,1.1200000047683716,1.1100000143051147,1.1200000047683716,45271,0.0,0.0,2023-06-28
928,2023-06-28 12:12:00-04:00,1.1200000047683716,1.1200000047683716,1.100000023841858,1.1100000143051147,106166,0.0,0.0,2023-06-28
929,2023-06-28 12:13:00-04:00,1.1002999544143677,1.1002999544143677,1.1002999544143677,1.1002999544143677,290,0.0,0.0,2023-06-28
930,2023-06-28 12:14:00-04:00,1.1100000143051147,1.1100000143051147,1.1100000143051147,1.1100000143051147,266,0.0,0.0,2023-06-28
931,2023-06-28 12:15:00-04:00,1.1100000143051147,1.1100000143051147,1.100000023841858,1.100000023841858,48412,0.0,0.0,2023-06-28
932,2023-06-28 12:16:00-04:00,1.1100000143051147,1.114300012588501,1.100000023841858,1.1133999824523926,45669,0.0,0.0,2023-06-28
933,2023-06-28 12:17:00-04:00,1.1150000095367432,1.1150000095367432,1.1100000143051147,1.114799976348877,6690,0.0,0.0,2023-06-28
934,2023-06-28 12:18:00-04:00,1.1139999628067017,1.1150000095367432,1.1131000518798828,1.1150000095367432,1718,0.0,0.0,2023-06-28
935,2023-06-28 12:19:00-04:00,1.1150000095367432,1.1150000095367432,1.1150000095367432,1.1150000095367432,206,0.0,0.0,2023-06-28
936,2023-06-28 12:20:00-04:00,1.1150000095367432,1.1187000274658203,1.1128000020980835,1.1150000095367432,6202,0.0,0.0,2023-06-28
937,2023-06-28 12:21:00-04:00,1.1191999912261963,1.1191999912261963,1.1100000143051147,1.1150000095367432,15175,0.0,0.0,2023-06-28
938,2023-06-28 12:22:00-04:00,1.1150000095367432,1.1200000047683716,1.1100000143051147,1.1150000095367432,534,0.0,0.0,2023-06-28
939,2023-06-28 12:23:00-04:00,1.1150000095367432,1.1150000095367432,1.1150000095367432,1.1150000095367432,265,0.0,0.0,2023-06-28
940,2023-06-28 12:24:00-04:00,1.1150000095367432,1.1200000047683716,1.1100000143051147,1.1150000095367432,23196,0.0,0.0,2023-06-28
941,2023-06-28 12:25:00-04:00,1.1150000095367432,1.1150000095367432,1.1100000143051147,1.1150000095367432,9661,0.0,0.0,2023-06-28
942,2023-06-28 12:26:00-04:00,1.1150000095367432,1.1200000047683716,1.1150000095367432,1.1200000047683716,20141,0.0,0.0,2023-06-28
943,2023-06-28 12:27:00-04:00,1.1150000095367432,1.1198999881744385,1.1150000095367432,1.1188000440597534,13219,0.0,0.0,2023-06-28
944,2023-06-28 12:28:00-04:00,1.1150000095367432,1.1195000410079956,1.1124000549316406,1.1150000095367432,22440,0.0,0.0,2023-06-28
945,2023-06-28 12:29:00-04:00,1.1150000095367432,1.1150000095367432,1.1100000143051147,1.1150000095367432,5634,0.0,0.0,2023-06-28
946,2023-06-28 12:30:00-04:00,1.1150000095367432,1.1200000047683716,1.1150000095367432,1.1150000095367432,4679,0.0,0.0,2023-06-28
947,2023-06-28 12:31:00-04:00,1.1198999881744385,1.1198999881744385,1.1198999881744385,1.1198999881744385,1147,0.0,0.0,2023-06-28
948,2023-06-28 12:32:00-04:00,1.1150000095367432,1.1150000095367432,1.1150000095367432,1.1150000095367432,112,0.0,0.0,2023-06-28
949,2023-06-28 12:33:00-04:00,1.1187000274658203,1.1198999881744385,1.1101000308990479,1.1101000308990479,15342,0.0,0.0,2023-06-28
950,2023-06-28 12:34:00-04:00,1.1150000095367432,1.1150000095367432,1.1103999614715576,1.1103999614715576,1268,0.0,0.0,2023-06-28
951,2023-06-28 12:35:00-04:00,1.1150000095367432,1.1198999881744385,1.1150000095367432,1.1198999881744385,2888,0.0,0.0,2023-06-28
952,2023-06-28 12:36:00-04:00,1.1133999824523926,1.1197999715805054,1.1133999824523926,1.1150000095367432,6109,0.0,0.0,2023-06-28
953,2023-06-28 12:37:00-04:00,1.1150000095367432,1.1150000095367432,1.1100000143051147,1.1150000095367432,928,0.0,0.0,2023-06-28
954,2023-06-28 12:38:00-04:00,1.1150000095367432,1.1200000047683716,1.1100000143051147,1.1200000047683716,5434,0.0,0.0,2023-06-28
955,2023-06-28 12:39:00-04:00,1.1150000095367432,1.1150000095367432,1.1134999990463257,1.1136000156402588,2361,0.0,0.0,2023-06-28
956,2023-06-28 12:40:00-04:00,1.1150000095367432,1.1200000047683716,1.1150000095367432,1.1198999881744385,1797,0.0,0.0,2023-06-28
957,2023-06-28 12:41:00-04:00,1.1150000095367432,1.1197999715805054,1.1101000308990479,1.1150000095367432,50779,0.0,0.0,2023-06-28
958,2023-06-28 12:42:00-04:00,1.1150000095367432,1.1150000095367432,1.1100000143051147,1.1150000095367432,10767,0.0,0.0,2023-06-28
959,2023-06-28 12:43:00-04:00,1.1150000095367432,1.1150000095367432,1.1150000095367432,1.1150000095367432,16688,0.0,0.0,2023-06-28
960,2023-06-28 12:44:00-04:00,1.1100000143051147,1.1150000095367432,1.1050000190734863,1.1050000190734863,25600,0.0,0.0,2023-06-28
961,2023-06-28 12:45:00-04:00,1.100000023841858,1.1050000190734863,1.100000023841858,1.1050000190734863,2439,0.0,0.0,2023-06-28
962,2023-06-28 12:46:00-04:00,1.1050000190734863,1.1100000143051147,1.1050000190734863,1.1100000143051147,3444,0.0,0.0,2023-06-28
963,2023-06-28 12:47:00-04:00,1.1050000190734863,1.1050000190734863,1.100000023841858,1.100000023841858,10059,0.0,0.0,2023-06-28
964,2023-06-28 12:48:00-04:00,1.1100000143051147,1.1100000143051147,1.1022000312805176,1.1022000312805176,1998,0.0,0.0,2023-06-28
965,2023-06-28 12:49:00-04:00,1.1100000143051147,1.1150000095367432,1.1021000146865845,1.1100000143051147,19314,0.0,0.0,2023-06-28
966,2023-06-28 12:50:00-04:00,1.1100000143051147,1.1100000143051147,1.1100000143051147,1.1100000143051147,398,0.0,0.0,2023-06-28
967,2023-06-28 12:51:00-04:00,1.1150000095367432,1.1150000095367432,1.1100000143051147,1.1100000143051147,286,0.0,0.0,2023-06-28
968,2023-06-28 12:52:00-04:00,1.1100000143051147,1.118499994277954,1.1100000143051147,1.1100000143051147,1561,0.0,0.0,2023-06-28
969,2023-06-28 12:54:00-04:00,1.1100000143051147,1.1200000047683716,1.1100000143051147,1.1100000143051147,1700,0.0,0.0,2023-06-28
970,2023-06-28 12:55:00-04:00,1.1100000143051147,1.1105999946594238,1.1100000143051147,1.1105999946594238,17246,0.0,0.0,2023-06-28
971,2023-06-28 12:56:00-04:00,1.1105999946594238,1.1150000095367432,1.1100000143051147,1.1150000095367432,4495,0.0,0.0,2023-06-28
972,2023-06-28 12:57:00-04:00,1.1100000143051147,1.1150000095367432,1.1100000143051147,1.1150000095367432,2557,0.0,0.0,2023-06-28
973,2023-06-28 12:58:00-04:00,1.1150000095367432,1.1150000095367432,1.1100000143051147,1.1100000143051147,1831,0.0,0.0,2023-06-28
974,2023-06-28 12:59:00-04:00,1.1150000095367432,1.1150000095367432,1.1100000143051147,1.1100000143051147,1555,0.0,0.0,2023-06-28
975,2023-06-28 13:00:00-04:00,1.1100000143051147,1.1150000095367432,1.1100000143051147,1.1100000143051147,5914,0.0,0.0,2023-06-28
976,2023-06-28 13:01:00-04:00,1.1200000047683716,1.1200000047683716,1.1100000143051147,1.1100000143051147,6516,0.0,0.0,2023-06-28
977,2023-06-28 13:02:00-04:00,1.1131000518798828,1.1200000047683716,1.1100000143051147,1.1100000143051147,1757,0.0,0.0,2023-06-28
978,2023-06-28 13:03:00-04:00,1.1100000143051147,1.1104999780654907,1.1100000143051147,1.1104999780654907,2900,0.0,0.0,2023-06-28
979,2023-06-28 13:04:00-04:00,1.1100000143051147,1.110200047492981,1.1100000143051147,1.1100000143051147,12932,0.0,0.0,2023-06-28
980,2023-06-28 13:05:00-04:00,1.1100000143051147,1.1100000143051147,1.1100000143051147,1.1100000143051147,7067,0.0,0.0,2023-06-28
981,2023-06-28 13:06:00-04:00,1.1100000143051147,1.1150000095367432,1.1100000143051147,1.1150000095367432,1341,0.0,0.0,2023-06-28
982,2023-06-28 13:07:00-04:00,1.1150000095367432,1.1200000047683716,1.1100000143051147,1.1100000143051147,2206,0.0,0.0,2023-06-28
983,2023-06-28 13:08:00-04:00,1.1100000143051147,1.1200000047683716,1.1100000143051147,1.1200000047683716,801,0.0,0.0,2023-06-28
984,2023-06-28 13:09:00-04:00,1.1150000095367432,1.1150000095367432,1.1100000143051147,1.1100000143051147,1165,0.0,0.0,2023-06-28
985,2023-06-28 13:10:00-04:00,1.1100000143051147,1.1100000143051147,1.1100000143051147,1.1100000143051147,146,0.0,0.0,2023-06-28
986,2023-06-28 13:12:00-04:00,1.1100000143051147,1.1100000143051147,1.1100000143051147,1.1100000143051147,300,0.0,0.0,2023-06-28
987,2023-06-28 13:13:00-04:00,1.1100000143051147,1.1100000143051147,1.1100000143051147,1.1100000143051147,100,0.0,0.0,2023-06-28
988,2023-06-28 13:14:00-04:00,1.110700011253357,1.1150000095367432,1.1100000143051147,1.1100000143051147,300,0.0,0.0,2023-06-28
989,2023-06-28 13:15:00-04:00,1.1100000143051147,1.1100000143051147,1.1100000143051147,1.1100000143051147,100,0.0,0.0,2023-06-28
990,2023-06-28 13:16:00-04:00,1.1150000095367432,1.1150000095367432,1.1150000095367432,1.1150000095367432,3014,0.0,0.0,2023-06-28
991,2023-06-28 13:17:00-04:00,1.1150000095367432,1.1150000095367432,1.1100000143051147,1.1100000143051147,500,0.0,0.0,2023-06-28
992,2023-06-28 13:19:00-04:00,1.1150000095367432,1.1174999475479126,1.1100000143051147,1.1174999475479126,413,0.0,0.0,2023-06-28
993,2023-06-28 13:20:00-04:00,1.1119999885559082,1.11899995803833,1.1119999885559082,1.1150000095367432,45872,0.0,0.0,2023-06-28
994,2023-06-28 13:21:00-04:00,1.1100000143051147,1.1200000047683716,1.1100000143051147,1.1200000047683716,4321,0.0,0.0,2023-06-28
995,2023-06-28 13:22:00-04:00,1.1200000047683716,1.1399999856948853,1.1200000047683716,1.1349999904632568,154204,0.0,0.0,2023-06-28
996,2023-06-28 13:23:00-04:00,1.1299999952316284,1.1398999691009521,1.1299999952316284,1.131600022315979,14000,0.0,0.0,2023-06-28
997,2023-06-28 13:24:00-04:00,1.1349999904632568,1.1349999904632568,1.1349999904632568,1.1349999904632568,2995,0.0,0.0,2023-06-28
998,2023-06-28 13:25:00-04:00,1.1349999904632568,1.1397000551223755,1.1301000118255615,1.1397000551223755,5210,0.0,0.0,2023-06-28
999,2023-06-28 13:26:00-04:00,1.1299999952316284,1.1349999904632568,1.1299999952316284,1.1349999904632568,373,0.0,0.0,2023-06-28
1000,2023-06-28 13:27:00-04:00,1.1301000118255615,1.1301000118255615,1.1301000118255615,1.1301000118255615,300,0.0,0.0,2023-06-28
1001,2023-06-28 13:28:00-04:00,1.1328999996185303,1.1349999904632568,1.1328999996185303,1.1349999904632568,423,0.0,0.0,2023-06-28
1002,2023-06-28 13:29:00-04:00,1.1349999904632568,1.1349999904632568,1.1349999904632568,1.1349999904632568,214,0.0,0.0,2023-06-28
1003,2023-06-28 13:30:00-04:00,1.1299999952316284,1.139799952507019,1.1299999952316284,1.139799952507019,23301,0.0,0.0,2023-06-28
1004,2023-06-28 13:31:00-04:00,1.1299999952316284,1.1349999904632568,1.1299999952316284,1.1349999904632568,10119,0.0,0.0,2023-06-28
1005,2023-06-28 13:32:00-04:00,1.1349999904632568,1.1399999856948853,1.1349999904632568,1.1399999856948853,2665,0.0,0.0,2023-06-28
1006,2023-06-28 13:33:00-04:00,1.1349999904632568,1.1399999856948853,1.1299999952316284,1.1349999904632568,10944,0.0,0.0,2023-06-28
1007,2023-06-28 13:34:00-04:00,1.1301000118255615,1.1384999752044678,1.1299999952316284,1.1332000494003296,9418,0.0,0.0,2023-06-28
1008,2023-06-28 13:35:00-04:00,1.1349999904632568,1.1349999904632568,1.1299999952316284,1.1299999952316284,6793,0.0,0.0,2023-06-28
1009,2023-06-28 13:36:00-04:00,1.1349999904632568,1.1349999904632568,1.131600022315979,1.1349999904632568,1676,0.0,0.0,2023-06-28
1010,2023-06-28 13:38:00-04:00,1.1313999891281128,1.1313999891281128,1.1313999891281128,1.1313999891281128,1000,0.0,0.0,2023-06-28
1011,2023-06-28 13:39:00-04:00,1.131100058555603,1.1399999856948853,1.1299999952316284,1.1299999952316284,8873,0.0,0.0,2023-06-28
1012,2023-06-28 13:40:00-04:00,1.1299999952316284,1.131500005722046,1.1299999952316284,1.131500005722046,9036,0.0,0.0,2023-06-28
1013,2023-06-28 13:41:00-04:00,1.1349999904632568,1.1349999904632568,1.131500005722046,1.1349999904632568,454,0.0,0.0,2023-06-28
1014,2023-06-28 13:42:00-04:00,1.1349999904632568,1.1397000551223755,1.1299999952316284,1.1397000551223755,3787,0.0,0.0,2023-06-28
1015,2023-06-28 13:43:00-04:00,1.1299999952316284,1.1299999952316284,1.1299999952316284,1.1299999952316284,511,0.0,0.0,2023-06-28
1016,2023-06-28 13:44:00-04:00,1.1390999555587769,1.1390999555587769,1.1384999752044678,1.1384999752044678,200,0.0,0.0,2023-06-28
1017,2023-06-28 13:45:00-04:00,1.1376999616622925,1.1399999856948853,1.1299999952316284,1.1349999904632568,13005,0.0,0.0,2023-06-28
1018,2023-06-28 13:46:00-04:00,1.1349999904632568,1.138700008392334,1.1349999904632568,1.138700008392334,9002,0.0,0.0,2023-06-28
1019,2023-06-28 13:47:00-04:00,1.1349999904632568,1.1349999904632568,1.1349999904632568,1.1349999904632568,471,0.0,0.0,2023-06-28
1020,2023-06-28 13:48:00-04:00,1.1299999952316284,1.1349999904632568,1.1299999952316284,1.1349999904632568,8154,0.0,0.0,2023-06-28
1021,2023-06-28 13:49:00-04:00,1.1349999904632568,1.1349999904632568,1.131600022315979,1.131600022315979,238,0.0,0.0,2023-06-28
1022,2023-06-28 13:50:00-04:00,1.1299999952316284,1.1299999952316284,1.1299999952316284,1.1299999952316284,1813,0.0,0.0,2023-06-28
1023,2023-06-28 13:51:00-04:00,1.1301000118255615,1.1349999904632568,1.1301000118255615,1.1349999904632568,5430,0.0,0.0,2023-06-28
1024,2023-06-28 13:52:00-04:00,1.1299999952316284,1.1349999904632568,1.1299999952316284,1.1349999904632568,5200,0.0,0.0,2023-06-28
1025,2023-06-28 13:53:00-04:00,1.1299999952316284,1.1299999952316284,1.12909996509552,1.12909996509552,43348,0.0,0.0,2023-06-28
1026,2023-06-28 13:54:00-04:00,1.1299999952316284,1.1349999904632568,1.1299999952316284,1.1349999904632568,22117,0.0,0.0,2023-06-28
1027,2023-06-28 13:55:00-04:00,1.1349999904632568,1.1399999856948853,1.1349999904632568,1.1399999856948853,4377,0.0,0.0,2023-06-28
1028,2023-06-28 13:56:00-04:00,1.1399999856948853,1.1399999856948853,1.1349999904632568,1.1349999904632568,2955,0.0,0.0,2023-06-28
1029,2023-06-28 13:58:00-04:00,1.1399999856948853,1.1399999856948853,1.1349999904632568,1.1349999904632568,1108,0.0,0.0,2023-06-28
1030,2023-06-28 14:00:00-04:00,1.1399999856948853,1.1399999856948853,1.1373000144958496,1.1399999856948853,4963,0.0,0.0,2023-06-28
1031,2023-06-28 14:01:00-04:00,1.1399999856948853,1.149899959564209,1.1399999856948853,1.1449999809265137,27420,0.0,0.0,2023-06-28
1032,2023-06-28 14:02:00-04:00,1.1449999809265137,1.1449999809265137,1.1399999856948853,1.1399999856948853,5232,0.0,0.0,2023-06-28
1033,2023-06-28 14:03:00-04:00,1.1440999507904053,1.1440999507904053,1.1440999507904053,1.1440999507904053,413,0.0,0.0,2023-06-28
1034,2023-06-28 14:04:00-04:00,1.1449999809265137,1.1449999809265137,1.1399999856948853,1.1399999856948853,7351,0.0,0.0,2023-06-28
1035,2023-06-28 14:05:00-04:00,1.1399999856948853,1.1449999809265137,1.1399999856948853,1.1449999809265137,2554,0.0,0.0,2023-06-28
1036,2023-06-28 14:06:00-04:00,1.1414999961853027,1.1449999809265137,1.1399999856948853,1.1449999809265137,7014,0.0,0.0,2023-06-28
1037,2023-06-28 14:07:00-04:00,1.1449999809265137,1.149999976158142,1.1399999856948853,1.1449999809265137,20536,0.0,0.0,2023-06-28
1038,2023-06-28 14:08:00-04:00,1.149899959564209,1.149899959564209,1.1399999856948853,1.1399999856948853,6302,0.0,0.0,2023-06-28
1039,2023-06-28 14:09:00-04:00,1.1399999856948853,1.1449999809265137,1.1399999856948853,1.1449999809265137,1922,0.0,0.0,2023-06-28
1040,2023-06-28 14:11:00-04:00,1.149999976158142,1.149999976158142,1.1449999809265137,1.1491999626159668,21992,0.0,0.0,2023-06-28
1041,2023-06-28 14:12:00-04:00,1.149999976158142,1.149999976158142,1.1401000022888184,1.149399995803833,12440,0.0,0.0,2023-06-28
1042,2023-06-28 14:13:00-04:00,1.149999976158142,1.149999976158142,1.1426000595092773,1.149999976158142,14277,0.0,0.0,2023-06-28
1043,2023-06-28 14:14:00-04:00,1.149999976158142,1.149999976158142,1.142300009727478,1.149899959564209,17288,0.0,0.0,2023-06-28
1044,2023-06-28 14:15:00-04:00,1.149999976158142,1.1593999862670898,1.149999976158142,1.1500999927520752,77663,0.0,0.0,2023-06-28
1045,2023-06-28 14:16:00-04:00,1.1549999713897705,1.159999966621399,1.149999976158142,1.1549999713897705,16540,0.0,0.0,2023-06-28
1046,2023-06-28 14:17:00-04:00,1.1549999713897705,1.159999966621399,1.1500999927520752,1.1586999893188477,24858,0.0,0.0,2023-06-28
1047,2023-06-28 14:18:00-04:00,1.1526999473571777,1.1598999500274658,1.149999976158142,1.1598999500274658,4432,0.0,0.0,2023-06-28
1048,2023-06-28 14:19:00-04:00,1.1549999713897705,1.159999966621399,1.1549999713897705,1.1549999713897705,11285,0.0,0.0,2023-06-28
1049,2023-06-28 14:20:00-04:00,1.1549999713897705,1.1549999713897705,1.149999976158142,1.149999976158142,2548,0.0,0.0,2023-06-28
1050,2023-06-28 14:21:00-04:00,1.1500999927520752,1.159999966621399,1.1500999927520752,1.159999966621399,31569,0.0,0.0,2023-06-28
1051,2023-06-28 14:22:00-04:00,1.1549999713897705,1.1549999713897705,1.1549999713897705,1.1549999713897705,3438,0.0,0.0,2023-06-28
1052,2023-06-28 14:23:00-04:00,1.149999976158142,1.152999997138977,1.149999976158142,1.152999997138977,2737,0.0,0.0,2023-06-28
1053,2023-06-28 14:24:00-04:00,1.149999976158142,1.1549999713897705,1.149999976158142,1.149999976158142,876,0.0,0.0,2023-06-28
1054,2023-06-28 14:25:00-04:00,1.149999976158142,1.1549999713897705,1.149999976158142,1.1519999504089355,3481,0.0,0.0,2023-06-28
1055,2023-06-28 14:26:00-04:00,1.1549999713897705,1.1549999713897705,1.149999976158142,1.1549999713897705,3820,0.0,0.0,2023-06-28
1056,2023-06-28 14:27:00-04:00,1.1579999923706055,1.1579999923706055,1.149999976158142,1.149999976158142,1529,0.0,0.0,2023-06-28
1057,2023-06-28 14:28:00-04:00,1.1549999713897705,1.1583000421524048,1.149999976158142,1.1549999713897705,7735,0.0,0.0,2023-06-28
1058,2023-06-28 14:29:00-04:00,1.1549999713897705,1.1549999713897705,1.149999976158142,1.1549999713897705,8805,0.0,0.0,2023-06-28
1059,2023-06-28 14:30:00-04:00,1.1523000001907349,1.1549999713897705,1.149999976158142,1.149999976158142,2410,0.0,0.0,2023-06-28
1060,2023-06-28 14:31:00-04:00,1.149999976158142,1.159999966621399,1.149999976158142,1.1549999713897705,17733,0.0,0.0,2023-06-28
1061,2023-06-28 14:32:00-04:00,1.159999966621399,1.159999966621399,1.159000039100647,1.1597000360488892,46736,0.0,0.0,2023-06-28
1062,2023-06-28 14:33:00-04:00,1.159999966621399,1.159999966621399,1.159500002861023,1.159999966621399,15601,0.0,0.0,2023-06-28
1063,2023-06-28 14:34:00-04:00,1.159999966621399,1.1649999618530273,1.1598999500274658,1.1649999618530273,37363,0.0,0.0,2023-06-28
1064,2023-06-28 14:35:00-04:00,1.1649999618530273,1.1674000024795532,1.159999966621399,1.1615999937057495,14952,0.0,0.0,2023-06-28
1065,2023-06-28 14:36:00-04:00,1.1649999618530273,1.1690000295639038,1.159999966621399,1.159999966621399,7751,0.0,0.0,2023-06-28
1066,2023-06-28 14:37:00-04:00,1.159999966621399,1.1693999767303467,1.159999966621399,1.1693999767303467,7278,0.0,0.0,2023-06-28
1067,2023-06-28 14:38:00-04:00,1.1649999618530273,1.1649999618530273,1.1613999605178833,1.1649999618530273,2400,0.0,0.0,2023-06-28
1068,2023-06-28 14:39:00-04:00,1.159999966621399,1.1670000553131104,1.159999966621399,1.1670000553131104,5894,0.0,0.0,2023-06-28
1069,2023-06-28 14:40:00-04:00,1.1649999618530273,1.1699999570846558,1.159999966621399,1.1619999408721924,12280,0.0,0.0,2023-06-28
1070,2023-06-28 14:41:00-04:00,1.1649999618530273,1.1683000326156616,1.159999966621399,1.1683000326156616,12290,0.0,0.0,2023-06-28
1071,2023-06-28 14:42:00-04:00,1.1699999570846558,1.1699999570846558,1.1699999570846558,1.1699999570846558,756,0.0,0.0,2023-06-28
1072,2023-06-28 14:43:00-04:00,1.1679999828338623,1.1699999570846558,1.1642999649047852,1.1690000295639038,14466,0.0,0.0,2023-06-28
1073,2023-06-28 14:44:00-04:00,1.159999966621399,1.1649999618530273,1.159999966621399,1.1649999618530273,1753,0.0,0.0,2023-06-28
1074,2023-06-28 14:45:00-04:00,1.1699999570846558,1.1699999570846558,1.159999966621399,1.159999966621399,900,0.0,0.0,2023-06-28
1075,2023-06-28 14:46:00-04:00,1.162500023841858,1.1649999618530273,1.159999966621399,1.162500023841858,16688,0.0,0.0,2023-06-28
1076,2023-06-28 14:47:00-04:00,1.1699999570846558,1.1699999570846558,1.159999966621399,1.1698999404907227,8532,0.0,0.0,2023-06-28
1077,2023-06-28 14:48:00-04:00,1.159999966621399,1.1649999618530273,1.159999966621399,1.159999966621399,1980,0.0,0.0,2023-06-28
1078,2023-06-28 14:49:00-04:00,1.159999966621399,1.1649999618530273,1.159999966621399,1.1649999618530273,2431,0.0,0.0,2023-06-28
1079,2023-06-28 14:50:00-04:00,1.1649999618530273,1.1690000295639038,1.159999966621399,1.1690000295639038,612,0.0,0.0,2023-06-28
1080,2023-06-28 14:51:00-04:00,1.159999966621399,1.1686999797821045,1.159999966621399,1.159999966621399,6808,0.0,0.0,2023-06-28
1081,2023-06-28 14:52:00-04:00,1.159999966621399,1.1691999435424805,1.159999966621399,1.1649999618530273,19895,0.0,0.0,2023-06-28
1082,2023-06-28 14:53:00-04:00,1.159999966621399,1.1699999570846558,1.159999966621399,1.159999966621399,23520,0.0,0.0,2023-06-28
1083,2023-06-28 14:54:00-04:00,1.1655999422073364,1.1655999422073364,1.159999966621399,1.159999966621399,6157,0.0,0.0,2023-06-28
1084,2023-06-28 14:55:00-04:00,1.1649999618530273,1.1699999570846558,1.159999966621399,1.1649999618530273,4285,0.0,0.0,2023-06-28
1085,2023-06-28 14:56:00-04:00,1.159999966621399,1.1699999570846558,1.159999966621399,1.1699999570846558,628,0.0,0.0,2023-06-28
1086,2023-06-28 14:57:00-04:00,1.159999966621399,1.1699999570846558,1.159999966621399,1.159999966621399,894,0.0,0.0,2023-06-28
1087,2023-06-28 14:58:00-04:00,1.1699999570846558,1.1699999570846558,1.159999966621399,1.1699999570846558,2322,0.0,0.0,2023-06-28
1088,2023-06-28 14:59:00-04:00,1.159999966621399,1.1699999570846558,1.159999966621399,1.159999966621399,18298,0.0,0.0,2023-06-28
1089,2023-06-28 15:00:00-04:00,1.1627000570297241,1.1649999618530273,1.159999966621399,1.1649999618530273,1000,0.0,0.0,2023-06-28
1090,2023-06-28 15:01:00-04:00,1.159999966621399,1.1699999570846558,1.159999966621399,1.1699999570846558,5493,0.0,0.0,2023-06-28
1091,2023-06-28 15:02:00-04:00,1.159999966621399,1.1699999570846558,1.159999966621399,1.1649999618530273,24038,0.0,0.0,2023-06-28
1092,2023-06-28 15:03:00-04:00,1.159999966621399,1.1649999618530273,1.159999966621399,1.159999966621399,11302,0.0,0.0,2023-06-28
1093,2023-06-28 15:04:00-04:00,1.1649999618530273,1.1649999618530273,1.159999966621399,1.1649999618530273,15103,0.0,0.0,2023-06-28
1094,2023-06-28 15:05:00-04:00,1.159999966621399,1.1649999618530273,1.149999976158142,1.152500033378601,121565,0.0,0.0,2023-06-28
1095,2023-06-28 15:06:00-04:00,1.1549999713897705,1.1549999713897705,1.149999976158142,1.149999976158142,7397,0.0,0.0,2023-06-28
1096,2023-06-28 15:07:00-04:00,1.149999976158142,1.1555999517440796,1.149999976158142,1.149999976158142,24124,0.0,0.0,2023-06-28
1097,2023-06-28 15:08:00-04:00,1.149999976158142,1.1549999713897705,1.149999976158142,1.149999976158142,6572,0.0,0.0,2023-06-28
1098,2023-06-28 15:09:00-04:00,1.149999976158142,1.149999976158142,1.149999976158142,1.149999976158142,1241,0.0,0.0,2023-06-28
1099,2023-06-28 15:10:00-04:00,1.149999976158142,1.1556999683380127,1.149999976158142,1.1556999683380127,1118,0.0,0.0,2023-06-28
1100,2023-06-28 15:11:00-04:00,1.149999976158142,1.152500033378601,1.149999976158142,1.149999976158142,5755,0.0,0.0,2023-06-28
1101,2023-06-28 15:12:00-04:00,1.149999976158142,1.1549999713897705,1.149999976158142,1.149999976158142,2867,0.0,0.0,2023-06-28
1102,2023-06-28 15:13:00-04:00,1.149999976158142,1.152500033378601,1.149999976158142,1.149999976158142,7354,0.0,0.0,2023-06-28
1103,2023-06-28 15:14:00-04:00,1.1500999927520752,1.1510000228881836,1.149999976158142,1.1510000228881836,3665,0.0,0.0,2023-06-28
1104,2023-06-28 15:15:00-04:00,1.149999976158142,1.149999976158142,1.149999976158142,1.149999976158142,566,0.0,0.0,2023-06-28
1105,2023-06-28 15:16:00-04:00,1.1500999927520752,1.1597000360488892,1.149999976158142,1.1549999713897705,9543,0.0,0.0,2023-06-28
1106,2023-06-28 15:17:00-04:00,1.149999976158142,1.1526999473571777,1.1399999856948853,1.1399999856948853,121746,0.0,0.0,2023-06-28
1107,2023-06-28 15:18:00-04:00,1.149999976158142,1.149999976158142,1.1399999856948853,1.1399999856948853,16494,0.0,0.0,2023-06-28
1108,2023-06-28 15:19:00-04:00,1.149999976158142,1.149999976158142,1.1399999856948853,1.1399999856948853,3815,0.0,0.0,2023-06-28
1109,2023-06-28 15:20:00-04:00,1.1399999856948853,1.1449999809265137,1.1399999856948853,1.1449999809265137,1867,0.0,0.0,2023-06-28
1110,2023-06-28 15:21:00-04:00,1.149999976158142,1.149999976158142,1.1399999856948853,1.1449999809265137,1776,0.0,0.0,2023-06-28
1111,2023-06-28 15:22:00-04:00,1.1449999809265137,1.1449999809265137,1.1399999856948853,1.1399999856948853,1188,0.0,0.0,2023-06-28
1112,2023-06-28 15:23:00-04:00,1.149999976158142,1.149999976158142,1.1399999856948853,1.1484999656677246,9812,0.0,0.0,2023-06-28
1113,2023-06-28 15:24:00-04:00,1.1432000398635864,1.149999976158142,1.1399999856948853,1.1399999856948853,6554,0.0,0.0,2023-06-28
1114,2023-06-28 15:25:00-04:00,1.1480000019073486,1.1480000019073486,1.1449999809265137,1.1449999809265137,513,0.0,0.0,2023-06-28
1115,2023-06-28 15:26:00-04:00,1.1449999809265137,1.149999976158142,1.1430000066757202,1.149999976158142,7400,0.0,0.0,2023-06-28
1116,2023-06-28 15:27:00-04:00,1.1449999809265137,1.1449999809265137,1.1399999856948853,1.1399999856948853,4123,0.0,0.0,2023-06-28
1117,2023-06-28 15:28:00-04:00,1.1449999809265137,1.1449999809265137,1.1399999856948853,1.1399999856948853,2123,0.0,0.0,2023-06-28
1118,2023-06-28 15:29:00-04:00,1.1399999856948853,1.1449999809265137,1.1399999856948853,1.1399999856948853,2119,0.0,0.0,2023-06-28
1119,2023-06-28 15:30:00-04:00,1.142899990081787,1.1449999809265137,1.1399999856948853,1.1449999809265137,2294,0.0,0.0,2023-06-28
1120,2023-06-28 15:31:00-04:00,1.1496000289916992,1.1496000289916992,1.1399999856948853,1.1449999809265137,4335,0.0,0.0,2023-06-28
1121,2023-06-28 15:32:00-04:00,1.1449999809265137,1.149999976158142,1.1399999856948853,1.1399999856948853,6370,0.0,0.0,2023-06-28
1122,2023-06-28 15:33:00-04:00,1.1449999809265137,1.1495000123977661,1.1449999809265137,1.1449999809265137,7035,0.0,0.0,2023-06-28
1123,2023-06-28 15:34:00-04:00,1.1449999809265137,1.149999976158142,1.1449999809265137,1.1449999809265137,1185,0.0,0.0,2023-06-28
1124,2023-06-28 15:35:00-04:00,1.1449999809265137,1.149999976158142,1.1399999856948853,1.1449999809265137,10458,0.0,0.0,2023-06-28
1125,2023-06-28 15:36:00-04:00,1.149999976158142,1.149999976158142,1.1399999856948853,1.149999976158142,7860,0.0,0.0,2023-06-28
1126,2023-06-28 15:37:00-04:00,1.1399999856948853,1.149999976158142,1.1399999856948853,1.1399999856948853,1787,0.0,0.0,2023-06-28
1127,2023-06-28 15:38:00-04:00,1.1449999809265137,1.1449999809265137,1.1399999856948853,1.1399999856948853,1034,0.0,0.0,2023-06-28
1128,2023-06-28 15:39:00-04:00,1.1425000429153442,1.149999976158142,1.1399999856948853,1.1449999809265137,4153,0.0,0.0,2023-06-28
1129,2023-06-28 15:40:00-04:00,1.1399999856948853,1.1497000455856323,1.1399999856948853,1.1449999809265137,17169,0.0,0.0,2023-06-28
1130,2023-06-28 15:41:00-04:00,1.1399999856948853,1.149999976158142,1.1399999856948853,1.1399999856948853,818,0.0,0.0,2023-06-28
1131,2023-06-28 15:42:00-04:00,1.1449999809265137,1.149999976158142,1.1399999856948853,1.1449999809265137,79092,0.0,0.0,2023-06-28
1132,2023-06-28 15:43:00-04:00,1.1399999856948853,1.1449999809265137,1.1399999856948853,1.1449999809265137,11659,0.0,0.0,2023-06-28
1133,2023-06-28 15:44:00-04:00,1.1399999856948853,1.1438000202178955,1.1399999856948853,1.1399999856948853,7991,0.0,0.0,2023-06-28
1134,2023-06-28 15:45:00-04:00,1.1399999856948853,1.145400047302246,1.1399999856948853,1.1399999856948853,9059,0.0,0.0,2023-06-28
1135,2023-06-28 15:46:00-04:00,1.1399999856948853,1.1412999629974365,1.1399999856948853,1.1411000490188599,10977,0.0,0.0,2023-06-28
1136,2023-06-28 15:47:00-04:00,1.1399999856948853,1.1449999809265137,1.1399999856948853,1.1399999856948853,12831,0.0,0.0,2023-06-28
1137,2023-06-28 15:48:00-04:00,1.1449999809265137,1.1449999809265137,1.1399999856948853,1.1399999856948853,11281,0.0,0.0,2023-06-28
1138,2023-06-28 15:49:00-04:00,1.1399999856948853,1.1399999856948853,1.1299999952316284,1.1349999904632568,415528,0.0,0.0,2023-06-28
1139,2023-06-28 15:50:00-04:00,1.1349999904632568,1.1399999856948853,1.1299999952316284,1.1301000118255615,24529,0.0,0.0,2023-06-28
1140,2023-06-28 15:51:00-04:00,1.1299999952316284,1.1399999856948853,1.1299999952316284,1.1349999904632568,46979,0.0,0.0,2023-06-28
1141,2023-06-28 15:52:00-04:00,1.1399999856948853,1.1399999856948853,1.1349999904632568,1.1349999904632568,40169,0.0,0.0,2023-06-28
1142,2023-06-28 15:53:00-04:00,1.1399999856948853,1.1399999856948853,1.1349999904632568,1.1398999691009521,190226,0.0,0.0,2023-06-28
1143,2023-06-28 15:54:00-04:00,1.1399999856948853,1.1399999856948853,1.1349999904632568,1.1399999856948853,47539,0.0,0.0,2023-06-28
1144,2023-06-28 15:55:00-04:00,1.1399999856948853,1.1399999856948853,1.1299999952316284,1.1299999952316284,49941,0.0,0.0,2023-06-28
1145,2023-06-28 15:56:00-04:00,1.1299999952316284,1.1374000310897827,1.1299999952316284,1.1349999904632568,20301,0.0,0.0,2023-06-28
1146,2023-06-28 15:57:00-04:00,1.1299999952316284,1.1398999691009521,1.1299999952316284,1.1299999952316284,11853,0.0,0.0,2023-06-28
1147,2023-06-28 15:58:00-04:00,1.1349999904632568,1.1399999856948853,1.1299999952316284,1.139799952507019,133509,0.0,0.0,2023-06-28
1148,2023-06-28 15:59:00-04:00,1.1399999856948853,1.1399999856948853,1.1299999952316284,1.1399999856948853,41351,0.0,0.0,2023-06-28
1149,2023-06-29 09:30:00-04:00,1.159999966621399,1.159999966621399,1.1299999952316284,1.1449999809265137,230226,0.0,0.0,2023-06-29
1150,2023-06-29 09:31:00-04:00,1.149999976158142,1.149999976158142,1.1399999856948853,1.1412999629974365,4926,0.0,0.0,2023-06-29
1151,2023-06-29 09:32:00-04:00,1.1449999809265137,1.1475000381469727,1.1399999856948853,1.1475000381469727,1748,0.0,0.0,2023-06-29
1152,2023-06-29 09:33:00-04:00,1.1449999809265137,1.149999976158142,1.1449999809265137,1.1484999656677246,1656,0.0,0.0,2023-06-29
1153,2023-06-29 09:34:00-04:00,1.1449999809265137,1.1649999618530273,1.1449999809265137,1.1649999618530273,41006,0.0,0.0,2023-06-29
1154,2023-06-29 09:35:00-04:00,1.1699999570846558,1.1699999570846558,1.1649999618530273,1.1698999404907227,11302,0.0,0.0,2023-06-29
1155,2023-06-29 09:36:00-04:00,1.169600009918213,1.169600009918213,1.149999976158142,1.159999966621399,157032,0.0,0.0,2023-06-29
1156,2023-06-29 09:37:00-04:00,1.159999966621399,1.159999966621399,1.1449999809265137,1.149999976158142,128722,0.0,0.0,2023-06-29
1157,2023-06-29 09:38:00-04:00,1.1449999809265137,1.149999976158142,1.1399999856948853,1.1449999809265137,12664,0.0,0.0,2023-06-29
1158,2023-06-29 09:39:00-04:00,1.1449999809265137,1.1549999713897705,1.1399999856948853,1.1549999713897705,61477,0.0,0.0,2023-06-29
1159,2023-06-29 09:40:00-04:00,1.1549999713897705,1.1584999561309814,1.149999976158142,1.1549999713897705,13554,0.0,0.0,2023-06-29
1160,2023-06-29 09:41:00-04:00,1.1549999713897705,1.159999966621399,1.149999976158142,1.1549999713897705,4254,0.0,0.0,2023-06-29
1161,2023-06-29 09:42:00-04:00,1.159999966621399,1.159999966621399,1.149999976158142,1.149999976158142,7865,0.0,0.0,2023-06-29
1162,2023-06-29 09:43:00-04:00,1.1549999713897705,1.1584999561309814,1.149999976158142,1.149999976158142,14270,0.0,0.0,2023-06-29
1163,2023-06-29 09:44:00-04:00,1.1500999927520752,1.1500999927520752,1.1449999809265137,1.1449999809265137,17931,0.0,0.0,2023-06-29
1164,2023-06-29 09:45:00-04:00,1.1447999477386475,1.1495000123977661,1.1399999856948853,1.1399999856948853,8805,0.0,0.0,2023-06-29
1165,2023-06-29 09:46:00-04:00,1.1404000520706177,1.1484999656677246,1.1399999856948853,1.1449999809265137,9619,0.0,0.0,2023-06-29
1166,2023-06-29 09:47:00-04:00,1.149999976158142,1.1598999500274658,1.149999976158142,1.1549999713897705,27860,0.0,0.0,2023-06-29
1167,2023-06-29 09:48:00-04:00,1.1549999713897705,1.1598999500274658,1.149999976158142,1.149999976158142,20360,0.0,0.0,2023-06-29
1168,2023-06-29 09:49:00-04:00,1.1483999490737915,1.1483999490737915,1.1399999856948853,1.1399999856948853,8699,0.0,0.0,2023-06-29
1169,2023-06-29 09:50:00-04:00,1.149999976158142,1.1549999713897705,1.1399999856948853,1.1399999856948853,48810,0.0,0.0,2023-06-29
1170,2023-06-29 09:51:00-04:00,1.149899959564209,1.1598999500274658,1.1449999809265137,1.149999976158142,20825,0.0,0.0,2023-06-29
1171,2023-06-29 09:52:00-04:00,1.149999976158142,1.149999976158142,1.149999976158142,1.149999976158142,119,0.0,0.0,2023-06-29
1172,2023-06-29 09:53:00-04:00,1.1514999866485596,1.1576000452041626,1.149999976158142,1.149999976158142,5662,0.0,0.0,2023-06-29
1173,2023-06-29 09:54:00-04:00,1.159999966621399,1.159999966621399,1.1549999713897705,1.1549999713897705,922,0.0,0.0,2023-06-29
1174,2023-06-29 09:55:00-04:00,1.1549999713897705,1.1597000360488892,1.149999976158142,1.149999976158142,14733,0.0,0.0,2023-06-29
1175,2023-06-29 09:56:00-04:00,1.149999976158142,1.149999976158142,1.149999976158142,1.149999976158142,4691,0.0,0.0,2023-06-29
1176,2023-06-29 09:57:00-04:00,1.1549999713897705,1.1549999713897705,1.1549999713897705,1.1549999713897705,388,0.0,0.0,2023-06-29
1177,2023-06-29 09:58:00-04:00,1.1549999713897705,1.1549999713897705,1.149999976158142,1.149999976158142,4565,0.0,0.0,2023-06-29
1178,2023-06-29 09:59:00-04:00,1.149999976158142,1.159999966621399,1.149999976158142,1.1549999713897705,10986,0.0,0.0,2023-06-29
1179,2023-06-29 10:00:00-04:00,1.1584999561309814,1.1584999561309814,1.149999976158142,1.149999976158142,3967,0.0,0.0,2023-06-29
1180,2023-06-29 10:01:00-04:00,1.1549999713897705,1.1584999561309814,1.149999976158142,1.1549999713897705,4269,0.0,0.0,2023-06-29
1181,2023-06-29 10:02:00-04:00,1.1583000421524048,1.1583000421524048,1.1531000137329102,1.1549999713897705,4274,0.0,0.0,2023-06-29
1182,2023-06-29 10:03:00-04:00,1.1549999713897705,1.1584999561309814,1.149999976158142,1.1584999561309814,9661,0.0,0.0,2023-06-29
1183,2023-06-29 10:04:00-04:00,1.1549999713897705,1.1592999696731567,1.1549999713897705,1.1549999713897705,5200,0.0,0.0,2023-06-29
1184,2023-06-29 10:05:00-04:00,1.1549999713897705,1.1698999404907227,1.1549999713897705,1.1678999662399292,89601,0.0,0.0,2023-06-29
1185,2023-06-29 10:06:00-04:00,1.1620999574661255,1.1699999570846558,1.159999966621399,1.159999966621399,7606,0.0,0.0,2023-06-29
1186,2023-06-29 10:07:00-04:00,1.159999966621399,1.1649999618530273,1.1549999713897705,1.1549999713897705,23351,0.0,0.0,2023-06-29
1187,2023-06-29 10:08:00-04:00,1.1549999713897705,1.1649999618530273,1.1500999927520752,1.1649999618530273,59714,0.0,0.0,2023-06-29
1188,2023-06-29 10:09:00-04:00,1.1649999618530273,1.1649999618530273,1.159999966621399,1.1649999618530273,4900,0.0,0.0,2023-06-29
1189,2023-06-29 10:10:00-04:00,1.1649999618530273,1.1686999797821045,1.159999966621399,1.1649999618530273,10920,0.0,0.0,2023-06-29
1190,2023-06-29 10:11:00-04:00,1.1649999618530273,1.1649999618530273,1.159999966621399,1.1649999618530273,7752,0.0,0.0,2023-06-29
1191,2023-06-29 10:12:00-04:00,1.1698999404907227,1.1699999570846558,1.159999966621399,1.1649999618530273,7304,0.0,0.0,2023-06-29
1192,2023-06-29 10:13:00-04:00,1.1649999618530273,1.1699999570846558,1.1549999713897705,1.159999966621399,16954,0.0,0.0,2023-06-29
1193,2023-06-29 10:14:00-04:00,1.159999966621399,1.159999966621399,1.1521999835968018,1.1549999713897705,8576,0.0,0.0,2023-06-29
1194,2023-06-29 10:15:00-04:00,1.1543999910354614,1.1584999561309814,1.1526999473571777,1.1584999561309814,6759,0.0,0.0,2023-06-29
1195,2023-06-29 10:16:00-04:00,1.159999966621399,1.1684999465942383,1.159999966621399,1.1684999465942383,18213,0.0,0.0,2023-06-29
1196,2023-06-29 10:17:00-04:00,1.1684999465942383,1.1699999570846558,1.1649999618530273,1.1649999618530273,2002,0.0,0.0,2023-06-29
1197,2023-06-29 10:18:00-04:00,1.1649999618530273,1.1699999570846558,1.1614999771118164,1.1699999570846558,3705,0.0,0.0,2023-06-29
1198,2023-06-29 10:19:00-04:00,1.1649999618530273,1.1649999618530273,1.1649999618530273,1.1649999618530273,880,0.0,0.0,2023-06-29
1199,2023-06-29 10:20:00-04:00,1.1649999618530273,1.1699999570846558,1.159999966621399,1.1649999618530273,5241,0.0,0.0,2023-06-29
1200,2023-06-29 10:21:00-04:00,1.1649999618530273,1.1699999570846558,1.159999966621399,1.1649999618530273,7852,0.0,0.0,2023-06-29
1201,2023-06-29 10:22:00-04:00,1.160099983215332,1.1620999574661255,1.159999966621399,1.159999966621399,885,0.0,0.0,2023-06-29
1202,2023-06-29 10:23:00-04:00,1.1649999618530273,1.1699999570846558,1.159999966621399,1.1649999618530273,112760,0.0,0.0,2023-06-29
1203,2023-06-29 10:24:00-04:00,1.1699999570846558,1.1699999570846558,1.1649999618530273,1.1699999570846558,1113,0.0,0.0,2023-06-29
1204,2023-06-29 10:25:00-04:00,1.159999966621399,1.1699999570846558,1.149999976158142,1.159999966621399,33802,0.0,0.0,2023-06-29
1205,2023-06-29 10:26:00-04:00,1.159999966621399,1.159999966621399,1.1500999927520752,1.159999966621399,4379,0.0,0.0,2023-06-29
1206,2023-06-29 10:27:00-04:00,1.159600019454956,1.159999966621399,1.159600019454956,1.1597000360488892,549,0.0,0.0,2023-06-29
1207,2023-06-29 10:28:00-04:00,1.1561000347137451,1.1699999570846558,1.1561000347137451,1.1699999570846558,30206,0.0,0.0,2023-06-29
1208,2023-06-29 10:30:00-04:00,1.1699999570846558,1.1699999570846558,1.1649999618530273,1.1649999618530273,643,0.0,0.0,2023-06-29
1209,2023-06-29 10:31:00-04:00,1.1649999618530273,1.1649999618530273,1.159999966621399,1.159999966621399,3363,0.0,0.0,2023-06-29
1210,2023-06-29 10:32:00-04:00,1.1613999605178833,1.1699999570846558,1.159999966621399,1.1649999618530273,29058,0.0,0.0,2023-06-29
1211,2023-06-29 10:33:00-04:00,1.1649999618530273,1.1649999618530273,1.159999966621399,1.1649999618530273,1833,0.0,0.0,2023-06-29
1212,2023-06-29 10:34:00-04:00,1.1649999618530273,1.1649999618530273,1.159999966621399,1.159999966621399,15050,0.0,0.0,2023-06-29
1213,2023-06-29 10:35:00-04:00,1.159999966621399,1.1684999465942383,1.159999966621399,1.160599946975708,2987,0.0,0.0,2023-06-29
1214,2023-06-29 10:36:00-04:00,1.159999966621399,1.159999966621399,1.1549999713897705,1.1549999713897705,18200,0.0,0.0,2023-06-29
1215,2023-06-29 10:37:00-04:00,1.149999976158142,1.1597000360488892,1.149999976158142,1.1597000360488892,8225,0.0,0.0,2023-06-29
1216,2023-06-29 10:38:00-04:00,1.152400016784668,1.159999966621399,1.1521999835968018,1.1521999835968018,2027,0.0,0.0,2023-06-29
1217,2023-06-29 10:39:00-04:00,1.159999966621399,1.159999966621399,1.1597000360488892,1.159999966621399,8714,0.0,0.0,2023-06-29
1218,2023-06-29 10:40:00-04:00,1.1549999713897705,1.159999966621399,1.149999976158142,1.149999976158142,31089,0.0,0.0,2023-06-29
1219,2023-06-29 10:41:00-04:00,1.149999976158142,1.1549999713897705,1.149999976158142,1.149999976158142,14440,0.0,0.0,2023-06-29
1220,2023-06-29 10:42:00-04:00,1.159000039100647,1.159000039100647,1.149999976158142,1.149999976158142,11730,0.0,0.0,2023-06-29
1221,2023-06-29 10:43:00-04:00,1.1549999713897705,1.1549999713897705,1.149999976158142,1.149999976158142,3945,0.0,0.0,2023-06-29
1222,2023-06-29 10:44:00-04:00,1.149999976158142,1.1585999727249146,1.149999976158142,1.1585999727249146,2743,0.0,0.0,2023-06-29
1223,2023-06-29 10:45:00-04:00,1.1549999713897705,1.1598999500274658,1.149999976158142,1.1598999500274658,9160,0.0,0.0,2023-06-29
1224,2023-06-29 10:46:00-04:00,1.1509000062942505,1.152500033378601,1.149999976158142,1.152500033378601,7335,0.0,0.0,2023-06-29
1225,2023-06-29 10:47:00-04:00,1.159999966621399,1.159999966621399,1.149999976158142,1.149999976158142,2263,0.0,0.0,2023-06-29
1226,2023-06-29 10:48:00-04:00,1.1517000198364258,1.1586999893188477,1.149999976158142,1.149999976158142,1600,0.0,0.0,2023-06-29
1227,2023-06-29 10:49:00-04:00,1.1507999897003174,1.1507999897003174,1.149999976158142,1.149999976158142,10578,0.0,0.0,2023-06-29
1228,2023-06-29 10:50:00-04:00,1.152500033378601,1.152500033378601,1.149999976158142,1.149999976158142,1806,0.0,0.0,2023-06-29
1229,2023-06-29 10:51:00-04:00,1.1584999561309814,1.1584999561309814,1.149999976158142,1.149999976158142,392,0.0,0.0,2023-06-29
1230,2023-06-29 10:52:00-04:00,1.149999976158142,1.1549999713897705,1.149999976158142,1.149999976158142,6938,0.0,0.0,2023-06-29
1231,2023-06-29 10:53:00-04:00,1.152500033378601,1.159999966621399,1.149999976158142,1.159999966621399,1695,0.0,0.0,2023-06-29
1232,2023-06-29 10:54:00-04:00,1.1549999713897705,1.1549999713897705,1.149999976158142,1.149999976158142,3872,0.0,0.0,2023-06-29
1233,2023-06-29 10:55:00-04:00,1.149999976158142,1.1549999713897705,1.149999976158142,1.1549999713897705,5866,0.0,0.0,2023-06-29
1234,2023-06-29 10:56:00-04:00,1.149999976158142,1.159999966621399,1.149999976158142,1.149999976158142,14351,0.0,0.0,2023-06-29
1235,2023-06-29 10:57:00-04:00,1.1598000526428223,1.1598000526428223,1.149999976158142,1.1549999713897705,13897,0.0,0.0,2023-06-29
1236,2023-06-29 10:58:00-04:00,1.149999976158142,1.159999966621399,1.149999976158142,1.149999976158142,3878,0.0,0.0,2023-06-29
1237,2023-06-29 10:59:00-04:00,1.149999976158142,1.1549999713897705,1.149999976158142,1.1549999713897705,2125,0.0,0.0,2023-06-29
1238,2023-06-29 11:00:00-04:00,1.1549999713897705,1.1549999713897705,1.149999976158142,1.149999976158142,468,0.0,0.0,2023-06-29
1239,2023-06-29 11:01:00-04:00,1.1598999500274658,1.1598999500274658,1.149999976158142,1.149999976158142,3901,0.0,0.0,2023-06-29
1240,2023-06-29 11:02:00-04:00,1.149999976158142,1.152500033378601,1.149999976158142,1.149999976158142,1842,0.0,0.0,2023-06-29
1241,2023-06-29 11:03:00-04:00,1.1549999713897705,1.159999966621399,1.149999976158142,1.1507999897003174,11898,0.0,0.0,2023-06-29
1242,2023-06-29 11:05:00-04:00,1.149999976158142,1.1549999713897705,1.149999976158142,1.149999976158142,5215,0.0,0.0,2023-06-29
1243,2023-06-29 11:06:00-04:00,1.149999976158142,1.1549999713897705,1.149999976158142,1.1549999713897705,1270,0.0,0.0,2023-06-29
1244,2023-06-29 11:07:00-04:00,1.149999976158142,1.1598999500274658,1.149999976158142,1.149999976158142,33755,0.0,0.0,2023-06-29
1245,2023-06-29 11:08:00-04:00,1.1586999893188477,1.159999966621399,1.149999976158142,1.149999976158142,8821,0.0,0.0,2023-06-29
1246,2023-06-29 11:09:00-04:00,1.149999976158142,1.1549999713897705,1.149999976158142,1.149999976158142,3023,0.0,0.0,2023-06-29
1247,2023-06-29 11:10:00-04:00,1.149999976158142,1.1592999696731567,1.149999976158142,1.149999976158142,9975,0.0,0.0,2023-06-29
1248,2023-06-29 11:11:00-04:00,1.1549999713897705,1.1549999713897705,1.149999976158142,1.149999976158142,58771,0.0,0.0,2023-06-29
1249,2023-06-29 11:12:00-04:00,1.1549999713897705,1.1549999713897705,1.1549999713897705,1.1549999713897705,3500,0.0,0.0,2023-06-29
1250,2023-06-29 11:13:00-04:00,1.1505999565124512,1.1549999713897705,1.149999976158142,1.149999976158142,1619,0.0,0.0,2023-06-29
1251,2023-06-29 11:14:00-04:00,1.149999976158142,1.159999966621399,1.149999976158142,1.149999976158142,555,0.0,0.0,2023-06-29
1252,2023-06-29 11:15:00-04:00,1.149999976158142,1.149999976158142,1.149999976158142,1.149999976158142,1297,0.0,0.0,2023-06-29
1253,2023-06-29 11:16:00-04:00,1.149999976158142,1.149999976158142,1.149999976158142,1.149999976158142,715,0.0,0.0,2023-06-29
1254,2023-06-29 11:17:00-04:00,1.1503000259399414,1.1503000259399414,1.149999976158142,1.149999976158142,775,0.0,0.0,2023-06-29
1255,2023-06-29 11:18:00-04:00,1.15910005569458,1.15910005569458,1.1523000001907349,1.1549999713897705,5710,0.0,0.0,2023-06-29
1256,2023-06-29 11:19:00-04:00,1.1549999713897705,1.159999966621399,1.149999976158142,1.159999966621399,994,0.0,0.0,2023-06-29
1257,2023-06-29 11:20:00-04:00,1.149999976158142,1.159999966621399,1.149999976158142,1.149999976158142,11083,0.0,0.0,2023-06-29
1258,2023-06-29 11:21:00-04:00,1.1549999713897705,1.1549999713897705,1.1500999927520752,1.1514999866485596,450,0.0,0.0,2023-06-29
1259,2023-06-29 11:22:00-04:00,1.1509000062942505,1.159999966621399,1.149999976158142,1.149999976158142,1697,0.0,0.0,2023-06-29
1260,2023-06-29 11:23:00-04:00,1.1549999713897705,1.159000039100647,1.149999976158142,1.1549999713897705,5692,0.0,0.0,2023-06-29
1261,2023-06-29 11:24:00-04:00,1.159999966621399,1.159999966621399,1.149999976158142,1.159999966621399,1140,0.0,0.0,2023-06-29
1262,2023-06-29 11:25:00-04:00,1.1598999500274658,1.159999966621399,1.149999976158142,1.1549999713897705,3003,0.0,0.0,2023-06-29
1263,2023-06-29 11:26:00-04:00,1.159999966621399,1.1699999570846558,1.1549999713897705,1.1649999618530273,33047,0.0,0.0,2023-06-29
1264,2023-06-29 11:27:00-04:00,1.1649999618530273,1.1699999570846558,1.1649999618530273,1.1649999618530273,2537,0.0,0.0,2023-06-29
1265,2023-06-29 11:28:00-04:00,1.1699999570846558,1.1699999570846558,1.159999966621399,1.1699999570846558,23130,0.0,0.0,2023-06-29
1266,2023-06-29 11:29:00-04:00,1.1649999618530273,1.1699999570846558,1.1649999618530273,1.1699999570846558,2775,0.0,0.0,2023-06-29
1267,2023-06-29 11:30:00-04:00,1.1699999570846558,1.1699999570846558,1.1649999618530273,1.1699999570846558,17566,0.0,0.0,2023-06-29
1268,2023-06-29 11:31:00-04:00,1.1699999570846558,1.1699999570846558,1.1647000312805176,1.1649999618530273,6131,0.0,0.0,2023-06-29
1269,2023-06-29 11:32:00-04:00,1.1649999618530273,1.1699999570846558,1.159999966621399,1.1699999570846558,15893,0.0,0.0,2023-06-29
1270,2023-06-29 11:33:00-04:00,1.1649999618530273,1.1649999618530273,1.159999966621399,1.1649999618530273,19906,0.0,0.0,2023-06-29
1271,2023-06-29 11:34:00-04:00,1.1649999618530273,1.1649999618530273,1.1649999618530273,1.1649999618530273,100,0.0,0.0,2023-06-29
1272,2023-06-29 11:35:00-04:00,1.1649999618530273,1.1699999570846558,1.1649999618530273,1.1699999570846558,3978,0.0,0.0,2023-06-29
1273,2023-06-29 11:36:00-04:00,1.1649999618530273,1.1699999570846558,1.1649999618530273,1.1699999570846558,1809,0.0,0.0,2023-06-29
1274,2023-06-29 11:37:00-04:00,1.1699999570846558,1.1699999570846558,1.159999966621399,1.1649999618530273,13597,0.0,0.0,2023-06-29
1275,2023-06-29 11:38:00-04:00,1.1699999570846558,1.1699999570846558,1.159999966621399,1.1649999618530273,13157,0.0,0.0,2023-06-29
1276,2023-06-29 11:39:00-04:00,1.1699999570846558,1.1699999570846558,1.1649999618530273,1.1649999618530273,20496,0.0,0.0,2023-06-29
1277,2023-06-29 11:40:00-04:00,1.1699999570846558,1.1699999570846558,1.1649999618530273,1.1649999618530273,7277,0.0,0.0,2023-06-29
1278,2023-06-29 11:41:00-04:00,1.1699999570846558,1.1699999570846558,1.1649999618530273,1.1699999570846558,5375,0.0,0.0,2023-06-29
1279,2023-06-29 11:42:00-04:00,1.1699999570846558,1.1699999570846558,1.160099983215332,1.1699999570846558,24201,0.0,0.0,2023-06-29
1280,2023-06-29 11:43:00-04:00,1.1699999570846558,1.1799999475479126,1.1699999570846558,1.1699999570846558,14539,0.0,0.0,2023-06-29
1281,2023-06-29 11:44:00-04:00,1.1799999475479126,1.1799999475479126,1.1649999618530273,1.1649999618530273,56762,0.0,0.0,2023-06-29
1282,2023-06-29 11:45:00-04:00,1.1608999967575073,1.1649999618530273,1.159999966621399,1.159999966621399,2292,0.0,0.0,2023-06-29
1283,2023-06-29 11:46:00-04:00,1.1649999618530273,1.1649999618530273,1.159999966621399,1.1612999439239502,932,0.0,0.0,2023-06-29
1284,2023-06-29 11:47:00-04:00,1.1649999618530273,1.1649999618530273,1.1649999618530273,1.1649999618530273,900,0.0,0.0,2023-06-29
1285,2023-06-29 11:48:00-04:00,1.1679999828338623,1.1679999828338623,1.1649999618530273,1.1649999618530273,5955,0.0,0.0,2023-06-29
1286,2023-06-29 11:49:00-04:00,1.1649999618530273,1.1649999618530273,1.1649999618530273,1.1649999618530273,395,0.0,0.0,2023-06-29
1287,2023-06-29 11:50:00-04:00,1.162500023841858,1.162500023841858,1.162500023841858,1.162500023841858,148,0.0,0.0,2023-06-29
1288,2023-06-29 11:51:00-04:00,1.1649999618530273,1.1649999618530273,1.1622999906539917,1.1622999906539917,421,0.0,0.0,2023-06-29
1289,2023-06-29 11:52:00-04:00,1.1608999967575073,1.1649999618530273,1.159999966621399,1.159999966621399,1613,0.0,0.0,2023-06-29
1290,2023-06-29 11:53:00-04:00,1.159999966621399,1.1699999570846558,1.159999966621399,1.159999966621399,13226,0.0,0.0,2023-06-29
1291,2023-06-29 11:54:00-04:00,1.1699999570846558,1.1699999570846558,1.159999966621399,1.1649999618530273,5478,0.0,0.0,2023-06-29
1292,2023-06-29 11:55:00-04:00,1.159999966621399,1.1699999570846558,1.159999966621399,1.1699999570846558,5035,0.0,0.0,2023-06-29
1293,2023-06-29 11:56:00-04:00,1.1649999618530273,1.1699999570846558,1.159999966621399,1.1649999618530273,16618,0.0,0.0,2023-06-29
1294,2023-06-29 11:57:00-04:00,1.1699999570846558,1.1699999570846558,1.159999966621399,1.1699999570846558,5488,0.0,0.0,2023-06-29
1295,2023-06-29 11:58:00-04:00,1.159999966621399,1.1699999570846558,1.159999966621399,1.1699999570846558,21584,0.0,0.0,2023-06-29
1296,2023-06-29 11:59:00-04:00,1.1699999570846558,1.1699999570846558,1.1649999618530273,1.1699999570846558,15990,0.0,0.0,2023-06-29
1297,2023-06-29 12:00:00-04:00,1.1699999570846558,1.1799999475479126,1.1699999570846558,1.1799999475479126,10533,0.0,0.0,2023-06-29
1298,2023-06-29 12:01:00-04:00,1.1799999475479126,1.1799999475479126,1.1799999475479126,1.1799999475479126,3888,0.0,0.0,2023-06-29
1299,2023-06-29 12:02:00-04:00,1.1799999475479126,1.1799999475479126,1.1749999523162842,1.1799999475479126,6007,0.0,0.0,2023-06-29
1300,2023-06-29 12:03:00-04:00,1.1699999570846558,1.1799999475479126,1.1699999570846558,1.1699999570846558,6115,0.0,0.0,2023-06-29
1301,2023-06-29 12:04:00-04:00,1.1779999732971191,1.1799999475479126,1.1699999570846558,1.1699999570846558,10065,0.0,0.0,2023-06-29
1302,2023-06-29 12:05:00-04:00,1.1749999523162842,1.1799999475479126,1.1748000383377075,1.1749999523162842,4953,0.0,0.0,2023-06-29
1303,2023-06-29 12:06:00-04:00,1.1799999475479126,1.1799999475479126,1.1699999570846558,1.1799999475479126,26509,0.0,0.0,2023-06-29
1304,2023-06-29 12:07:00-04:00,1.1749999523162842,1.1799999475479126,1.1699999570846558,1.1791000366210938,26822,0.0,0.0,2023-06-29
1305,2023-06-29 12:08:00-04:00,1.1799999475479126,1.1799999475479126,1.1727999448776245,1.179900050163269,15066,0.0,0.0,2023-06-29
1306,2023-06-29 12:09:00-04:00,1.17739999294281,1.1799999475479126,1.1713999509811401,1.1749999523162842,24215,0.0,0.0,2023-06-29
1307,2023-06-29 12:10:00-04:00,1.1799999475479126,1.1799999475479126,1.1699999570846558,1.1799999475479126,7783,0.0,0.0,2023-06-29
1308,2023-06-29 12:11:00-04:00,1.1705000400543213,1.1799999475479126,1.1705000400543213,1.1799999475479126,12057,0.0,0.0,2023-06-29
1309,2023-06-29 12:12:00-04:00,1.1799999475479126,1.1799999475479126,1.1749999523162842,1.1799999475479126,10159,0.0,0.0,2023-06-29
1310,2023-06-29 12:13:00-04:00,1.1799999475479126,1.1799999475479126,1.1699999570846558,1.1749999523162842,9280,0.0,0.0,2023-06-29
1311,2023-06-29 12:14:00-04:00,1.1799999475479126,1.1799999475479126,1.1699999570846558,1.1799999475479126,8987,0.0,0.0,2023-06-29
1312,2023-06-29 12:15:00-04:00,1.1799999475479126,1.1799999475479126,1.1699999570846558,1.1799999475479126,7009,0.0,0.0,2023-06-29
1313,2023-06-29 12:16:00-04:00,1.1799999475479126,1.1799999475479126,1.1749999523162842,1.1799999475479126,5814,0.0,0.0,2023-06-29
1314,2023-06-29 12:17:00-04:00,1.1799999475479126,1.1799999475479126,1.1749999523162842,1.1749999523162842,25306,0.0,0.0,2023-06-29
1315,2023-06-29 12:18:00-04:00,1.1799999475479126,1.1799999475479126,1.1749999523162842,1.1799999475479126,7926,0.0,0.0,2023-06-29
1316,2023-06-29 12:19:00-04:00,1.1749999523162842,1.1799999475479126,1.1699999570846558,1.1799999475479126,89649,0.0,0.0,2023-06-29
1317,2023-06-29 12:20:00-04:00,1.1799999475479126,1.1799999475479126,1.1749999523162842,1.1799999475479126,4374,0.0,0.0,2023-06-29
1318,2023-06-29 12:21:00-04:00,1.1799999475479126,1.1799999475479126,1.177899956703186,1.1799999475479126,21453,0.0,0.0,2023-06-29
1319,2023-06-29 12:22:00-04:00,1.1799999475479126,1.1799999475479126,1.1699999570846558,1.1799999475479126,7560,0.0,0.0,2023-06-29
1320,2023-06-29 12:23:00-04:00,1.1799999475479126,1.1799999475479126,1.1751999855041504,1.1751999855041504,6084,0.0,0.0,2023-06-29
1321,2023-06-29 12:24:00-04:00,1.1799999475479126,1.1799999475479126,1.170300006866455,1.1799999475479126,91364,0.0,0.0,2023-06-29
1322,2023-06-29 12:25:00-04:00,1.1799999475479126,1.1799999475479126,1.1799999475479126,1.1799999475479126,15057,0.0,0.0,2023-06-29
1323,2023-06-29 12:26:00-04:00,1.1799999475479126,1.190000057220459,1.1799999475479126,1.190000057220459,22070,0.0,0.0,2023-06-29
1324,2023-06-29 12:27:00-04:00,1.1800999641418457,1.190000057220459,1.1800999641418457,1.184999942779541,19407,0.0,0.0,2023-06-29
1325,2023-06-29 12:28:00-04:00,1.190000057220459,1.190000057220459,1.184999942779541,1.190000057220459,5997,0.0,0.0,2023-06-29
1326,2023-06-29 12:29:00-04:00,1.190000057220459,1.190000057220459,1.1849000453948975,1.190000057220459,10502,0.0,0.0,2023-06-29
1327,2023-06-29 12:30:00-04:00,1.190000057220459,1.190000057220459,1.1872999668121338,1.190000057220459,4248,0.0,0.0,2023-06-29
1328,2023-06-29 12:31:00-04:00,1.184999942779541,1.190000057220459,1.1799999475479126,1.190000057220459,15801,0.0,0.0,2023-06-29
1329,2023-06-29 12:32:00-04:00,1.190000057220459,1.190000057220459,1.184999942779541,1.190000057220459,8533,0.0,0.0,2023-06-29
1330,2023-06-29 12:33:00-04:00,1.190000057220459,1.190000057220459,1.1799999475479126,1.190000057220459,30685,0.0,0.0,2023-06-29
1331,2023-06-29 12:34:00-04:00,1.190000057220459,1.190000057220459,1.187399983406067,1.190000057220459,6750,0.0,0.0,2023-06-29
1332,2023-06-29 12:35:00-04:00,1.190000057220459,1.2000000476837158,1.1828999519348145,1.2000000476837158,63615,0.0,0.0,2023-06-29
1333,2023-06-29 12:36:00-04:00,1.2000000476837158,1.2000000476837158,1.1950000524520874,1.2000000476837158,61477,0.0,0.0,2023-06-29
1334,2023-06-29 12:37:00-04:00,1.1933000087738037,1.2000000476837158,1.190000057220459,1.194700002670288,11399,0.0,0.0,2023-06-29
1335,2023-06-29 12:38:00-04:00,1.2000000476837158,1.2000000476837158,1.190000057220459,1.1950000524520874,22095,0.0,0.0,2023-06-29
1336,2023-06-29 12:39:00-04:00,1.1950000524520874,1.2000000476837158,1.190000057220459,1.2000000476837158,6724,0.0,0.0,2023-06-29
1337,2023-06-29 12:40:00-04:00,1.1999000310897827,1.2000000476837158,1.1799999475479126,1.1799999475479126,553479,0.0,0.0,2023-06-29
1338,2023-06-29 12:41:00-04:00,1.1799999475479126,1.184999942779541,1.1799999475479126,1.184999942779541,11664,0.0,0.0,2023-06-29
1339,2023-06-29 12:42:00-04:00,1.1799999475479126,1.184999942779541,1.1799999475479126,1.1822999715805054,2006,0.0,0.0,2023-06-29
1340,2023-06-29 12:43:00-04:00,1.190000057220459,1.190000057220459,1.190000057220459,1.190000057220459,882,0.0,0.0,2023-06-29
1341,2023-06-29 12:44:00-04:00,1.1813000440597534,1.1813000440597534,1.1813000440597534,1.1813000440597534,20036,0.0,0.0,2023-06-29
1342,2023-06-29 12:45:00-04:00,1.1799999475479126,1.1799999475479126,1.1799999475479126,1.1799999475479126,645,0.0,0.0,2023-06-29
1343,2023-06-29 12:47:00-04:00,1.1849000453948975,1.1849000453948975,1.1849000453948975,1.1849000453948975,207,0.0,0.0,2023-06-29
1344,2023-06-29 12:48:00-04:00,1.190000057220459,1.190000057220459,1.184999942779541,1.184999942779541,394,0.0,0.0,2023-06-29
1345,2023-06-29 12:49:00-04:00,1.1799999475479126,1.1818000078201294,1.1799999475479126,1.1799999475479126,10488,0.0,0.0,2023-06-29
1346,2023-06-29 12:50:00-04:00,1.1799999475479126,1.190000057220459,1.1799999475479126,1.190000057220459,5981,0.0,0.0,2023-06-29
1347,2023-06-29 12:51:00-04:00,1.190000057220459,1.190000057220459,1.190000057220459,1.190000057220459,4528,0.0,0.0,2023-06-29
1348,2023-06-29 12:52:00-04:00,1.190000057220459,1.190000057220459,1.184999942779541,1.190000057220459,4161,0.0,0.0,2023-06-29
1349,2023-06-29 12:53:00-04:00,1.184999942779541,1.190000057220459,1.1799999475479126,1.190000057220459,10259,0.0,0.0,2023-06-29
1350,2023-06-29 12:54:00-04:00,1.190000057220459,1.190000057220459,1.184999942779541,1.184999942779541,6996,0.0,0.0,2023-06-29
1351,2023-06-29 12:55:00-04:00,1.184999942779541,1.190000057220459,1.184999942779541,1.184999942779541,6190,0.0,0.0,2023-06-29
1352,2023-06-29 12:56:00-04:00,1.190000057220459,1.190000057220459,1.190000057220459,1.190000057220459,3915,0.0,0.0,2023-06-29
1353,2023-06-29 12:57:00-04:00,1.190000057220459,1.190000057220459,1.1832000017166138,1.190000057220459,5610,0.0,0.0,2023-06-29
1354,2023-06-29 12:58:00-04:00,1.190000057220459,1.190000057220459,1.1799999475479126,1.184999942779541,17746,0.0,0.0,2023-06-29
1355,2023-06-29 12:59:00-04:00,1.184999942779541,1.1899000406265259,1.1699999570846558,1.1699999570846558,76011,0.0,0.0,2023-06-29
1356,2023-06-29 13:00:00-04:00,1.1749999523162842,1.1749999523162842,1.1726000308990479,1.1749999523162842,4190,0.0,0.0,2023-06-29
1357,2023-06-29 13:01:00-04:00,1.1749999523162842,1.1749999523162842,1.1749999523162842,1.1749999523162842,1400,0.0,0.0,2023-06-29
1358,2023-06-29 13:02:00-04:00,1.1699999570846558,1.1699999570846558,1.1699999570846558,1.1699999570846558,4462,0.0,0.0,2023-06-29
1359,2023-06-29 13:03:00-04:00,1.1717000007629395,1.1749999523162842,1.1699999570846558,1.1749999523162842,6351,0.0,0.0,2023-06-29
1360,2023-06-29 13:04:00-04:00,1.1699999570846558,1.1759999990463257,1.159999966621399,1.1749999523162842,230244,0.0,0.0,2023-06-29
1361,2023-06-29 13:05:00-04:00,1.1699999570846558,1.1699999570846558,1.1627000570297241,1.1627000570297241,10690,0.0,0.0,2023-06-29
1362,2023-06-29 13:06:00-04:00,1.1649999618530273,1.1698999404907227,1.1649999618530273,1.1649999618530273,13025,0.0,0.0,2023-06-29
1363,2023-06-29 13:07:00-04:00,1.1622999906539917,1.1698999404907227,1.1622999906539917,1.1698999404907227,8260,0.0,0.0,2023-06-29
1364,2023-06-29 13:08:00-04:00,1.1698999404907227,1.1699999570846558,1.1651999950408936,1.1699999570846558,3142,0.0,0.0,2023-06-29
1365,2023-06-29 13:09:00-04:00,1.159999966621399,1.1749999523162842,1.159999966621399,1.1734000444412231,50402,0.0,0.0,2023-06-29
1366,2023-06-29 13:10:00-04:00,1.1730999946594238,1.1771999597549438,1.1699999570846558,1.1749999523162842,9569,0.0,0.0,2023-06-29
1367,2023-06-29 13:11:00-04:00,1.1699999570846558,1.1747000217437744,1.1699999570846558,1.1747000217437744,2077,0.0,0.0,2023-06-29
1368,2023-06-29 13:12:00-04:00,1.1699999570846558,1.1799999475479126,1.1699999570846558,1.1699999570846558,13812,0.0,0.0,2023-06-29
1369,2023-06-29 13:13:00-04:00,1.1749999523162842,1.179900050163269,1.1749999523162842,1.179900050163269,3778,0.0,0.0,2023-06-29
1370,2023-06-29 13:14:00-04:00,1.1699999570846558,1.1749999523162842,1.1699999570846558,1.170799970626831,6759,0.0,0.0,2023-06-29
1371,2023-06-29 13:15:00-04:00,1.1699999570846558,1.1799999475479126,1.1699999570846558,1.1749999523162842,5029,0.0,0.0,2023-06-29
1372,2023-06-29 13:16:00-04:00,1.1799999475479126,1.1799999475479126,1.1749999523162842,1.1749999523162842,6856,0.0,0.0,2023-06-29
1373,2023-06-29 13:17:00-04:00,1.1749999523162842,1.1797000169754028,1.1749999523162842,1.1797000169754028,3764,0.0,0.0,2023-06-29
1374,2023-06-29 13:18:00-04:00,1.1749999523162842,1.1749999523162842,1.1749999523162842,1.1749999523162842,7908,0.0,0.0,2023-06-29
1375,2023-06-29 13:19:00-04:00,1.1749999523162842,1.1799999475479126,1.1749999523162842,1.1749999523162842,6066,0.0,0.0,2023-06-29
1376,2023-06-29 13:20:00-04:00,1.1714999675750732,1.1785000562667847,1.1714999675750732,1.1785000562667847,4317,0.0,0.0,2023-06-29
1377,2023-06-29 13:21:00-04:00,1.1749999523162842,1.1799999475479126,1.1749999523162842,1.1799999475479126,9147,0.0,0.0,2023-06-29
1378,2023-06-29 13:22:00-04:00,1.1799999475479126,1.1799999475479126,1.1749999523162842,1.1799999475479126,6579,0.0,0.0,2023-06-29
1379,2023-06-29 13:23:00-04:00,1.1799999475479126,1.1799999475479126,1.1699999570846558,1.1749999523162842,11156,0.0,0.0,2023-06-29
1380,2023-06-29 13:24:00-04:00,1.179900050163269,1.1799999475479126,1.1749999523162842,1.1749999523162842,11396,0.0,0.0,2023-06-29
1381,2023-06-29 13:25:00-04:00,1.1749999523162842,1.1799999475479126,1.1700999736785889,1.1749999523162842,8032,0.0,0.0,2023-06-29
1382,2023-06-29 13:26:00-04:00,1.1799999475479126,1.1799999475479126,1.1749999523162842,1.1749999523162842,25608,0.0,0.0,2023-06-29
1383,2023-06-29 13:27:00-04:00,1.1799999475479126,1.1799999475479126,1.1721999645233154,1.1721999645233154,6660,0.0,0.0,2023-06-29
1384,2023-06-29 13:28:00-04:00,1.1799999475479126,1.1799999475479126,1.1749999523162842,1.1799999475479126,8543,0.0,0.0,2023-06-29
1385,2023-06-29 13:29:00-04:00,1.1799999475479126,1.1799999475479126,1.1749999523162842,1.1799999475479126,13045,0.0,0.0,2023-06-29
1386,2023-06-29 13:30:00-04:00,1.1799999475479126,1.1799999475479126,1.1699999570846558,1.1799999475479126,6510,0.0,0.0,2023-06-29
1387,2023-06-29 13:31:00-04:00,1.1799999475479126,1.1799999475479126,1.1749999523162842,1.1799999475479126,15127,0.0,0.0,2023-06-29
1388,2023-06-29 13:32:00-04:00,1.1779999732971191,1.1779999732971191,1.1749999523162842,1.1749999523162842,445,0.0,0.0,2023-06-29
1389,2023-06-29 13:33:00-04:00,1.1749999523162842,1.1749999523162842,1.1714999675750732,1.1714999675750732,2800,0.0,0.0,2023-06-29
1390,2023-06-29 13:34:00-04:00,1.1749999523162842,1.1749999523162842,1.1749999523162842,1.1749999523162842,1258,0.0,0.0,2023-06-29
1391,2023-06-29 13:35:00-04:00,1.1699999570846558,1.1699999570846558,1.1699999570846558,1.1699999570846558,1225,0.0,0.0,2023-06-29
1392,2023-06-29 13:36:00-04:00,1.1749999523162842,1.1749999523162842,1.1749999523162842,1.1749999523162842,824,0.0,0.0,2023-06-29
1393,2023-06-29 13:37:00-04:00,1.1749999523162842,1.1749999523162842,1.1749999523162842,1.1749999523162842,1340,0.0,0.0,2023-06-29
1394,2023-06-29 13:38:00-04:00,1.1749999523162842,1.1749999523162842,1.1699999570846558,1.1749999523162842,7745,0.0,0.0,2023-06-29
1395,2023-06-29 13:39:00-04:00,1.1749999523162842,1.1749999523162842,1.1714999675750732,1.1714999675750732,263,0.0,0.0,2023-06-29
1396,2023-06-29 13:40:00-04:00,1.1749999523162842,1.1749999523162842,1.1749999523162842,1.1749999523162842,514,0.0,0.0,2023-06-29
1397,2023-06-29 13:42:00-04:00,1.1749999523162842,1.1749999523162842,1.1699999570846558,1.1699999570846558,1078,0.0,0.0,2023-06-29
1398,2023-06-29 13:43:00-04:00,1.1699999570846558,1.1699999570846558,1.1699999570846558,1.1699999570846558,1579,0.0,0.0,2023-06-29
1399,2023-06-29 13:44:00-04:00,1.1699999570846558,1.1749999523162842,1.1699999570846558,1.1699999570846558,5828,0.0,0.0,2023-06-29
1400,2023-06-29 13:45:00-04:00,1.1699999570846558,1.1699999570846558,1.1699999570846558,1.1699999570846558,4613,0.0,0.0,2023-06-29
1401,2023-06-29 13:46:00-04:00,1.1699999570846558,1.1749999523162842,1.1699999570846558,1.1699999570846558,3185,0.0,0.0,2023-06-29
1402,2023-06-29 13:47:00-04:00,1.1799999475479126,1.1799999475479126,1.1699999570846558,1.1699999570846558,15352,0.0,0.0,2023-06-29
1403,2023-06-29 13:48:00-04:00,1.1699999570846558,1.1749999523162842,1.1699999570846558,1.1717000007629395,8879,0.0,0.0,2023-06-29
1404,2023-06-29 13:49:00-04:00,1.1699999570846558,1.1749000549316406,1.1699999570846558,1.1749000549316406,1449,0.0,0.0,2023-06-29
1405,2023-06-29 13:50:00-04:00,1.1699999570846558,1.1749999523162842,1.1699999570846558,1.1699999570846558,1311,0.0,0.0,2023-06-29
1406,2023-06-29 13:51:00-04:00,1.1699999570846558,1.1699999570846558,1.1699999570846558,1.1699999570846558,5891,0.0,0.0,2023-06-29
1407,2023-06-29 13:52:00-04:00,1.1749999523162842,1.1750999689102173,1.1699999570846558,1.1699999570846558,3658,0.0,0.0,2023-06-29
1408,2023-06-29 13:53:00-04:00,1.1699999570846558,1.1699999570846558,1.1649999618530273,1.1699999570846558,32177,0.0,0.0,2023-06-29
1409,2023-06-29 13:54:00-04:00,1.1699999570846558,1.1699999570846558,1.159999966621399,1.1649999618530273,558,0.0,0.0,2023-06-29
1410,2023-06-29 13:55:00-04:00,1.1699999570846558,1.1699999570846558,1.1628999710083008,1.1649999618530273,3564,0.0,0.0,2023-06-29
1411,2023-06-29 13:56:00-04:00,1.159999966621399,1.1698999404907227,1.159999966621399,1.1649999618530273,2106,0.0,0.0,2023-06-29
1412,2023-06-29 13:57:00-04:00,1.1649999618530273,1.1649999618530273,1.1649999618530273,1.1649999618530273,731,0.0,0.0,2023-06-29
1413,2023-06-29 13:58:00-04:00,1.1649999618530273,1.1649999618530273,1.159999966621399,1.159999966621399,691,0.0,0.0,2023-06-29
1414,2023-06-29 13:59:00-04:00,1.159999966621399,1.1698999404907227,1.159999966621399,1.1698999404907227,31641,0.0,0.0,2023-06-29
1415,2023-06-29 14:00:00-04:00,1.159999966621399,1.1698999404907227,1.159999966621399,1.1649999618530273,4513,0.0,0.0,2023-06-29
1416,2023-06-29 14:01:00-04:00,1.159999966621399,1.1649999618530273,1.159999966621399,1.1649999618530273,3997,0.0,0.0,2023-06-29
1417,2023-06-29 14:02:00-04:00,1.159999966621399,1.159999966621399,1.159999966621399,1.159999966621399,1066,0.0,0.0,2023-06-29
1418,2023-06-29 14:03:00-04:00,1.159999966621399,1.1649999618530273,1.159999966621399,1.159999966621399,8004,0.0,0.0,2023-06-29
1419,2023-06-29 14:04:00-04:00,1.159999966621399,1.1613999605178833,1.159999966621399,1.159999966621399,1086,0.0,0.0,2023-06-29
1420,2023-06-29 14:05:00-04:00,1.159999966621399,1.1649999618530273,1.159999966621399,1.159999966621399,4592,0.0,0.0,2023-06-29
1421,2023-06-29 14:06:00-04:00,1.159999966621399,1.1699999570846558,1.159999966621399,1.159999966621399,4435,0.0,0.0,2023-06-29
1422,2023-06-29 14:07:00-04:00,1.159999966621399,1.1649999618530273,1.159999966621399,1.1649999618530273,5366,0.0,0.0,2023-06-29
1423,2023-06-29 14:08:00-04:00,1.159999966621399,1.159999966621399,1.149999976158142,1.1549999713897705,55233,0.0,0.0,2023-06-29
1424,2023-06-29 14:09:00-04:00,1.149999976158142,1.1598999500274658,1.149999976158142,1.149999976158142,1780,0.0,0.0,2023-06-29
1425,2023-06-29 14:10:00-04:00,1.149999976158142,1.159999966621399,1.149999976158142,1.159999966621399,2658,0.0,0.0,2023-06-29
1426,2023-06-29 14:11:00-04:00,1.149999976158142,1.159999966621399,1.149999976158142,1.159999966621399,5388,0.0,0.0,2023-06-29
1427,2023-06-29 14:12:00-04:00,1.1549999713897705,1.1549999713897705,1.149999976158142,1.149999976158142,44772,0.0,0.0,2023-06-29
1428,2023-06-29 14:13:00-04:00,1.149999976158142,1.159999966621399,1.149999976158142,1.1549999713897705,63000,0.0,0.0,2023-06-29
1429,2023-06-29 14:14:00-04:00,1.1549999713897705,1.159999966621399,1.149999976158142,1.1549999713897705,32218,0.0,0.0,2023-06-29
1430,2023-06-29 14:15:00-04:00,1.159999966621399,1.159999966621399,1.149999976158142,1.1549999713897705,4884,0.0,0.0,2023-06-29
1431,2023-06-29 14:16:00-04:00,1.1549999713897705,1.1549999713897705,1.149999976158142,1.1549999713897705,3002,0.0,0.0,2023-06-29
1432,2023-06-29 14:17:00-04:00,1.1549999713897705,1.1549999713897705,1.149999976158142,1.149999976158142,1858,0.0,0.0,2023-06-29
1433,2023-06-29 14:18:00-04:00,1.1549999713897705,1.1598999500274658,1.149999976158142,1.149999976158142,2211,0.0,0.0,2023-06-29
1434,2023-06-29 14:19:00-04:00,1.1549999713897705,1.1549999713897705,1.149999976158142,1.149999976158142,14776,0.0,0.0,2023-06-29
1435,2023-06-29 14:20:00-04:00,1.149999976158142,1.1549999713897705,1.149999976158142,1.149999976158142,17116,0.0,0.0,2023-06-29
1436,2023-06-29 14:21:00-04:00,1.149999976158142,1.1549999713897705,1.149999976158142,1.1549999713897705,6449,0.0,0.0,2023-06-29
1437,2023-06-29 14:22:00-04:00,1.1549999713897705,1.159999966621399,1.149999976158142,1.1549999713897705,10650,0.0,0.0,2023-06-29
1438,2023-06-29 14:23:00-04:00,1.1549999713897705,1.1549999713897705,1.149999976158142,1.149999976158142,5742,0.0,0.0,2023-06-29
1439,2023-06-29 14:24:00-04:00,1.149999976158142,1.1568000316619873,1.149999976158142,1.1549999713897705,7504,0.0,0.0,2023-06-29
1440,2023-06-29 14:25:00-04:00,1.1549999713897705,1.1584999561309814,1.149999976158142,1.149999976158142,6485,0.0,0.0,2023-06-29
1441,2023-06-29 14:26:00-04:00,1.1549999713897705,1.1598999500274658,1.149999976158142,1.149999976158142,4691,0.0,0.0,2023-06-29
1442,2023-06-29 14:27:00-04:00,1.1549999713897705,1.1549999713897705,1.149999976158142,1.1549999713897705,2487,0.0,0.0,2023-06-29
1443,2023-06-29 14:28:00-04:00,1.1549999713897705,1.1549999713897705,1.149999976158142,1.1549999713897705,1600,0.0,0.0,2023-06-29
1444,2023-06-29 14:29:00-04:00,1.1549999713897705,1.1549999713897705,1.149999976158142,1.1549999713897705,2483,0.0,0.0,2023-06-29
1445,2023-06-29 14:30:00-04:00,1.149999976158142,1.1575000286102295,1.149999976158142,1.149999976158142,2233,0.0,0.0,2023-06-29
1446,2023-06-29 14:31:00-04:00,1.149999976158142,1.1598999500274658,1.149999976158142,1.149999976158142,1475,0.0,0.0,2023-06-29
1447,2023-06-29 14:32:00-04:00,1.1549999713897705,1.1549999713897705,1.149999976158142,1.1549999713897705,3421,0.0,0.0,2023-06-29
1448,2023-06-29 14:33:00-04:00,1.1549999713897705,1.1549999713897705,1.149999976158142,1.1549999713897705,1346,0.0,0.0,2023-06-29
1449,2023-06-29 14:34:00-04:00,1.1549999713897705,1.1549999713897705,1.149999976158142,1.149999976158142,812,0.0,0.0,2023-06-29
1450,2023-06-29 14:35:00-04:00,1.1549999713897705,1.1549999713897705,1.1399999856948853,1.1449999809265137,83465,0.0,0.0,2023-06-29
1451,2023-06-29 14:36:00-04:00,1.1399999856948853,1.1449999809265137,1.1399999856948853,1.1449999809265137,321,0.0,0.0,2023-06-29
1452,2023-06-29 14:37:00-04:00,1.149999976158142,1.149999976158142,1.1399999856948853,1.149999976158142,1117,0.0,0.0,2023-06-29
1453,2023-06-29 14:38:00-04:00,1.149999976158142,1.149999976158142,1.1399999856948853,1.149999976158142,2462,0.0,0.0,2023-06-29
1454,2023-06-29 14:39:00-04:00,1.149999976158142,1.149999976158142,1.1399999856948853,1.149999976158142,6002,0.0,0.0,2023-06-29
1455,2023-06-29 14:40:00-04:00,1.1399999856948853,1.149999976158142,1.1399999856948853,1.149999976158142,1942,0.0,0.0,2023-06-29
1456,2023-06-29 14:41:00-04:00,1.149999976158142,1.149999976158142,1.1399999856948853,1.1449999809265137,2245,0.0,0.0,2023-06-29
1457,2023-06-29 14:42:00-04:00,1.1399999856948853,1.149999976158142,1.1399999856948853,1.1449999809265137,17098,0.0,0.0,2023-06-29
1458,2023-06-29 14:43:00-04:00,1.149999976158142,1.149999976158142,1.1449999809265137,1.1449999809265137,1169,0.0,0.0,2023-06-29
1459,2023-06-29 14:44:00-04:00,1.149999976158142,1.149999976158142,1.1449999809265137,1.149899959564209,10219,0.0,0.0,2023-06-29
1460,2023-06-29 14:45:00-04:00,1.149999976158142,1.149999976158142,1.1449999809265137,1.1449999809265137,7472,0.0,0.0,2023-06-29
1461,2023-06-29 14:46:00-04:00,1.1449999809265137,1.149999976158142,1.1399999856948853,1.1449999809265137,1040,0.0,0.0,2023-06-29
1462,2023-06-29 14:47:00-04:00,1.149999976158142,1.149999976158142,1.1399999856948853,1.149999976158142,1014,0.0,0.0,2023-06-29
1463,2023-06-29 14:48:00-04:00,1.1449999809265137,1.149999976158142,1.1399999856948853,1.149999976158142,4424,0.0,0.0,2023-06-29
1464,2023-06-29 14:49:00-04:00,1.149999976158142,1.149999976158142,1.1399999856948853,1.149999976158142,1015,0.0,0.0,2023-06-29
1465,2023-06-29 14:50:00-04:00,1.1399999856948853,1.149999976158142,1.1399999856948853,1.149999976158142,1208,0.0,0.0,2023-06-29
1466,2023-06-29 14:51:00-04:00,1.149999976158142,1.149999976158142,1.1399999856948853,1.1449999809265137,7443,0.0,0.0,2023-06-29
1467,2023-06-29 14:52:00-04:00,1.1449999809265137,1.149999976158142,1.1399999856948853,1.149999976158142,9026,0.0,0.0,2023-06-29
1468,2023-06-29 14:53:00-04:00,1.149999976158142,1.149999976158142,1.1399999856948853,1.149999976158142,2564,0.0,0.0,2023-06-29
1469,2023-06-29 14:54:00-04:00,1.149999976158142,1.149999976158142,1.1399999856948853,1.1399999856948853,1461,0.0,0.0,2023-06-29
1470,2023-06-29 14:55:00-04:00,1.149999976158142,1.149999976158142,1.1399999856948853,1.1491999626159668,4200,0.0,0.0,2023-06-29
1471,2023-06-29 14:56:00-04:00,1.149399995803833,1.149999976158142,1.1449999809265137,1.1449999809265137,3606,0.0,0.0,2023-06-29
1472,2023-06-29 14:57:00-04:00,1.149999976158142,1.149999976158142,1.1399999856948853,1.1399999856948853,17400,0.0,0.0,2023-06-29
1473,2023-06-29 14:58:00-04:00,1.149999976158142,1.149999976158142,1.1449999809265137,1.149999976158142,24518,0.0,0.0,2023-06-29
1474,2023-06-29 14:59:00-04:00,1.149999976158142,1.149999976158142,1.1399999856948853,1.1399999856948853,7769,0.0,0.0,2023-06-29
1475,2023-06-29 15:00:00-04:00,1.1399999856948853,1.149999976158142,1.1399999856948853,1.149999976158142,4520,0.0,0.0,2023-06-29
1476,2023-06-29 15:01:00-04:00,1.149999976158142,1.149999976158142,1.1399999856948853,1.1399999856948853,6200,0.0,0.0,2023-06-29
1477,2023-06-29 15:02:00-04:00,1.149999976158142,1.149999976158142,1.1399999856948853,1.1399999856948853,1281,0.0,0.0,2023-06-29
1478,2023-06-29 15:03:00-04:00,1.149999976158142,1.149999976158142,1.1399999856948853,1.149999976158142,1233,0.0,0.0,2023-06-29
1479,2023-06-29 15:04:00-04:00,1.1399999856948853,1.149999976158142,1.1399999856948853,1.149999976158142,1420,0.0,0.0,2023-06-29
1480,2023-06-29 15:05:00-04:00,1.1399999856948853,1.149999976158142,1.1399999856948853,1.1399999856948853,1006,0.0,0.0,2023-06-29
1481,2023-06-29 15:06:00-04:00,1.149999976158142,1.149999976158142,1.1399999856948853,1.1399999856948853,2036,0.0,0.0,2023-06-29
1482,2023-06-29 15:07:00-04:00,1.149999976158142,1.149999976158142,1.1399999856948853,1.149999976158142,3855,0.0,0.0,2023-06-29
1483,2023-06-29 15:08:00-04:00,1.1449999809265137,1.149999976158142,1.1399999856948853,1.149999976158142,4340,0.0,0.0,2023-06-29
1484,2023-06-29 15:09:00-04:00,1.1399999856948853,1.149999976158142,1.1399999856948853,1.1449999809265137,5326,0.0,0.0,2023-06-29
1485,2023-06-29 15:10:00-04:00,1.149999976158142,1.149999976158142,1.1399999856948853,1.149999976158142,18343,0.0,0.0,2023-06-29
1486,2023-06-29 15:11:00-04:00,1.1399999856948853,1.149999976158142,1.1399999856948853,1.149999976158142,1115,0.0,0.0,2023-06-29
1487,2023-06-29 15:12:00-04:00,1.1399999856948853,1.149999976158142,1.1399999856948853,1.1449999809265137,5270,0.0,0.0,2023-06-29
1488,2023-06-29 15:13:00-04:00,1.149999976158142,1.149999976158142,1.1399999856948853,1.149999976158142,8644,0.0,0.0,2023-06-29
1489,2023-06-29 15:14:00-04:00,1.149999976158142,1.149999976158142,1.1399999856948853,1.1449999809265137,4652,0.0,0.0,2023-06-29
1490,2023-06-29 15:15:00-04:00,1.1399999856948853,1.149999976158142,1.1399999856948853,1.1399999856948853,2622,0.0,0.0,2023-06-29
1491,2023-06-29 15:16:00-04:00,1.149999976158142,1.149999976158142,1.1399999856948853,1.1449999809265137,8420,0.0,0.0,2023-06-29
1492,2023-06-29 15:17:00-04:00,1.149999976158142,1.149999976158142,1.1399999856948853,1.1449999809265137,1430,0.0,0.0,2023-06-29
1493,2023-06-29 15:18:00-04:00,1.149999976158142,1.149999976158142,1.1399999856948853,1.1399999856948853,1312,0.0,0.0,2023-06-29
1494,2023-06-29 15:19:00-04:00,1.1449999809265137,1.149999976158142,1.1299999952316284,1.1299999952316284,146920,0.0,0.0,2023-06-29
1495,2023-06-29 15:20:00-04:00,1.1299999952316284,1.1349999904632568,1.1299999952316284,1.1299999952316284,39440,0.0,0.0,2023-06-29
1496,2023-06-29 15:21:00-04:00,1.1299999952316284,1.1349999904632568,1.1299999952316284,1.1349999904632568,7184,0.0,0.0,2023-06-29
1497,2023-06-29 15:22:00-04:00,1.1349999904632568,1.1349999904632568,1.1299999952316284,1.13100004196167,3990,0.0,0.0,2023-06-29
1498,2023-06-29 15:23:00-04:00,1.1349999904632568,1.1349999904632568,1.1299999952316284,1.1299999952316284,4176,0.0,0.0,2023-06-29
1499,2023-06-29 15:24:00-04:00,1.1349999904632568,1.1349999904632568,1.1299999952316284,1.1349999904632568,1630,0.0,0.0,2023-06-29
1500,2023-06-29 15:25:00-04:00,1.1349999904632568,1.1349999904632568,1.1299999952316284,1.1299999952316284,2798,0.0,0.0,2023-06-29
1501,2023-06-29 15:26:00-04:00,1.1349999904632568,1.1366000175476074,1.1299999952316284,1.1299999952316284,2225,0.0,0.0,2023-06-29
1502,2023-06-29 15:27:00-04:00,1.1349999904632568,1.1349999904632568,1.1299999952316284,1.1349999904632568,26257,0.0,0.0,2023-06-29
1503,2023-06-29 15:28:00-04:00,1.1349999904632568,1.1349999904632568,1.1299999952316284,1.1299999952316284,3988,0.0,0.0,2023-06-29
1504,2023-06-29 15:29:00-04:00,1.1299999952316284,1.1399999856948853,1.1299999952316284,1.1399999856948853,3704,0.0,0.0,2023-06-29
1505,2023-06-29 15:30:00-04:00,1.1399999856948853,1.1399999856948853,1.1299999952316284,1.1399999856948853,7010,0.0,0.0,2023-06-29
1506,2023-06-29 15:31:00-04:00,1.1399999856948853,1.1399999856948853,1.1299999952316284,1.1399999856948853,4223,0.0,0.0,2023-06-29
1507,2023-06-29 15:32:00-04:00,1.1399999856948853,1.1399999856948853,1.1299999952316284,1.1399999856948853,22038,0.0,0.0,2023-06-29
1508,2023-06-29 15:33:00-04:00,1.1399999856948853,1.1399999856948853,1.1299999952316284,1.1399999856948853,3561,0.0,0.0,2023-06-29
1509,2023-06-29 15:34:00-04:00,1.1399999856948853,1.1399999856948853,1.1299999952316284,1.1399999856948853,2834,0.0,0.0,2023-06-29
1510,2023-06-29 15:35:00-04:00,1.1399999856948853,1.1399999856948853,1.1299999952316284,1.1399999856948853,9648,0.0,0.0,2023-06-29
1511,2023-06-29 15:36:00-04:00,1.1349999904632568,1.1399999856948853,1.1299999952316284,1.1399999856948853,7305,0.0,0.0,2023-06-29
1512,2023-06-29 15:37:00-04:00,1.1399999856948853,1.1399999856948853,1.1299999952316284,1.1399999856948853,3908,0.0,0.0,2023-06-29
1513,2023-06-29 15:38:00-04:00,1.1399999856948853,1.1399999856948853,1.1299999952316284,1.1399999856948853,12060,0.0,0.0,2023-06-29
1514,2023-06-29 15:39:00-04:00,1.1349999904632568,1.1399999856948853,1.1299999952316284,1.1349999904632568,10683,0.0,0.0,2023-06-29
1515,2023-06-29 15:40:00-04:00,1.1399999856948853,1.1399999856948853,1.1299999952316284,1.1349999904632568,9071,0.0,0.0,2023-06-29
1516,2023-06-29 15:41:00-04:00,1.1399999856948853,1.1399999856948853,1.1299999952316284,1.1399999856948853,25772,0.0,0.0,2023-06-29
1517,2023-06-29 15:42:00-04:00,1.1349999904632568,1.1399999856948853,1.1349999904632568,1.1399999856948853,63230,0.0,0.0,2023-06-29
1518,2023-06-29 15:43:00-04:00,1.1399999856948853,1.1399999856948853,1.1349999904632568,1.1349999904632568,9356,0.0,0.0,2023-06-29
1519,2023-06-29 15:44:00-04:00,1.1349999904632568,1.1399999856948853,1.1349999904632568,1.1349999904632568,6972,0.0,0.0,2023-06-29
1520,2023-06-29 15:45:00-04:00,1.1399999856948853,1.1399999856948853,1.1299999952316284,1.1399999856948853,14182,0.0,0.0,2023-06-29
1521,2023-06-29 15:46:00-04:00,1.1399999856948853,1.1399999856948853,1.1349999904632568,1.1349999904632568,13656,0.0,0.0,2023-06-29
1522,2023-06-29 15:47:00-04:00,1.1399999856948853,1.1399999856948853,1.1349999904632568,1.1399999856948853,18877,0.0,0.0,2023-06-29
1523,2023-06-29 15:48:00-04:00,1.1399999856948853,1.1399999856948853,1.1299999952316284,1.1399999856948853,15601,0.0,0.0,2023-06-29
1524,2023-06-29 15:49:00-04:00,1.1399999856948853,1.1399999856948853,1.1299999952316284,1.1349999904632568,17419,0.0,0.0,2023-06-29
1525,2023-06-29 15:50:00-04:00,1.1399999856948853,1.1399999856948853,1.1349999904632568,1.1399999856948853,29449,0.0,0.0,2023-06-29
1526,2023-06-29 15:51:00-04:00,1.1399999856948853,1.1399999856948853,1.131500005722046,1.1399999856948853,14982,0.0,0.0,2023-06-29
1527,2023-06-29 15:52:00-04:00,1.1349999904632568,1.1399999856948853,1.1349999904632568,1.1399999856948853,23029,0.0,0.0,2023-06-29
1528,2023-06-29 15:53:00-04:00,1.1399999856948853,1.1399999856948853,1.1349999904632568,1.1399999856948853,67416,0.0,0.0,2023-06-29
1529,2023-06-29 15:54:00-04:00,1.1399999856948853,1.1399999856948853,1.1349999904632568,1.1375999450683594,10744,0.0,0.0,2023-06-29
1530,2023-06-29 15:55:00-04:00,1.1399999856948853,1.1399999856948853,1.1349999904632568,1.1399999856948853,26920,0.0,0.0,2023-06-29
1531,2023-06-29 15:56:00-04:00,1.1399999856948853,1.1399999856948853,1.1319999694824219,1.1390000581741333,26421,0.0,0.0,2023-06-29
1532,2023-06-29 15:57:00-04:00,1.1399999856948853,1.1399999856948853,1.131700038909912,1.1399999856948853,21425,0.0,0.0,2023-06-29
1533,2023-06-29 15:58:00-04:00,1.1399999856948853,1.1399999856948853,1.1299999952316284,1.1349999904632568,86275,0.0,0.0,2023-06-29
1534,2023-06-29 15:59:00-04:00,1.1349999904632568,1.1399999856948853,1.1299999952316284,1.1302000284194946,32155,0.0,0.0,2023-06-29
1535,2023-06-30 09:30:00-04:00,1.159999966621399,1.159999966621399,1.1399999856948853,1.1492999792099,155833,0.0,0.0,2023-06-30
1536,2023-06-30 09:31:00-04:00,1.149999976158142,1.149999976158142,1.1449999809265137,1.149999976158142,5697,0.0,0.0,2023-06-30
1537,2023-06-30 09:32:00-04:00,1.1497999429702759,1.149999976158142,1.1399999856948853,1.1402000188827515,64203,0.0,0.0,2023-06-30
1538,2023-06-30 09:33:00-04:00,1.1399999856948853,1.1449999809265137,1.1299999952316284,1.1398999691009521,38578,0.0,0.0,2023-06-30
1539,2023-06-30 09:34:00-04:00,1.1449999809265137,1.1449999809265137,1.1399999856948853,1.1401000022888184,4818,0.0,0.0,2023-06-30
1540,2023-06-30 09:35:00-04:00,1.1483999490737915,1.1483999490737915,1.1399999856948853,1.1399999856948853,2373,0.0,0.0,2023-06-30
1541,2023-06-30 09:36:00-04:00,1.149999976158142,1.149999976158142,1.1399999856948853,1.1402000188827515,17227,0.0,0.0,2023-06-30
1542,2023-06-30 09:37:00-04:00,1.148900032043457,1.149999976158142,1.1449999809265137,1.1449999809265137,95501,0.0,0.0,2023-06-30
1543,2023-06-30 09:38:00-04:00,1.1410000324249268,1.1449999809265137,1.1399999856948853,1.1401000022888184,1393,0.0,0.0,2023-06-30
1544,2023-06-30 09:39:00-04:00,1.1449999809265137,1.149899959564209,1.1399999856948853,1.149899959564209,7826,0.0,0.0,2023-06-30
1545,2023-06-30 09:40:00-04:00,1.1449999809265137,1.1449999809265137,1.1399999856948853,1.1449999809265137,58320,0.0,0.0,2023-06-30
1546,2023-06-30 09:41:00-04:00,1.1449999809265137,1.1481000185012817,1.1399999856948853,1.1399999856948853,1718,0.0,0.0,2023-06-30
1547,2023-06-30 09:42:00-04:00,1.1399999856948853,1.1399999856948853,1.1299999952316284,1.1384999752044678,40750,0.0,0.0,2023-06-30
1548,2023-06-30 09:43:00-04:00,1.1299999952316284,1.1354999542236328,1.1299999952316284,1.1349999904632568,4172,0.0,0.0,2023-06-30
1549,2023-06-30 09:44:00-04:00,1.1299999952316284,1.1399999856948853,1.1299999952316284,1.1390999555587769,7171,0.0,0.0,2023-06-30
1550,2023-06-30 09:45:00-04:00,1.1299999952316284,1.1373000144958496,1.1299999952316284,1.1301000118255615,9829,0.0,0.0,2023-06-30
1551,2023-06-30 09:46:00-04:00,1.1299999952316284,1.1397000551223755,1.1299999952316284,1.1397000551223755,2195,0.0,0.0,2023-06-30
1552,2023-06-30 09:47:00-04:00,1.1299999952316284,1.149999976158142,1.1299999952316284,1.1449999809265137,11451,0.0,0.0,2023-06-30
1553,2023-06-30 09:48:00-04:00,1.1449999809265137,1.149999976158142,1.1449999809265137,1.1449999809265137,7383,0.0,0.0,2023-06-30
1554,2023-06-30 09:49:00-04:00,1.149999976158142,1.149999976158142,1.1449999809265137,1.149999976158142,1421,0.0,0.0,2023-06-30
1555,2023-06-30 09:50:00-04:00,1.149899959564209,1.149999976158142,1.1449999809265137,1.1449999809265137,10227,0.0,0.0,2023-06-30
1556,2023-06-30 09:51:00-04:00,1.1484999656677246,1.149999976158142,1.1484999656677246,1.149999976158142,1294,0.0,0.0,2023-06-30
1557,2023-06-30 09:52:00-04:00,1.1449999809265137,1.149899959564209,1.141800045967102,1.149899959564209,907,0.0,0.0,2023-06-30
1558,2023-06-30 09:53:00-04:00,1.1496000289916992,1.149899959564209,1.1399999856948853,1.1399999856948853,2622,0.0,0.0,2023-06-30
1559,2023-06-30 09:54:00-04:00,1.149999976158142,1.149999976158142,1.1449999809265137,1.1449999809265137,631,0.0,0.0,2023-06-30
1560,2023-06-30 09:55:00-04:00,1.1399999856948853,1.149999976158142,1.1399999856948853,1.1449999809265137,12182,0.0,0.0,2023-06-30
1561,2023-06-30 09:56:00-04:00,1.148300051689148,1.148300051689148,1.1299999952316284,1.1349999904632568,26273,0.0,0.0,2023-06-30
1562,2023-06-30 09:57:00-04:00,1.1349999904632568,1.1399999856948853,1.1299999952316284,1.1299999952316284,7791,0.0,0.0,2023-06-30
1563,2023-06-30 09:58:00-04:00,1.1399999856948853,1.1399999856948853,1.1299999952316284,1.1399999856948853,33678,0.0,0.0,2023-06-30
1564,2023-06-30 09:59:00-04:00,1.1399999856948853,1.1399999856948853,1.1299999952316284,1.139799952507019,11242,0.0,0.0,2023-06-30
1565,2023-06-30 10:00:00-04:00,1.1399999856948853,1.1399999856948853,1.1299999952316284,1.1399999856948853,4231,0.0,0.0,2023-06-30
1566,2023-06-30 10:01:00-04:00,1.1384999752044678,1.13919997215271,1.1384999752044678,1.13919997215271,639,0.0,0.0,2023-06-30
1567,2023-06-30 10:02:00-04:00,1.1299999952316284,1.1398999691009521,1.1299999952316284,1.1299999952316284,2573,0.0,0.0,2023-06-30
1568,2023-06-30 10:03:00-04:00,1.1349999904632568,1.1398999691009521,1.1349999904632568,1.1349999904632568,2342,0.0,0.0,2023-06-30
1569,2023-06-30 10:04:00-04:00,1.1349999904632568,1.1394000053405762,1.1349999904632568,1.1349999904632568,1268,0.0,0.0,2023-06-30
1570,2023-06-30 10:05:00-04:00,1.1394000053405762,1.1399999856948853,1.1349999904632568,1.1349999904632568,1323,0.0,0.0,2023-06-30
1571,2023-06-30 10:06:00-04:00,1.1399999856948853,1.1399999856948853,1.1299999952316284,1.1349999904632568,7285,0.0,0.0,2023-06-30
1572,2023-06-30 10:07:00-04:00,1.1349999904632568,1.1349999904632568,1.1349999904632568,1.1349999904632568,2585,0.0,0.0,2023-06-30
1573,2023-06-30 10:08:00-04:00,1.1399999856948853,1.1399999856948853,1.1299999952316284,1.1399999856948853,7022,0.0,0.0,2023-06-30
1574,2023-06-30 10:09:00-04:00,1.139299988746643,1.139299988746643,1.139299988746643,1.139299988746643,1568,0.0,0.0,2023-06-30
1575,2023-06-30 10:10:00-04:00,1.13100004196167,1.1349999904632568,1.1299999952316284,1.1349999904632568,6161,0.0,0.0,2023-06-30
1576,2023-06-30 10:11:00-04:00,1.1299999952316284,1.1399999856948853,1.1299999952316284,1.1399999856948853,1337,0.0,0.0,2023-06-30
1577,2023-06-30 10:12:00-04:00,1.1299999952316284,1.1349999904632568,1.1299999952316284,1.1349999904632568,3122,0.0,0.0,2023-06-30
1578,2023-06-30 10:13:00-04:00,1.1349999904632568,1.1375000476837158,1.1299999952316284,1.1299999952316284,4433,0.0,0.0,2023-06-30
1579,2023-06-30 10:14:00-04:00,1.1349999904632568,1.1399999856948853,1.1299999952316284,1.1349999904632568,11094,0.0,0.0,2023-06-30
1580,2023-06-30 10:15:00-04:00,1.1349999904632568,1.138100028038025,1.1349999904632568,1.138100028038025,2606,0.0,0.0,2023-06-30
1581,2023-06-30 10:16:00-04:00,1.1349999904632568,1.1395000219345093,1.1299999952316284,1.1299999952316284,7104,0.0,0.0,2023-06-30
1582,2023-06-30 10:17:00-04:00,1.1398999691009521,1.1449999809265137,1.1299999952316284,1.1449999809265137,36023,0.0,0.0,2023-06-30
1583,2023-06-30 10:18:00-04:00,1.149999976158142,1.149999976158142,1.1399999856948853,1.1449999809265137,42492,0.0,0.0,2023-06-30
1584,2023-06-30 10:19:00-04:00,1.149999976158142,1.149999976158142,1.1399999856948853,1.1399999856948853,21336,0.0,0.0,2023-06-30
1585,2023-06-30 10:20:00-04:00,1.1399999856948853,1.148300051689148,1.1399999856948853,1.1449999809265137,1650,0.0,0.0,2023-06-30
1586,2023-06-30 10:21:00-04:00,1.1449999809265137,1.149999976158142,1.1399999856948853,1.1399999856948853,7600,0.0,0.0,2023-06-30
1587,2023-06-30 10:22:00-04:00,1.1449999809265137,1.149999976158142,1.1449999809265137,1.149999976158142,4706,0.0,0.0,2023-06-30
1588,2023-06-30 10:23:00-04:00,1.1449999809265137,1.149999976158142,1.1399999856948853,1.1449999809265137,7907,0.0,0.0,2023-06-30
1589,2023-06-30 10:24:00-04:00,1.149999976158142,1.149999976158142,1.1449999809265137,1.1449999809265137,3282,0.0,0.0,2023-06-30
1590,2023-06-30 10:25:00-04:00,1.1425000429153442,1.1425000429153442,1.1425000429153442,1.1425000429153442,102,0.0,0.0,2023-06-30
1591,2023-06-30 10:26:00-04:00,1.1449999809265137,1.1492999792099,1.1449999809265137,1.1449999809265137,1611,0.0,0.0,2023-06-30
1592,2023-06-30 10:27:00-04:00,1.1449999809265137,1.1452000141143799,1.1399999856948853,1.1449999809265137,2766,0.0,0.0,2023-06-30
1593,2023-06-30 10:28:00-04:00,1.1449999809265137,1.1497000455856323,1.1445000171661377,1.1449999809265137,9061,0.0,0.0,2023-06-30
1594,2023-06-30 10:29:00-04:00,1.149999976158142,1.149999976158142,1.1399999856948853,1.1445000171661377,4046,0.0,0.0,2023-06-30
1595,2023-06-30 10:30:00-04:00,1.1449999809265137,1.149999976158142,1.1399999856948853,1.1399999856948853,4897,0.0,0.0,2023-06-30
1596,2023-06-30 10:31:00-04:00,1.149899959564209,1.149899959564209,1.1449999809265137,1.1449999809265137,2193,0.0,0.0,2023-06-30
1597,2023-06-30 10:32:00-04:00,1.1449999809265137,1.149999976158142,1.1449999809265137,1.1449999809265137,16242,0.0,0.0,2023-06-30
1598,2023-06-30 10:33:00-04:00,1.1442999839782715,1.1449999809265137,1.1399999856948853,1.1449999809265137,1931,0.0,0.0,2023-06-30
1599,2023-06-30 10:34:00-04:00,1.1399999856948853,1.149999976158142,1.1399999856948853,1.1399999856948853,5999,0.0,0.0,2023-06-30
1600,2023-06-30 10:35:00-04:00,1.1399999856948853,1.1399999856948853,1.1399999856948853,1.1399999856948853,151,0.0,0.0,2023-06-30
1601,2023-06-30 10:36:00-04:00,1.149999976158142,1.149999976158142,1.1399999856948853,1.149899959564209,3794,0.0,0.0,2023-06-30
1602,2023-06-30 10:37:00-04:00,1.1449999809265137,1.1449999809265137,1.1399999856948853,1.1399999856948853,10717,0.0,0.0,2023-06-30
1603,2023-06-30 10:38:00-04:00,1.1449999809265137,1.1449999809265137,1.1299999952316284,1.1349999904632568,492848,0.0,0.0,2023-06-30
1604,2023-06-30 10:39:00-04:00,1.1349999904632568,1.1449999809265137,1.1299999952316284,1.1349999904632568,172042,0.0,0.0,2023-06-30
1605,2023-06-30 10:40:00-04:00,1.1349999904632568,1.1349999904632568,1.1349999904632568,1.1349999904632568,3165,0.0,0.0,2023-06-30
1606,2023-06-30 10:41:00-04:00,1.1299999952316284,1.1349999904632568,1.1299999952316284,1.1349999904632568,1500,0.0,0.0,2023-06-30
1607,2023-06-30 10:42:00-04:00,1.1299999952316284,1.1399999856948853,1.1299999952316284,1.1390000581741333,12993,0.0,0.0,2023-06-30
1608,2023-06-30 10:43:00-04:00,1.1349999904632568,1.1349999904632568,1.1349999904632568,1.1349999904632568,2035,0.0,0.0,2023-06-30
1609,2023-06-30 10:44:00-04:00,1.1398999691009521,1.1398999691009521,1.1349999904632568,1.1349999904632568,2601,0.0,0.0,2023-06-30
1610,2023-06-30 10:45:00-04:00,1.1398999691009521,1.1398999691009521,1.1398999691009521,1.1398999691009521,599,0.0,0.0,2023-06-30
1611,2023-06-30 10:46:00-04:00,1.1299999952316284,1.1399999856948853,1.1299999952316284,1.1349999904632568,6734,0.0,0.0,2023-06-30
1612,2023-06-30 10:47:00-04:00,1.1395000219345093,1.1399999856948853,1.1349999904632568,1.1349999904632568,5562,0.0,0.0,2023-06-30
1613,2023-06-30 10:48:00-04:00,1.1349999904632568,1.1399999856948853,1.1349999904632568,1.1349999904632568,4810,0.0,0.0,2023-06-30
1614,2023-06-30 10:49:00-04:00,1.1349999904632568,1.1349999904632568,1.1299999952316284,1.1299999952316284,21086,0.0,0.0,2023-06-30
1615,2023-06-30 10:50:00-04:00,1.1349999904632568,1.1349999904632568,1.1318000555038452,1.1349999904632568,10684,0.0,0.0,2023-06-30
1616,2023-06-30 10:51:00-04:00,1.1349999904632568,1.1349999904632568,1.1299999952316284,1.1299999952316284,7391,0.0,0.0,2023-06-30
1617,2023-06-30 10:52:00-04:00,1.1323000192642212,1.1323000192642212,1.1299999952316284,1.1299999952316284,825,0.0,0.0,2023-06-30
1618,2023-06-30 10:53:00-04:00,1.1308000087738037,1.1384999752044678,1.1299999952316284,1.1384999752044678,22586,0.0,0.0,2023-06-30
1619,2023-06-30 10:54:00-04:00,1.1399999856948853,1.1399999856948853,1.1200000047683716,1.1200000047683716,93206,0.0,0.0,2023-06-30
1620,2023-06-30 10:55:00-04:00,1.1291999816894531,1.1291999816894531,1.1200000047683716,1.125,8082,0.0,0.0,2023-06-30
1621,2023-06-30 10:56:00-04:00,1.1298999786376953,1.1298999786376953,1.1200000047683716,1.128499984741211,11730,0.0,0.0,2023-06-30
1622,2023-06-30 10:57:00-04:00,1.1201000213623047,1.125,1.1200000047683716,1.1200000047683716,3511,0.0,0.0,2023-06-30
1623,2023-06-30 10:58:00-04:00,1.121500015258789,1.1298999786376953,1.1200000047683716,1.1298999786376953,21409,0.0,0.0,2023-06-30
1624,2023-06-30 10:59:00-04:00,1.1282000541687012,1.1282000541687012,1.125,1.125,908,0.0,0.0,2023-06-30
1625,2023-06-30 11:00:00-04:00,1.125,1.125,1.125,1.125,2213,0.0,0.0,2023-06-30
1626,2023-06-30 11:01:00-04:00,1.125,1.125,1.1200000047683716,1.125,939,0.0,0.0,2023-06-30
1627,2023-06-30 11:02:00-04:00,1.1217000484466553,1.1277999877929688,1.1217000484466553,1.1277999877929688,2030,0.0,0.0,2023-06-30
1628,2023-06-30 11:03:00-04:00,1.125,1.1299999952316284,1.125,1.125,1492,0.0,0.0,2023-06-30
1629,2023-06-30 11:04:00-04:00,1.1200000047683716,1.1298999786376953,1.1200000047683716,1.125,2849,0.0,0.0,2023-06-30
1630,2023-06-30 11:05:00-04:00,1.125,1.1298999786376953,1.1200000047683716,1.125,7290,0.0,0.0,2023-06-30
1631,2023-06-30 11:06:00-04:00,1.125,1.125,1.1200000047683716,1.125,2323,0.0,0.0,2023-06-30
1632,2023-06-30 11:07:00-04:00,1.125,1.1299999952316284,1.1200000047683716,1.1299999952316284,3660,0.0,0.0,2023-06-30
1633,2023-06-30 11:08:00-04:00,1.1287000179290771,1.1299999952316284,1.125,1.1299999952316284,3453,0.0,0.0,2023-06-30
1634,2023-06-30 11:09:00-04:00,1.1299999952316284,1.1299999952316284,1.1299999952316284,1.1299999952316284,589,0.0,0.0,2023-06-30
1635,2023-06-30 11:10:00-04:00,1.125,1.1299999952316284,1.125,1.1299999952316284,2715,0.0,0.0,2023-06-30
1636,2023-06-30 11:12:00-04:00,1.1238000392913818,1.1299999952316284,1.1238000392913818,1.1299999952316284,3771,0.0,0.0,2023-06-30
1637,2023-06-30 11:13:00-04:00,1.1299999952316284,1.1349999904632568,1.1200000047683716,1.1349999904632568,61205,0.0,0.0,2023-06-30
1638,2023-06-30 11:14:00-04:00,1.1349999904632568,1.1390000581741333,1.1349999904632568,1.1373000144958496,1066,0.0,0.0,2023-06-30
1639,2023-06-30 11:15:00-04:00,1.1349999904632568,1.1399999856948853,1.1349999904632568,1.1399999856948853,210,0.0,0.0,2023-06-30
1640,2023-06-30 11:16:00-04:00,1.1399999856948853,1.1399999856948853,1.1349999904632568,1.1349999904632568,726,0.0,0.0,2023-06-30
1641,2023-06-30 11:17:00-04:00,1.1399999856948853,1.1399999856948853,1.1349999904632568,1.1349999904632568,3373,0.0,0.0,2023-06-30
1642,2023-06-30 11:18:00-04:00,1.1349999904632568,1.1349999904632568,1.1349999904632568,1.1349999904632568,313,0.0,0.0,2023-06-30
1643,2023-06-30 11:19:00-04:00,1.1349999904632568,1.138700008392334,1.1349999904632568,1.1349999904632568,672,0.0,0.0,2023-06-30
1644,2023-06-30 11:20:00-04:00,1.1349999904632568,1.1349999904632568,1.1299999952316284,1.1349999904632568,1745,0.0,0.0,2023-06-30
1645,2023-06-30 11:21:00-04:00,1.1349999904632568,1.1349999904632568,1.132699966430664,1.132699966430664,1437,0.0,0.0,2023-06-30
1646,2023-06-30 11:22:00-04:00,1.1349999904632568,1.1349999904632568,1.1349999904632568,1.1349999904632568,531,0.0,0.0,2023-06-30
1647,2023-06-30 11:23:00-04:00,1.1349999904632568,1.1349999904632568,1.1299999952316284,1.1349999904632568,3525,0.0,0.0,2023-06-30
1648,2023-06-30 11:24:00-04:00,1.1349999904632568,1.1399999856948853,1.1349999904632568,1.1349999904632568,10600,0.0,0.0,2023-06-30
1649,2023-06-30 11:25:00-04:00,1.1349999904632568,1.1399999856948853,1.1349999904632568,1.1390000581741333,5108,0.0,0.0,2023-06-30
1650,2023-06-30 11:26:00-04:00,1.1390999555587769,1.1390999555587769,1.1325000524520874,1.1349999904632568,4400,0.0,0.0,2023-06-30
1651,2023-06-30 11:27:00-04:00,1.1349999904632568,1.1385999917984009,1.1299999952316284,1.1349999904632568,3082,0.0,0.0,2023-06-30
1652,2023-06-30 11:28:00-04:00,1.1349999904632568,1.1399999856948853,1.1299999952316284,1.1299999952316284,1300,0.0,0.0,2023-06-30
1653,2023-06-30 11:29:00-04:00,1.1325000524520874,1.1399999856948853,1.1299999952316284,1.1349999904632568,8891,0.0,0.0,2023-06-30
1654,2023-06-30 11:30:00-04:00,1.1349999904632568,1.1399999856948853,1.1318999528884888,1.1349999904632568,9600,0.0,0.0,2023-06-30
1655,2023-06-30 11:31:00-04:00,1.1398999691009521,1.1398999691009521,1.1323000192642212,1.1349999904632568,3668,0.0,0.0,2023-06-30
1656,2023-06-30 11:32:00-04:00,1.132599949836731,1.1349999904632568,1.1299999952316284,1.1349999904632568,2243,0.0,0.0,2023-06-30
1657,2023-06-30 11:33:00-04:00,1.1349999904632568,1.1349999904632568,1.1349999904632568,1.1349999904632568,525,0.0,0.0,2023-06-30
1658,2023-06-30 11:34:00-04:00,1.1349999904632568,1.1399999856948853,1.1349999904632568,1.1349999904632568,800,0.0,0.0,2023-06-30
1659,2023-06-30 11:35:00-04:00,1.1398999691009521,1.1399999856948853,1.1299999952316284,1.1324000358581543,16406,0.0,0.0,2023-06-30
1660,2023-06-30 11:36:00-04:00,1.1349999904632568,1.139299988746643,1.1299999952316284,1.1349999904632568,3444,0.0,0.0,2023-06-30
1661,2023-06-30 11:37:00-04:00,1.1349999904632568,1.1395000219345093,1.1349999904632568,1.1365000009536743,8442,0.0,0.0,2023-06-30
1662,2023-06-30 11:38:00-04:00,1.1349999904632568,1.1399999856948853,1.1299999952316284,1.1349999904632568,3540,0.0,0.0,2023-06-30
1663,2023-06-30 11:39:00-04:00,1.1335999965667725,1.1349999904632568,1.1299999952316284,1.1349999904632568,4499,0.0,0.0,2023-06-30
1664,2023-06-30 11:40:00-04:00,1.1349999904632568,1.1349999904632568,1.1303000450134277,1.1349999904632568,1253,0.0,0.0,2023-06-30
1665,2023-06-30 11:41:00-04:00,1.1299999952316284,1.1349999904632568,1.1299999952316284,1.1349999904632568,1929,0.0,0.0,2023-06-30
1666,2023-06-30 11:42:00-04:00,1.1349999904632568,1.1349999904632568,1.1349999904632568,1.1349999904632568,478,0.0,0.0,2023-06-30
1667,2023-06-30 11:43:00-04:00,1.1349999904632568,1.138100028038025,1.1299999952316284,1.1349999904632568,1958,0.0,0.0,2023-06-30
1668,2023-06-30 11:44:00-04:00,1.1349999904632568,1.1349999904632568,1.1324000358581543,1.1349999904632568,1433,0.0,0.0,2023-06-30
1669,2023-06-30 11:45:00-04:00,1.1349999904632568,1.1349999904632568,1.1349999904632568,1.1349999904632568,3018,0.0,0.0,2023-06-30
1670,2023-06-30 11:46:00-04:00,1.1349999904632568,1.1349999904632568,1.1349999904632568,1.1349999904632568,200,0.0,0.0,2023-06-30
1671,2023-06-30 11:47:00-04:00,1.1349999904632568,1.1349999904632568,1.1299999952316284,1.1299999952316284,1362,0.0,0.0,2023-06-30
1672,2023-06-30 11:48:00-04:00,1.1349999904632568,1.1399999856948853,1.1299999952316284,1.1299999952316284,3506,0.0,0.0,2023-06-30
1673,2023-06-30 11:49:00-04:00,1.1349999904632568,1.1384999752044678,1.1349999904632568,1.1349999904632568,4219,0.0,0.0,2023-06-30
1674,2023-06-30 11:50:00-04:00,1.1349999904632568,1.1349999904632568,1.1349999904632568,1.1349999904632568,762,0.0,0.0,2023-06-30
1675,2023-06-30 11:51:00-04:00,1.1299999952316284,1.1398999691009521,1.1299999952316284,1.1349999904632568,3558,0.0,0.0,2023-06-30
1676,2023-06-30 11:52:00-04:00,1.1299999952316284,1.1349999904632568,1.1299999952316284,1.1299999952316284,1531,0.0,0.0,2023-06-30
1677,2023-06-30 11:53:00-04:00,1.1349999904632568,1.1349999904632568,1.1349999904632568,1.1349999904632568,1939,0.0,0.0,2023-06-30
1678,2023-06-30 11:54:00-04:00,1.1299999952316284,1.1382999420166016,1.1299999952316284,1.1349999904632568,1630,0.0,0.0,2023-06-30
1679,2023-06-30 11:55:00-04:00,1.1349999904632568,1.1398999691009521,1.1299999952316284,1.1398999691009521,2635,0.0,0.0,2023-06-30
1680,2023-06-30 11:56:00-04:00,1.1299999952316284,1.1349999904632568,1.1299999952316284,1.1301000118255615,8915,0.0,0.0,2023-06-30
1681,2023-06-30 11:57:00-04:00,1.1349999904632568,1.138200044631958,1.1324000358581543,1.1349999904632568,2765,0.0,0.0,2023-06-30
1682,2023-06-30 11:58:00-04:00,1.1398999691009521,1.1398999691009521,1.1349999904632568,1.1349999904632568,418,0.0,0.0,2023-06-30
1683,2023-06-30 11:59:00-04:00,1.1349999904632568,1.1399999856948853,1.1325000524520874,1.1399999856948853,1319,0.0,0.0,2023-06-30
1684,2023-06-30 12:00:00-04:00,1.1349999904632568,1.1349999904632568,1.1299999952316284,1.1349999904632568,2786,0.0,0.0,2023-06-30
1685,2023-06-30 12:01:00-04:00,1.1349999904632568,1.1365000009536743,1.1299999952316284,1.1349999904632568,8799,0.0,0.0,2023-06-30
1686,2023-06-30 12:02:00-04:00,1.1349999904632568,1.1398999691009521,1.1349999904632568,1.1349999904632568,1694,0.0,0.0,2023-06-30
1687,2023-06-30 12:03:00-04:00,1.1349999904632568,1.1349999904632568,1.1349999904632568,1.1349999904632568,1970,0.0,0.0,2023-06-30
1688,2023-06-30 12:04:00-04:00,1.1299999952316284,1.1349999904632568,1.1299999952316284,1.1349999904632568,1136,0.0,0.0,2023-06-30
1689,2023-06-30 12:05:00-04:00,1.1299999952316284,1.1349999904632568,1.1299999952316284,1.1301000118255615,9340,0.0,0.0,2023-06-30
1690,2023-06-30 12:06:00-04:00,1.1349999904632568,1.1349999904632568,1.1349999904632568,1.1349999904632568,1630,0.0,0.0,2023-06-30
1691,2023-06-30 12:07:00-04:00,1.1349999904632568,1.1349999904632568,1.1349999904632568,1.1349999904632568,1852,0.0,0.0,2023-06-30
1692,2023-06-30 12:08:00-04:00,1.1349999904632568,1.1349999904632568,1.1299999952316284,1.1349999904632568,5355,0.0,0.0,2023-06-30
1693,2023-06-30 12:09:00-04:00,1.1349999904632568,1.1349999904632568,1.1349999904632568,1.1349999904632568,3047,0.0,0.0,2023-06-30
1694,2023-06-30 12:10:00-04:00,1.1299999952316284,1.1399999856948853,1.1299999952316284,1.1399999856948853,463,0.0,0.0,2023-06-30
1695,2023-06-30 12:11:00-04:00,1.1299999952316284,1.1349999904632568,1.1299999952316284,1.1349999904632568,2094,0.0,0.0,2023-06-30
1696,2023-06-30 12:12:00-04:00,1.1299999952316284,1.1399999856948853,1.1299999952316284,1.1384999752044678,2974,0.0,0.0,2023-06-30
1697,2023-06-30 12:13:00-04:00,1.1349999904632568,1.1349999904632568,1.1349999904632568,1.1349999904632568,430,0.0,0.0,2023-06-30
1698,2023-06-30 12:14:00-04:00,1.1399999856948853,1.1399999856948853,1.1349999904632568,1.1390999555587769,3172,0.0,0.0,2023-06-30
1699,2023-06-30 12:15:00-04:00,1.1325000524520874,1.139799952507019,1.1325000524520874,1.139799952507019,2476,0.0,0.0,2023-06-30
1700,2023-06-30 12:16:00-04:00,1.1325000524520874,1.1399999856948853,1.1325000524520874,1.1399999856948853,2240,0.0,0.0,2023-06-30
1701,2023-06-30 12:17:00-04:00,1.1399999856948853,1.1399999856948853,1.1398999691009521,1.1398999691009521,2281,0.0,0.0,2023-06-30
1702,2023-06-30 12:18:00-04:00,1.1399999856948853,1.1399999856948853,1.1349999904632568,1.1399999856948853,4603,0.0,0.0,2023-06-30
1703,2023-06-30 12:19:00-04:00,1.1399999856948853,1.1399999856948853,1.1399999856948853,1.1399999856948853,2600,0.0,0.0,2023-06-30
1704,2023-06-30 12:20:00-04:00,1.1399999856948853,1.1449999809265137,1.1349999904632568,1.1414999961853027,21360,0.0,0.0,2023-06-30
1705,2023-06-30 12:21:00-04:00,1.1449999809265137,1.1449999809265137,1.1399999856948853,1.1449999809265137,451,0.0,0.0,2023-06-30
1706,2023-06-30 12:22:00-04:00,1.1449999809265137,1.1449999809265137,1.1449999809265137,1.1449999809265137,1303,0.0,0.0,2023-06-30
1707,2023-06-30 12:23:00-04:00,1.1449999809265137,1.1449999809265137,1.1399999856948853,1.1449999809265137,19560,0.0,0.0,2023-06-30
1708,2023-06-30 12:24:00-04:00,1.1399999856948853,1.1449999809265137,1.1399999856948853,1.1449999809265137,3724,0.0,0.0,2023-06-30
1709,2023-06-30 12:25:00-04:00,1.1449999809265137,1.1449999809265137,1.1449999809265137,1.1449999809265137,350,0.0,0.0,2023-06-30
1710,2023-06-30 12:26:00-04:00,1.1449999809265137,1.1475000381469727,1.1449999809265137,1.1475000381469727,321,0.0,0.0,2023-06-30
1711,2023-06-30 12:27:00-04:00,1.1449999809265137,1.1449999809265137,1.1399999856948853,1.1449999809265137,19465,0.0,0.0,2023-06-30
1712,2023-06-30 12:28:00-04:00,1.1449999809265137,1.1449999809265137,1.1449999809265137,1.1449999809265137,205,0.0,0.0,2023-06-30
1713,2023-06-30 12:29:00-04:00,1.149899959564209,1.149999976158142,1.1449999809265137,1.1449999809265137,1613,0.0,0.0,2023-06-30
1714,2023-06-30 12:30:00-04:00,1.141700029373169,1.149999976158142,1.1399999856948853,1.1399999856948853,16270,0.0,0.0,2023-06-30
1715,2023-06-30 12:31:00-04:00,1.149999976158142,1.149999976158142,1.1399999856948853,1.1449999809265137,6454,0.0,0.0,2023-06-30
1716,2023-06-30 12:32:00-04:00,1.1449999809265137,1.1449999809265137,1.1401000022888184,1.1449999809265137,1012,0.0,0.0,2023-06-30
1717,2023-06-30 12:33:00-04:00,1.1449999809265137,1.149999976158142,1.1449999809265137,1.149999976158142,1104,0.0,0.0,2023-06-30
1718,2023-06-30 12:34:00-04:00,1.1449999809265137,1.1449999809265137,1.1414999961853027,1.1449999809265137,1240,0.0,0.0,2023-06-30
1719,2023-06-30 12:35:00-04:00,1.1449999809265137,1.1449999809265137,1.1449999809265137,1.1449999809265137,3788,0.0,0.0,2023-06-30
1720,2023-06-30 12:36:00-04:00,1.1412999629974365,1.149999976158142,1.1401000022888184,1.1449999809265137,2808,0.0,0.0,2023-06-30
1721,2023-06-30 12:37:00-04:00,1.1449999809265137,1.1449999809265137,1.1449999809265137,1.1449999809265137,731,0.0,0.0,2023-06-30
1722,2023-06-30 12:38:00-04:00,1.1449999809265137,1.1449999809265137,1.1449999809265137,1.1449999809265137,1080,0.0,0.0,2023-06-30
1723,2023-06-30 12:39:00-04:00,1.1449999809265137,1.149999976158142,1.1399999856948853,1.1449999809265137,13334,0.0,0.0,2023-06-30
1724,2023-06-30 12:40:00-04:00,1.1449999809265137,1.1449999809265137,1.1449999809265137,1.1449999809265137,3834,0.0,0.0,2023-06-30
1725,2023-06-30 12:41:00-04:00,1.1449999809265137,1.1449999809265137,1.141700029373169,1.1449999809265137,4220,0.0,0.0,2023-06-30
1726,2023-06-30 12:42:00-04:00,1.1449999809265137,1.149999976158142,1.1449999809265137,1.149999976158142,1442,0.0,0.0,2023-06-30
1727,2023-06-30 12:43:00-04:00,1.1449999809265137,1.149899959564209,1.1449999809265137,1.1449999809265137,937,0.0,0.0,2023-06-30
1728,2023-06-30 12:45:00-04:00,1.149999976158142,1.149999976158142,1.1449999809265137,1.149999976158142,8436,0.0,0.0,2023-06-30
1729,2023-06-30 12:46:00-04:00,1.149999976158142,1.159999966621399,1.149999976158142,1.159999966621399,63021,0.0,0.0,2023-06-30
1730,2023-06-30 12:47:00-04:00,1.1579999923706055,1.159999966621399,1.1449999809265137,1.1449999809265137,118781,0.0,0.0,2023-06-30
1731,2023-06-30 12:48:00-04:00,1.1449999809265137,1.145900011062622,1.1399999856948853,1.1449999809265137,6321,0.0,0.0,2023-06-30
1732,2023-06-30 12:49:00-04:00,1.1449999809265137,1.1449999809265137,1.1449999809265137,1.1449999809265137,2452,0.0,0.0,2023-06-30
1733,2023-06-30 12:50:00-04:00,1.1425000429153442,1.1473000049591064,1.1399999856948853,1.1449999809265137,16169,0.0,0.0,2023-06-30
1734,2023-06-30 12:51:00-04:00,1.1449999809265137,1.1449999809265137,1.1399999856948853,1.141700029373169,15993,0.0,0.0,2023-06-30
1735,2023-06-30 12:52:00-04:00,1.1449999809265137,1.1449999809265137,1.1399999856948853,1.1449999809265137,5609,0.0,0.0,2023-06-30
1736,2023-06-30 12:53:00-04:00,1.149899959564209,1.149899959564209,1.1449999809265137,1.1449999809265137,5802,0.0,0.0,2023-06-30
1737,2023-06-30 12:54:00-04:00,1.1414999961853027,1.1449999809265137,1.1414999961853027,1.1449999809265137,7729,0.0,0.0,2023-06-30
1738,2023-06-30 12:55:00-04:00,1.1449999809265137,1.1449999809265137,1.1449999809265137,1.1449999809265137,1100,0.0,0.0,2023-06-30
1739,2023-06-30 12:56:00-04:00,1.1449999809265137,1.1449999809265137,1.1399999856948853,1.1449999809265137,4856,0.0,0.0,2023-06-30
1740,2023-06-30 12:57:00-04:00,1.1449999809265137,1.1449999809265137,1.1449999809265137,1.1449999809265137,1237,0.0,0.0,2023-06-30
1741,2023-06-30 12:58:00-04:00,1.1449999809265137,1.1449999809265137,1.1449999809265137,1.1449999809265137,944,0.0,0.0,2023-06-30
1742,2023-06-30 12:59:00-04:00,1.1449999809265137,1.1449999809265137,1.1449999809265137,1.1449999809265137,308,0.0,0.0,2023-06-30
1743,2023-06-30 13:00:00-04:00,1.1449999809265137,1.1449999809265137,1.1449999809265137,1.1449999809265137,725,0.0,0.0,2023-06-30
1744,2023-06-30 13:01:00-04:00,1.1449999809265137,1.149899959564209,1.1414999961853027,1.1449999809265137,5466,0.0,0.0,2023-06-30
1745,2023-06-30 13:02:00-04:00,1.1449999809265137,1.1449999809265137,1.1449999809265137,1.1449999809265137,3800,0.0,0.0,2023-06-30
1746,2023-06-30 13:03:00-04:00,1.1449999809265137,1.1449999809265137,1.1449999809265137,1.1449999809265137,505,0.0,0.0,2023-06-30
1747,2023-06-30 13:04:00-04:00,1.1401000022888184,1.1449999809265137,1.1399999856948853,1.1449999809265137,4764,0.0,0.0,2023-06-30
1748,2023-06-30 13:05:00-04:00,1.1449999809265137,1.1449999809265137,1.1399999856948853,1.1399999856948853,2388,0.0,0.0,2023-06-30
1749,2023-06-30 13:06:00-04:00,1.1399999856948853,1.1450999975204468,1.1399999856948853,1.1403000354766846,2504,0.0,0.0,2023-06-30
1750,2023-06-30 13:07:00-04:00,1.1449999809265137,1.1449999809265137,1.1449999809265137,1.1449999809265137,430,0.0,0.0,2023-06-30
1751,2023-06-30 13:08:00-04:00,1.1449999809265137,1.149999976158142,1.1449999809265137,1.149999976158142,406,0.0,0.0,2023-06-30
1752,2023-06-30 13:09:00-04:00,1.1425000429153442,1.1492999792099,1.1399999856948853,1.1431000232696533,2412,0.0,0.0,2023-06-30
1753,2023-06-30 13:10:00-04:00,1.1449999809265137,1.149999976158142,1.1449999809265137,1.1449999809265137,701,0.0,0.0,2023-06-30
1754,2023-06-30 13:11:00-04:00,1.1399999856948853,1.149999976158142,1.1399999856948853,1.149999976158142,920,0.0,0.0,2023-06-30
1755,2023-06-30 13:12:00-04:00,1.1449999809265137,1.1449999809265137,1.1399999856948853,1.1449999809265137,5614,0.0,0.0,2023-06-30
1756,2023-06-30 13:13:00-04:00,1.1449999809265137,1.1449999809265137,1.1449999809265137,1.1449999809265137,955,0.0,0.0,2023-06-30
1757,2023-06-30 13:14:00-04:00,1.1449999809265137,1.149999976158142,1.1449999809265137,1.149999976158142,14426,0.0,0.0,2023-06-30
1758,2023-06-30 13:15:00-04:00,1.1490000486373901,1.1490000486373901,1.1449999809265137,1.1449999809265137,324,0.0,0.0,2023-06-30
1759,2023-06-30 13:16:00-04:00,1.149999976158142,1.1549999713897705,1.149999976158142,1.149999976158142,31885,0.0,0.0,2023-06-30
1760,2023-06-30 13:17:00-04:00,1.149999976158142,1.1549999713897705,1.149999976158142,1.149999976158142,22038,0.0,0.0,2023-06-30
1761,2023-06-30 13:18:00-04:00,1.149999976158142,1.1549999713897705,1.149999976158142,1.1500999927520752,8628,0.0,0.0,2023-06-30
1762,2023-06-30 13:19:00-04:00,1.149999976158142,1.152400016784668,1.149999976158142,1.1516000032424927,44644,0.0,0.0,2023-06-30
1763,2023-06-30 13:20:00-04:00,1.1516000032424927,1.152400016784668,1.149999976158142,1.1512000560760498,21106,0.0,0.0,2023-06-30
1764,2023-06-30 13:21:00-04:00,1.149999976158142,1.1519999504089355,1.149999976158142,1.149999976158142,10943,0.0,0.0,2023-06-30
1765,2023-06-30 13:22:00-04:00,1.149999976158142,1.1549999713897705,1.1449999809265137,1.149999976158142,99272,0.0,0.0,2023-06-30
1766,2023-06-30 13:23:00-04:00,1.1449999809265137,1.1449999809265137,1.1424000263214111,1.1424000263214111,6300,0.0,0.0,2023-06-30
1767,2023-06-30 13:24:00-04:00,1.1424000263214111,1.1449999809265137,1.1424000263214111,1.1449999809265137,4879,0.0,0.0,2023-06-30
1768,2023-06-30 13:25:00-04:00,1.1449999809265137,1.1449999809265137,1.1399999856948853,1.1424000263214111,6782,0.0,0.0,2023-06-30
1769,2023-06-30 13:26:00-04:00,1.1449999809265137,1.1449999809265137,1.1416000127792358,1.1416000127792358,8164,0.0,0.0,2023-06-30
1770,2023-06-30 13:27:00-04:00,1.1449999809265137,1.1449999809265137,1.1449999809265137,1.1449999809265137,1005,0.0,0.0,2023-06-30
1771,2023-06-30 13:28:00-04:00,1.1449999809265137,1.1449999809265137,1.1449999809265137,1.1449999809265137,5510,0.0,0.0,2023-06-30
1772,2023-06-30 13:30:00-04:00,1.1449999809265137,1.1449999809265137,1.142799973487854,1.142799973487854,1279,0.0,0.0,2023-06-30
1773,2023-06-30 13:31:00-04:00,1.1449999809265137,1.1449999809265137,1.1399999856948853,1.1449999809265137,4905,0.0,0.0,2023-06-30
1774,2023-06-30 13:32:00-04:00,1.1399999856948853,1.1449999809265137,1.1399999856948853,1.1399999856948853,3810,0.0,0.0,2023-06-30
1775,2023-06-30 13:33:00-04:00,1.1399999856948853,1.1401000022888184,1.1399999856948853,1.1399999856948853,8661,0.0,0.0,2023-06-30
1776,2023-06-30 13:34:00-04:00,1.1399999856948853,1.1449999809265137,1.1399999856948853,1.1399999856948853,5078,0.0,0.0,2023-06-30
1777,2023-06-30 13:35:00-04:00,1.1399999856948853,1.1449999809265137,1.1399999856948853,1.1449999809265137,3640,0.0,0.0,2023-06-30
1778,2023-06-30 13:36:00-04:00,1.1399999856948853,1.1399999856948853,1.1399999856948853,1.1399999856948853,2130,0.0,0.0,2023-06-30
1779,2023-06-30 13:37:00-04:00,1.1399999856948853,1.149999976158142,1.1399999856948853,1.1405999660491943,11611,0.0,0.0,2023-06-30
1780,2023-06-30 13:39:00-04:00,1.1434999704360962,1.1449999809265137,1.1434999704360962,1.1449999809265137,777,0.0,0.0,2023-06-30
1781,2023-06-30 13:40:00-04:00,1.149999976158142,1.149999976158142,1.142199993133545,1.142199993133545,15327,0.0,0.0,2023-06-30
1782,2023-06-30 13:41:00-04:00,1.1449999809265137,1.149999976158142,1.1449999809265137,1.1449999809265137,1976,0.0,0.0,2023-06-30
1783,2023-06-30 13:42:00-04:00,1.1449999809265137,1.1449999809265137,1.1439000368118286,1.1449999809265137,1852,0.0,0.0,2023-06-30
1784,2023-06-30 13:43:00-04:00,1.1399999856948853,1.1449999809265137,1.1399999856948853,1.1449999809265137,2212,0.0,0.0,2023-06-30
1785,2023-06-30 13:44:00-04:00,1.1449999809265137,1.149999976158142,1.1399999856948853,1.1449999809265137,2658,0.0,0.0,2023-06-30
1786,2023-06-30 13:45:00-04:00,1.1401000022888184,1.1449999809265137,1.1399999856948853,1.1449999809265137,3776,0.0,0.0,2023-06-30
1787,2023-06-30 13:46:00-04:00,1.1449999809265137,1.1497000455856323,1.1399999856948853,1.1399999856948853,2749,0.0,0.0,2023-06-30
1788,2023-06-30 13:47:00-04:00,1.1399999856948853,1.149999976158142,1.1399999856948853,1.149999976158142,6272,0.0,0.0,2023-06-30
1789,2023-06-30 13:48:00-04:00,1.1449999809265137,1.1449999809265137,1.1399999856948853,1.1399999856948853,3503,0.0,0.0,2023-06-30
1790,2023-06-30 13:49:00-04:00,1.1449999809265137,1.1449999809265137,1.1399999856948853,1.1399999856948853,4400,0.0,0.0,2023-06-30
1791,2023-06-30 13:50:00-04:00,1.1399999856948853,1.149999976158142,1.1399999856948853,1.1449999809265137,4735,0.0,0.0,2023-06-30
1792,2023-06-30 13:51:00-04:00,1.1399999856948853,1.1484999656677246,1.1399999856948853,1.1484999656677246,1857,0.0,0.0,2023-06-30
1793,2023-06-30 13:52:00-04:00,1.1484999656677246,1.1484999656677246,1.1399999856948853,1.1449999809265137,13060,0.0,0.0,2023-06-30
1794,2023-06-30 13:53:00-04:00,1.1399999856948853,1.1475000381469727,1.1399999856948853,1.1399999856948853,713,0.0,0.0,2023-06-30
1795,2023-06-30 13:54:00-04:00,1.1449999809265137,1.149999976158142,1.1399999856948853,1.1449999809265137,4181,0.0,0.0,2023-06-30
1796,2023-06-30 13:55:00-04:00,1.1399999856948853,1.149999976158142,1.1399999856948853,1.1399999856948853,2260,0.0,0.0,2023-06-30
1797,2023-06-30 13:56:00-04:00,1.1449999809265137,1.149999976158142,1.1399999856948853,1.1403000354766846,994,0.0,0.0,2023-06-30
1798,2023-06-30 13:57:00-04:00,1.1403000354766846,1.1449999809265137,1.1399999856948853,1.1399999856948853,7466,0.0,0.0,2023-06-30
1799,2023-06-30 13:58:00-04:00,1.1449999809265137,1.149999976158142,1.1399999856948853,1.1399999856948853,14207,0.0,0.0,2023-06-30
1800,2023-06-30 13:59:00-04:00,1.1399999856948853,1.1475000381469727,1.1399999856948853,1.1401000022888184,30665,0.0,0.0,2023-06-30
1801,2023-06-30 14:00:00-04:00,1.1399999856948853,1.149999976158142,1.1399999856948853,1.1399999856948853,8125,0.0,0.0,2023-06-30
1802,2023-06-30 14:01:00-04:00,1.1399999856948853,1.1449999809265137,1.1399999856948853,1.1399999856948853,650,0.0,0.0,2023-06-30
1803,2023-06-30 14:02:00-04:00,1.1399999856948853,1.1475000381469727,1.1399999856948853,1.1449999809265137,7123,0.0,0.0,2023-06-30
1804,2023-06-30 14:03:00-04:00,1.1449999809265137,1.1449999809265137,1.1399999856948853,1.1449999809265137,952,0.0,0.0,2023-06-30
1805,2023-06-30 14:04:00-04:00,1.1449999809265137,1.1449999809265137,1.1399999856948853,1.1399999856948853,1251,0.0,0.0,2023-06-30
1806,2023-06-30 14:05:00-04:00,1.1399999856948853,1.149899959564209,1.1399999856948853,1.1449999809265137,3097,0.0,0.0,2023-06-30
1807,2023-06-30 14:06:00-04:00,1.1399999856948853,1.1449999809265137,1.1399999856948853,1.1449999809265137,1600,0.0,0.0,2023-06-30
1808,2023-06-30 14:07:00-04:00,1.1449999809265137,1.1449999809265137,1.1399999856948853,1.1449999809265137,639,0.0,0.0,2023-06-30
1809,2023-06-30 14:08:00-04:00,1.1449999809265137,1.1475000381469727,1.1399999856948853,1.1399999856948853,4620,0.0,0.0,2023-06-30
1810,2023-06-30 14:09:00-04:00,1.1475000381469727,1.149999976158142,1.1399999856948853,1.1399999856948853,8243,0.0,0.0,2023-06-30
1811,2023-06-30 14:10:00-04:00,1.1399999856948853,1.1449999809265137,1.1399999856948853,1.1399999856948853,3778,0.0,0.0,2023-06-30
1812,2023-06-30 14:11:00-04:00,1.1399999856948853,1.1475000381469727,1.1399999856948853,1.1399999856948853,1237,0.0,0.0,2023-06-30
1813,2023-06-30 14:12:00-04:00,1.1399999856948853,1.1449999809265137,1.1399999856948853,1.1399999856948853,2123,0.0,0.0,2023-06-30
1814,2023-06-30 14:13:00-04:00,1.1399999856948853,1.1399999856948853,1.1299999952316284,1.1349999904632568,42570,0.0,0.0,2023-06-30
1815,2023-06-30 14:14:00-04:00,1.1399999856948853,1.1399999856948853,1.1299999952316284,1.1299999952316284,15608,0.0,0.0,2023-06-30
1816,2023-06-30 14:15:00-04:00,1.1299999952316284,1.1349999904632568,1.1299999952316284,1.1349999904632568,3163,0.0,0.0,2023-06-30
1817,2023-06-30 14:16:00-04:00,1.1349999904632568,1.1399999856948853,1.1299999952316284,1.1299999952316284,14322,0.0,0.0,2023-06-30
1818,2023-06-30 14:17:00-04:00,1.1349999904632568,1.1349999904632568,1.1299999952316284,1.1299999952316284,644,0.0,0.0,2023-06-30
1819,2023-06-30 14:18:00-04:00,1.1349999904632568,1.1349999904632568,1.1299999952316284,1.1349999904632568,3754,0.0,0.0,2023-06-30
1820,2023-06-30 14:19:00-04:00,1.1349999904632568,1.1349999904632568,1.1299999952316284,1.1299999952316284,527,0.0,0.0,2023-06-30
1821,2023-06-30 14:20:00-04:00,1.1349999904632568,1.1349999904632568,1.1299999952316284,1.1349999904632568,843,0.0,0.0,2023-06-30
1822,2023-06-30 14:21:00-04:00,1.1398999691009521,1.1399999856948853,1.1299999952316284,1.1299999952316284,5115,0.0,0.0,2023-06-30
1823,2023-06-30 14:22:00-04:00,1.1349999904632568,1.1349999904632568,1.1299999952316284,1.1349999904632568,2493,0.0,0.0,2023-06-30
1824,2023-06-30 14:23:00-04:00,1.1349999904632568,1.1399999856948853,1.1299999952316284,1.1349999904632568,3921,0.0,0.0,2023-06-30
1825,2023-06-30 14:24:00-04:00,1.1299999952316284,1.1349999904632568,1.1299999952316284,1.1349999904632568,3787,0.0,0.0,2023-06-30
1826,2023-06-30 14:25:00-04:00,1.1349999904632568,1.1349999904632568,1.1299999952316284,1.1349999904632568,2867,0.0,0.0,2023-06-30
1827,2023-06-30 14:26:00-04:00,1.1349999904632568,1.1399999856948853,1.1299999952316284,1.1399999856948853,15479,0.0,0.0,2023-06-30
1828,2023-06-30 14:27:00-04:00,1.1349999904632568,1.1399999856948853,1.1299999952316284,1.1399999856948853,4901,0.0,0.0,2023-06-30
1829,2023-06-30 14:28:00-04:00,1.1399999856948853,1.1399999856948853,1.1299999952316284,1.1349999904632568,1561,0.0,0.0,2023-06-30
1830,2023-06-30 14:29:00-04:00,1.1399999856948853,1.1399999856948853,1.1299999952316284,1.1349999904632568,2717,0.0,0.0,2023-06-30
1831,2023-06-30 14:30:00-04:00,1.1399999856948853,1.1399999856948853,1.1299999952316284,1.1299999952316284,999,0.0,0.0,2023-06-30
1832,2023-06-30 14:31:00-04:00,1.1349999904632568,1.1349999904632568,1.1299999952316284,1.1349999904632568,2706,0.0,0.0,2023-06-30
1833,2023-06-30 14:32:00-04:00,1.1299999952316284,1.13919997215271,1.1299999952316284,1.13919997215271,14800,0.0,0.0,2023-06-30
1834,2023-06-30 14:33:00-04:00,1.1349999904632568,1.1399999856948853,1.1299999952316284,1.1299999952316284,1202,0.0,0.0,2023-06-30
1835,2023-06-30 14:34:00-04:00,1.1349999904632568,1.1349999904632568,1.1299999952316284,1.1299999952316284,2115,0.0,0.0,2023-06-30
1836,2023-06-30 14:35:00-04:00,1.1349999904632568,1.1399999856948853,1.1299999952316284,1.1299999952316284,5340,0.0,0.0,2023-06-30
1837,2023-06-30 14:36:00-04:00,1.1349999904632568,1.1399999856948853,1.1299999952316284,1.1299999952316284,7128,0.0,0.0,2023-06-30
1838,2023-06-30 14:37:00-04:00,1.1349999904632568,1.1349999904632568,1.1299999952316284,1.1299999952316284,2847,0.0,0.0,2023-06-30
1839,2023-06-30 14:38:00-04:00,1.1349999904632568,1.1349999904632568,1.1299999952316284,1.1349999904632568,617,0.0,0.0,2023-06-30
1840,2023-06-30 14:39:00-04:00,1.1299999952316284,1.1399999856948853,1.1299999952316284,1.1299999952316284,7978,0.0,0.0,2023-06-30
1841,2023-06-30 14:40:00-04:00,1.1349999904632568,1.1349999904632568,1.1299999952316284,1.1349999904632568,772,0.0,0.0,2023-06-30
1842,2023-06-30 14:41:00-04:00,1.1299999952316284,1.1398999691009521,1.1299999952316284,1.1349999904632568,888,0.0,0.0,2023-06-30
1843,2023-06-30 14:42:00-04:00,1.1299999952316284,1.1399999856948853,1.1299999952316284,1.1349999904632568,11857,0.0,0.0,2023-06-30
1844,2023-06-30 14:43:00-04:00,1.1349999904632568,1.1385999917984009,1.1299999952316284,1.1299999952316284,10101,0.0,0.0,2023-06-30
1845,2023-06-30 14:44:00-04:00,1.1349999904632568,1.1349999904632568,1.1299999952316284,1.1299999952316284,1748,0.0,0.0,2023-06-30
1846,2023-06-30 14:45:00-04:00,1.1349999904632568,1.1349999904632568,1.1299999952316284,1.1299999952316284,827,0.0,0.0,2023-06-30
1847,2023-06-30 14:46:00-04:00,1.1299999952316284,1.1399999856948853,1.1299999952316284,1.1349999904632568,16804,0.0,0.0,2023-06-30
1848,2023-06-30 14:47:00-04:00,1.1299999952316284,1.1349999904632568,1.1299999952316284,1.1349999904632568,3543,0.0,0.0,2023-06-30
1849,2023-06-30 14:48:00-04:00,1.1349999904632568,1.1349999904632568,1.1299999952316284,1.1299999952316284,2771,0.0,0.0,2023-06-30
1850,2023-06-30 14:49:00-04:00,1.1349999904632568,1.1349999904632568,1.1299999952316284,1.1299999952316284,5226,0.0,0.0,2023-06-30
1851,2023-06-30 14:50:00-04:00,1.1349999904632568,1.1349999904632568,1.1299999952316284,1.1299999952316284,3151,0.0,0.0,2023-06-30
1852,2023-06-30 14:51:00-04:00,1.138100028038025,1.138100028038025,1.1299999952316284,1.1309000253677368,13904,0.0,0.0,2023-06-30
1853,2023-06-30 14:52:00-04:00,1.1349999904632568,1.149999976158142,1.1349999904632568,1.1449999809265137,237014,0.0,0.0,2023-06-30
1854,2023-06-30 14:53:00-04:00,1.1399999856948853,1.149999976158142,1.1399999856948853,1.1449999809265137,25809,0.0,0.0,2023-06-30
1855,2023-06-30 14:54:00-04:00,1.1449999809265137,1.1449999809265137,1.1449999809265137,1.1449999809265137,3583,0.0,0.0,2023-06-30
1856,2023-06-30 14:55:00-04:00,1.1449999809265137,1.1449999809265137,1.1449999809265137,1.1449999809265137,2673,0.0,0.0,2023-06-30
1857,2023-06-30 14:56:00-04:00,1.1449999809265137,1.149899959564209,1.1399999856948853,1.1449999809265137,1826,0.0,0.0,2023-06-30
1858,2023-06-30 14:57:00-04:00,1.143399953842163,1.149999976158142,1.143399953842163,1.1449999809265137,17541,0.0,0.0,2023-06-30
1859,2023-06-30 14:58:00-04:00,1.1449999809265137,1.149999976158142,1.1449999809265137,1.149999976158142,1317,0.0,0.0,2023-06-30
1860,2023-06-30 14:59:00-04:00,1.1449999809265137,1.1449999809265137,1.1449999809265137,1.1449999809265137,713,0.0,0.0,2023-06-30
1861,2023-06-30 15:00:00-04:00,1.142699956893921,1.149899959564209,1.142699956893921,1.1449999809265137,2379,0.0,0.0,2023-06-30
1862,2023-06-30 15:01:00-04:00,1.1449999809265137,1.1449999809265137,1.1401000022888184,1.1449999809265137,9516,0.0,0.0,2023-06-30
1863,2023-06-30 15:02:00-04:00,1.1449999809265137,1.1449999809265137,1.1399999856948853,1.1449999809265137,1215,0.0,0.0,2023-06-30
1864,2023-06-30 15:03:00-04:00,1.149999976158142,1.149999976158142,1.1449999809265137,1.1449999809265137,1733,0.0,0.0,2023-06-30
1865,2023-06-30 15:04:00-04:00,1.1449999809265137,1.1449999809265137,1.1399999856948853,1.1449999809265137,12385,0.0,0.0,2023-06-30
1866,2023-06-30 15:05:00-04:00,1.1399999856948853,1.1475000381469727,1.1399999856948853,1.1449999809265137,10326,0.0,0.0,2023-06-30
1867,2023-06-30 15:06:00-04:00,1.1399999856948853,1.1449999809265137,1.1399999856948853,1.1449999809265137,965,0.0,0.0,2023-06-30
1868,2023-06-30 15:07:00-04:00,1.1449999809265137,1.1449999809265137,1.1399999856948853,1.1399999856948853,4178,0.0,0.0,2023-06-30
1869,2023-06-30 15:08:00-04:00,1.1449999809265137,1.1475000381469727,1.1399999856948853,1.1449999809265137,4777,0.0,0.0,2023-06-30
1870,2023-06-30 15:09:00-04:00,1.1399999856948853,1.1449999809265137,1.1349999904632568,1.1349999904632568,68810,0.0,0.0,2023-06-30
1871,2023-06-30 15:10:00-04:00,1.1299999952316284,1.1399999856948853,1.1299999952316284,1.1349999904632568,2249,0.0,0.0,2023-06-30
1872,2023-06-30 15:11:00-04:00,1.1349999904632568,1.1399999856948853,1.1349999904632568,1.1399999856948853,12141,0.0,0.0,2023-06-30
1873,2023-06-30 15:12:00-04:00,1.1399999856948853,1.1399999856948853,1.1299999952316284,1.1349999904632568,4892,0.0,0.0,2023-06-30
1874,2023-06-30 15:13:00-04:00,1.1399999856948853,1.1399999856948853,1.1349999904632568,1.1349999904632568,564,0.0,0.0,2023-06-30
1875,2023-06-30 15:14:00-04:00,1.1349999904632568,1.1399999856948853,1.1349999904632568,1.1399999856948853,2713,0.0,0.0,2023-06-30
1876,2023-06-30 15:15:00-04:00,1.1399999856948853,1.1399999856948853,1.1349999904632568,1.1399999856948853,5746,0.0,0.0,2023-06-30
1877,2023-06-30 15:16:00-04:00,1.1399999856948853,1.1399999856948853,1.1349999904632568,1.1398999691009521,5370,0.0,0.0,2023-06-30
1878,2023-06-30 15:17:00-04:00,1.1399999856948853,1.1399999856948853,1.1333999633789062,1.1349999904632568,20218,0.0,0.0,2023-06-30
1879,2023-06-30 15:18:00-04:00,1.1399999856948853,1.1399999856948853,1.1349999904632568,1.1349999904632568,3631,0.0,0.0,2023-06-30
1880,2023-06-30 15:19:00-04:00,1.1399999856948853,1.1399999856948853,1.1349999904632568,1.1368999481201172,736,0.0,0.0,2023-06-30
1881,2023-06-30 15:20:00-04:00,1.1399999856948853,1.1399999856948853,1.1349999904632568,1.1349999904632568,1860,0.0,0.0,2023-06-30
1882,2023-06-30 15:21:00-04:00,1.1399999856948853,1.1399999856948853,1.1349999904632568,1.1399999856948853,8059,0.0,0.0,2023-06-30
1883,2023-06-30 15:22:00-04:00,1.1399999856948853,1.1399999856948853,1.1299999952316284,1.1399999856948853,4855,0.0,0.0,2023-06-30
1884,2023-06-30 15:23:00-04:00,1.1399999856948853,1.1399999856948853,1.1349999904632568,1.1349999904632568,1017,0.0,0.0,2023-06-30
1885,2023-06-30 15:24:00-04:00,1.1349999904632568,1.1399999856948853,1.1349999904632568,1.1349999904632568,5354,0.0,0.0,2023-06-30
1886,2023-06-30 15:25:00-04:00,1.1311999559402466,1.1399999856948853,1.1299999952316284,1.1399999856948853,4360,0.0,0.0,2023-06-30
1887,2023-06-30 15:26:00-04:00,1.1349999904632568,1.1399999856948853,1.1349999904632568,1.1349999904632568,3125,0.0,0.0,2023-06-30
1888,2023-06-30 15:27:00-04:00,1.1349999904632568,1.1399999856948853,1.1299999952316284,1.1349999904632568,1547,0.0,0.0,2023-06-30
1889,2023-06-30 15:28:00-04:00,1.1299999952316284,1.1349999904632568,1.1299999952316284,1.1299999952316284,5834,0.0,0.0,2023-06-30
1890,2023-06-30 15:29:00-04:00,1.1299999952316284,1.1399999856948853,1.1299999952316284,1.1349999904632568,52100,0.0,0.0,2023-06-30
1891,2023-06-30 15:30:00-04:00,1.1399999856948853,1.1399999856948853,1.1299999952316284,1.1349999904632568,5062,0.0,0.0,2023-06-30
1892,2023-06-30 15:31:00-04:00,1.1349999904632568,1.1349999904632568,1.1299999952316284,1.1349999904632568,3519,0.0,0.0,2023-06-30
1893,2023-06-30 15:32:00-04:00,1.1299999952316284,1.1399999856948853,1.1299999952316284,1.1325000524520874,3301,0.0,0.0,2023-06-30
1894,2023-06-30 15:33:00-04:00,1.1349999904632568,1.1395000219345093,1.1299999952316284,1.1299999952316284,1799,0.0,0.0,2023-06-30
1895,2023-06-30 15:34:00-04:00,1.1349999904632568,1.1399999856948853,1.1299999952316284,1.1399999856948853,1612,0.0,0.0,2023-06-30
1896,2023-06-30 15:35:00-04:00,1.1399999856948853,1.1399999856948853,1.1299999952316284,1.1349999904632568,5623,0.0,0.0,2023-06-30
1897,2023-06-30 15:36:00-04:00,1.1349999904632568,1.1399999856948853,1.1299999952316284,1.1349999904632568,3494,0.0,0.0,2023-06-30
1898,2023-06-30 15:37:00-04:00,1.1299999952316284,1.1399999856948853,1.1299999952316284,1.1299999952316284,1394,0.0,0.0,2023-06-30
1899,2023-06-30 15:38:00-04:00,1.1399999856948853,1.1399999856948853,1.1299999952316284,1.1399999856948853,21222,0.0,0.0,2023-06-30
1900,2023-06-30 15:39:00-04:00,1.1349999904632568,1.1349999904632568,1.1299999952316284,1.1349999904632568,1101,0.0,0.0,2023-06-30
1901,2023-06-30 15:40:00-04:00,1.1299999952316284,1.1399999856948853,1.1299999952316284,1.1349999904632568,4816,0.0,0.0,2023-06-30
1902,2023-06-30 15:41:00-04:00,1.1299999952316284,1.1399999856948853,1.1299999952316284,1.1349999904632568,4100,0.0,0.0,2023-06-30
1903,2023-06-30 15:42:00-04:00,1.1299999952316284,1.1399999856948853,1.1299999952316284,1.1399999856948853,4941,0.0,0.0,2023-06-30
1904,2023-06-30 15:43:00-04:00,1.1299999952316284,1.1349999904632568,1.1299999952316284,1.1349999904632568,8290,0.0,0.0,2023-06-30
1905,2023-06-30 15:44:00-04:00,1.1349999904632568,1.1399999856948853,1.1349999904632568,1.1349999904632568,1360,0.0,0.0,2023-06-30
1906,2023-06-30 15:45:00-04:00,1.1349999904632568,1.1399999856948853,1.1299999952316284,1.1299999952316284,6729,0.0,0.0,2023-06-30
1907,2023-06-30 15:46:00-04:00,1.1349999904632568,1.1349999904632568,1.1299999952316284,1.1299999952316284,10782,0.0,0.0,2023-06-30
1908,2023-06-30 15:47:00-04:00,1.1349999904632568,1.139799952507019,1.1299999952316284,1.1299999952316284,33832,0.0,0.0,2023-06-30
1909,2023-06-30 15:48:00-04:00,1.1299999952316284,1.1371999979019165,1.1299999952316284,1.1349999904632568,14178,0.0,0.0,2023-06-30
1910,2023-06-30 15:49:00-04:00,1.1299999952316284,1.1399999856948853,1.1299999952316284,1.1349999904632568,6005,0.0,0.0,2023-06-30
1911,2023-06-30 15:50:00-04:00,1.1299999952316284,1.1382999420166016,1.1299999952316284,1.1299999952316284,2331,0.0,0.0,2023-06-30
1912,2023-06-30 15:51:00-04:00,1.1349999904632568,1.1399999856948853,1.1299999952316284,1.1299999952316284,6083,0.0,0.0,2023-06-30
1913,2023-06-30 15:52:00-04:00,1.1399999856948853,1.1399999856948853,1.1299999952316284,1.1299999952316284,5893,0.0,0.0,2023-06-30
1914,2023-06-30 15:53:00-04:00,1.1299999952316284,1.1399999856948853,1.1299999952316284,1.1299999952316284,10826,0.0,0.0,2023-06-30
1915,2023-06-30 15:54:00-04:00,1.1299999952316284,1.1399999856948853,1.1299999952316284,1.1349999904632568,9515,0.0,0.0,2023-06-30
1916,2023-06-30 15:55:00-04:00,1.1399999856948853,1.1399999856948853,1.1299999952316284,1.1349999904632568,41731,0.0,0.0,2023-06-30
1917,2023-06-30 15:56:00-04:00,1.1299999952316284,1.1349999904632568,1.1299999952316284,1.1299999952316284,17074,0.0,0.0,2023-06-30
1918,2023-06-30 15:57:00-04:00,1.1299999952316284,1.1375000476837158,1.1299999952316284,1.1349999904632568,11733,0.0,0.0,2023-06-30
1919,2023-06-30 15:58:00-04:00,1.1299999952316284,1.1375000476837158,1.1299999952316284,1.1349999904632568,11047,0.0,0.0,2023-06-30
1920,2023-06-30 15:59:00-04:00,1.1349999904632568,1.1375000476837158,1.1299999952316284,1.1349999904632568,70169,0.0,0.0,2023-06-30
0,2023-07-03 09:30:00-04:00,1.149999976158142,1.149999976158142,1.1399999856948853,1.1399999856948853,96526,0.0,0.0,2023-07-03
1,2023-07-03 09:31:00-04:00,1.1399999856948853,1.149999976158142,1.1399999856948853,1.1449999809265137,4852,0.0,0.0,2023-07-03
2,2023-07-03 09:32:00-04:00,1.1449999809265137,1.1500999927520752,1.1414999961853027,1.1500999927520752,76714,0.0,0.0,2023-07-03
3,2023-07-03 09:33:00-04:00,1.149999976158142,1.149999976158142,1.1399999856948853,1.1449999809265137,6306,0.0,0.0,2023-07-03
4,2023-07-03 09:34:00-04:00,1.1449999809265137,1.149999976158142,1.1449999809265137,1.1449999809265137,13069,0.0,0.0,2023-07-03
5,2023-07-03 09:35:00-04:00,1.1414999961853027,1.1577999591827393,1.1414999961853027,1.1577999591827393,12713,0.0,0.0,2023-07-03
6,2023-07-03 09:36:00-04:00,1.1549999713897705,1.159999966621399,1.1549999713897705,1.1549999713897705,25400,0.0,0.0,2023-07-03
7,2023-07-03 09:37:00-04:00,1.1549999713897705,1.159999966621399,1.149999976158142,1.1549999713897705,32959,0.0,0.0,2023-07-03
8,2023-07-03 09:38:00-04:00,1.149999976158142,1.1575000286102295,1.149999976158142,1.149999976158142,1297,0.0,0.0,2023-07-03
9,2023-07-03 09:39:00-04:00,1.1549999713897705,1.159999966621399,1.149999976158142,1.149999976158142,3916,0.0,0.0,2023-07-03
10,2023-07-03 09:40:00-04:00,1.1584999561309814,1.159999966621399,1.1531000137329102,1.1549999713897705,12950,0.0,0.0,2023-07-03
11,2023-07-03 09:41:00-04:00,1.1549999713897705,1.158400058746338,1.1549999713897705,1.1549999713897705,1282,0.0,0.0,2023-07-03
12,2023-07-03 09:42:00-04:00,1.1584999561309814,1.1584999561309814,1.1549999713897705,1.1575000286102295,1605,0.0,0.0,2023-07-03
13,2023-07-03 09:43:00-04:00,1.149999976158142,1.159999966621399,1.149999976158142,1.1549999713897705,49514,0.0,0.0,2023-07-03
14,2023-07-03 09:44:00-04:00,1.1549999713897705,1.159999966621399,1.1549999713897705,1.1549999713897705,13791,0.0,0.0,2023-07-03
15,2023-07-03 09:45:00-04:00,1.1584999561309814,1.1584999561309814,1.149999976158142,1.1549999713897705,28878,0.0,0.0,2023-07-03
16,2023-07-03 09:46:00-04:00,1.1549999713897705,1.1575000286102295,1.149999976158142,1.149999976158142,770,0.0,0.0,2023-07-03
17,2023-07-03 09:47:00-04:00,1.1545000076293945,1.1589000225067139,1.149999976158142,1.1575000286102295,8640,0.0,0.0,2023-07-03
18,2023-07-03 09:48:00-04:00,1.1549999713897705,1.159999966621399,1.149999976158142,1.149999976158142,19123,0.0,0.0,2023-07-03
19,2023-07-03 09:49:00-04:00,1.149999976158142,1.1598999500274658,1.149999976158142,1.1598999500274658,10085,0.0,0.0,2023-07-03
20,2023-07-03 09:50:00-04:00,1.1549999713897705,1.1549999713897705,1.1549999713897705,1.1549999713897705,227,0.0,0.0,2023-07-03
21,2023-07-03 09:51:00-04:00,1.1549999713897705,1.1584999561309814,1.149999976158142,1.149999976158142,14263,0.0,0.0,2023-07-03
22,2023-07-03 09:52:00-04:00,1.1575000286102295,1.159999966621399,1.1500999927520752,1.1500999927520752,20292,0.0,0.0,2023-07-03
23,2023-07-03 09:53:00-04:00,1.1549999713897705,1.1575000286102295,1.1549999713897705,1.1549999713897705,713,0.0,0.0,2023-07-03
24,2023-07-03 09:54:00-04:00,1.1500999927520752,1.1576999425888062,1.149999976158142,1.149999976158142,14217,0.0,0.0,2023-07-03
25,2023-07-03 09:55:00-04:00,1.1506999731063843,1.1506999731063843,1.1503000259399414,1.1503000259399414,1363,0.0,0.0,2023-07-03
26,2023-07-03 09:56:00-04:00,1.1575000286102295,1.1575000286102295,1.149999976158142,1.1550999879837036,2373,0.0,0.0,2023-07-03
27,2023-07-03 09:57:00-04:00,1.149999976158142,1.1589000225067139,1.149999976158142,1.1517000198364258,1287,0.0,0.0,2023-07-03
28,2023-07-03 09:58:00-04:00,1.1513999700546265,1.159999966621399,1.1513999700546265,1.1516000032424927,1059,0.0,0.0,2023-07-03
29,2023-07-03 09:59:00-04:00,1.1549999713897705,1.1549999713897705,1.149999976158142,1.149999976158142,2186,0.0,0.0,2023-07-03
30,2023-07-03 10:00:00-04:00,1.1549999713897705,1.1549999713897705,1.149999976158142,1.149999976158142,2689,0.0,0.0,2023-07-03
31,2023-07-03 10:01:00-04:00,1.1549999713897705,1.159999966621399,1.149999976158142,1.1549999713897705,9378,0.0,0.0,2023-07-03
32,2023-07-03 10:02:00-04:00,1.1549999713897705,1.1549999713897705,1.1500999927520752,1.1549999713897705,1910,0.0,0.0,2023-07-03
33,2023-07-03 10:03:00-04:00,1.1575000286102295,1.1575000286102295,1.1399999856948853,1.149999976158142,75264,0.0,0.0,2023-07-03
34,2023-07-03 10:04:00-04:00,1.1449999809265137,1.1491999626159668,1.1399999856948853,1.1491999626159668,4558,0.0,0.0,2023-07-03
35,2023-07-03 10:05:00-04:00,1.149899959564209,1.149999976158142,1.1399999856948853,1.1449999809265137,1513,0.0,0.0,2023-07-03
36,2023-07-03 10:06:00-04:00,1.1449999809265137,1.1549999713897705,1.1449999809265137,1.1514999866485596,54618,0.0,0.0,2023-07-03
37,2023-07-03 10:07:00-04:00,1.1510000228881836,1.1584999561309814,1.1510000228881836,1.1584999561309814,1767,0.0,0.0,2023-07-03
38,2023-07-03 10:08:00-04:00,1.149999976158142,1.1549999713897705,1.149999976158142,1.1549999713897705,3907,0.0,0.0,2023-07-03
39,2023-07-03 10:09:00-04:00,1.159999966621399,1.159999966621399,1.1500999927520752,1.1549999713897705,41056,0.0,0.0,2023-07-03
40,2023-07-03 10:10:00-04:00,1.1549999713897705,1.159999966621399,1.1549999713897705,1.1549999713897705,9049,0.0,0.0,2023-07-03
41,2023-07-03 10:11:00-04:00,1.149999976158142,1.159999966621399,1.149999976158142,1.1549999713897705,3521,0.0,0.0,2023-07-03
42,2023-07-03 10:13:00-04:00,1.159999966621399,1.159999966621399,1.159999966621399,1.159999966621399,257,0.0,0.0,2023-07-03
43,2023-07-03 10:14:00-04:00,1.1549999713897705,1.1586999893188477,1.1549999713897705,1.1586999893188477,2571,0.0,0.0,2023-07-03
44,2023-07-03 10:15:00-04:00,1.159999966621399,1.159999966621399,1.1512999534606934,1.1549999713897705,2801,0.0,0.0,2023-07-03
45,2023-07-03 10:16:00-04:00,1.1549999713897705,1.159000039100647,1.1549999713897705,1.159000039100647,417,0.0,0.0,2023-07-03
46,2023-07-03 10:17:00-04:00,1.1549999713897705,1.159999966621399,1.1549999713897705,1.1549999713897705,6573,0.0,0.0,2023-07-03
47,2023-07-03 10:19:00-04:00,1.1598999500274658,1.159999966621399,1.149999976158142,1.1549999713897705,25490,0.0,0.0,2023-07-03
48,2023-07-03 10:20:00-04:00,1.1549999713897705,1.159999966621399,1.1549999713897705,1.1549999713897705,4482,0.0,0.0,2023-07-03
49,2023-07-03 10:21:00-04:00,1.1549999713897705,1.159999966621399,1.149999976158142,1.1549999713897705,8087,0.0,0.0,2023-07-03
50,2023-07-03 10:22:00-04:00,1.149999976158142,1.159999966621399,1.149999976158142,1.159999966621399,6506,0.0,0.0,2023-07-03
51,2023-07-03 10:23:00-04:00,1.159999966621399,1.159999966621399,1.1549999713897705,1.1549999713897705,20624,0.0,0.0,2023-07-03
52,2023-07-03 10:24:00-04:00,1.1549999713897705,1.159999966621399,1.149999976158142,1.149999976158142,42215,0.0,0.0,2023-07-03
53,2023-07-03 10:25:00-04:00,1.1549999713897705,1.1549999713897705,1.1549999713897705,1.1549999713897705,172,0.0,0.0,2023-07-03
54,2023-07-03 10:26:00-04:00,1.1575000286102295,1.159999966621399,1.1512000560760498,1.159999966621399,357,0.0,0.0,2023-07-03
55,2023-07-03 10:27:00-04:00,1.1575000286102295,1.1575000286102295,1.1549999713897705,1.1549999713897705,321,0.0,0.0,2023-07-03
56,2023-07-03 10:28:00-04:00,1.159999966621399,1.159999966621399,1.1549999713897705,1.1549999713897705,1551,0.0,0.0,2023-07-03
57,2023-07-03 10:29:00-04:00,1.1575000286102295,1.1575000286102295,1.149999976158142,1.149999976158142,680,0.0,0.0,2023-07-03
58,2023-07-03 10:30:00-04:00,1.149999976158142,1.1549999713897705,1.149999976158142,1.149999976158142,9543,0.0,0.0,2023-07-03
59,2023-07-03 10:31:00-04:00,1.1514999866485596,1.1514999866485596,1.1514999866485596,1.1514999866485596,336,0.0,0.0,2023-07-03
60,2023-07-03 10:32:00-04:00,1.1549999713897705,1.1549999713897705,1.149999976158142,1.149999976158142,5343,0.0,0.0,2023-07-03
61,2023-07-03 10:33:00-04:00,1.149999976158142,1.1592999696731567,1.1449999809265137,1.1449999809265137,40105,0.0,0.0,2023-07-03
62,2023-07-03 10:34:00-04:00,1.1449999809265137,1.1449999809265137,1.1449999809265137,1.1449999809265137,1664,0.0,0.0,2023-07-03
63,2023-07-03 10:35:00-04:00,1.149999976158142,1.149999976158142,1.1411000490188599,1.1449999809265137,5913,0.0,0.0,2023-07-03
64,2023-07-03 10:36:00-04:00,1.1449999809265137,1.1449999809265137,1.1449999809265137,1.1449999809265137,2116,0.0,0.0,2023-07-03
65,2023-07-03 10:37:00-04:00,1.149899959564209,1.149899959564209,1.1411999464035034,1.1449999809265137,6650,0.0,0.0,2023-07-03
66,2023-07-03 10:38:00-04:00,1.1414999961853027,1.1449999809265137,1.1399999856948853,1.1449999809265137,6624,0.0,0.0,2023-07-03
67,2023-07-03 10:39:00-04:00,1.1449999809265137,1.1449999809265137,1.1407999992370605,1.1449999809265137,8118,0.0,0.0,2023-07-03
68,2023-07-03 10:40:00-04:00,1.1449999809265137,1.149999976158142,1.1401000022888184,1.1401000022888184,2432,0.0,0.0,2023-07-03
69,2023-07-03 10:41:00-04:00,1.143399953842163,1.1497999429702759,1.143399953842163,1.1449999809265137,434,0.0,0.0,2023-07-03
70,2023-07-03 10:42:00-04:00,1.1485999822616577,1.1485999822616577,1.1401000022888184,1.1401000022888184,1469,0.0,0.0,2023-07-03
71,2023-07-03 10:44:00-04:00,1.1399999856948853,1.1449999809265137,1.1399999856948853,1.1401000022888184,494,0.0,0.0,2023-07-03
72,2023-07-03 10:45:00-04:00,1.149999976158142,1.149999976158142,1.1449999809265137,1.1449999809265137,958,0.0,0.0,2023-07-03
73,2023-07-03 10:46:00-04:00,1.1399999856948853,1.149899959564209,1.1399999856948853,1.1399999856948853,9619,0.0,0.0,2023-07-03
74,2023-07-03 10:47:00-04:00,1.1449999809265137,1.1449999809265137,1.1449999809265137,1.1449999809265137,4790,0.0,0.0,2023-07-03
75,2023-07-03 10:48:00-04:00,1.1399999856948853,1.1483999490737915,1.1399999856948853,1.1399999856948853,10525,0.0,0.0,2023-07-03
76,2023-07-03 10:49:00-04:00,1.148300051689148,1.148300051689148,1.1401000022888184,1.1401000022888184,1314,0.0,0.0,2023-07-03
77,2023-07-03 10:50:00-04:00,1.1405999660491943,1.1449999809265137,1.1399999856948853,1.1399999856948853,706,0.0,0.0,2023-07-03
78,2023-07-03 10:51:00-04:00,1.149899959564209,1.149999976158142,1.1449999809265137,1.149999976158142,1327,0.0,0.0,2023-07-03
79,2023-07-03 10:52:00-04:00,1.149999976158142,1.149999976158142,1.1399999856948853,1.1447999477386475,6535,0.0,0.0,2023-07-03
80,2023-07-03 10:53:00-04:00,1.1399999856948853,1.149999976158142,1.1399999856948853,1.149999976158142,6357,0.0,0.0,2023-07-03
81,2023-07-03 10:54:00-04:00,1.149999976158142,1.149999976158142,1.149999976158142,1.149999976158142,209,0.0,0.0,2023-07-03
82,2023-07-03 10:55:00-04:00,1.145799994468689,1.149999976158142,1.1449999809265137,1.1449999809265137,1867,0.0,0.0,2023-07-03
83,2023-07-03 10:56:00-04:00,1.1446000337600708,1.149999976158142,1.1446000337600708,1.149999976158142,473,0.0,0.0,2023-07-03
84,2023-07-03 10:57:00-04:00,1.1399999856948853,1.149999976158142,1.1399999856948853,1.1449999809265137,7759,0.0,0.0,2023-07-03
85,2023-07-03 10:58:00-04:00,1.1399999856948853,1.1449999809265137,1.1399999856948853,1.1449999809265137,1514,0.0,0.0,2023-07-03
86,2023-07-03 10:59:00-04:00,1.1399999856948853,1.1399999856948853,1.1399999856948853,1.1399999856948853,25001,0.0,0.0,2023-07-03
87,2023-07-03 11:00:00-04:00,1.1399999856948853,1.1399999856948853,1.1299999952316284,1.1299999952316284,3722,0.0,0.0,2023-07-03
88,2023-07-03 11:01:00-04:00,1.1349999904632568,1.1399999856948853,1.1349999904632568,1.1349999904632568,1337,0.0,0.0,2023-07-03
89,2023-07-03 11:02:00-04:00,1.1349999904632568,1.1399999856948853,1.1349999904632568,1.1399999856948853,4383,0.0,0.0,2023-07-03
90,2023-07-03 11:03:00-04:00,1.1349999904632568,1.1399999856948853,1.1299999952316284,1.1399999856948853,17315,0.0,0.0,2023-07-03
91,2023-07-03 11:04:00-04:00,1.1398999691009521,1.1399999856948853,1.1299999952316284,1.1390000581741333,21730,0.0,0.0,2023-07-03
92,2023-07-03 11:05:00-04:00,1.1349999904632568,1.1399999856948853,1.1301000118255615,1.1349999904632568,18724,0.0,0.0,2023-07-03
93,2023-07-03 11:06:00-04:00,1.1378999948501587,1.1399999856948853,1.1349999904632568,1.1349999904632568,3703,0.0,0.0,2023-07-03
94,2023-07-03 11:07:00-04:00,1.1349999904632568,1.1399999856948853,1.1299999952316284,1.1399999856948853,5879,0.0,0.0,2023-07-03
95,2023-07-03 11:08:00-04:00,1.1399999856948853,1.1399999856948853,1.1349999904632568,1.1349999904632568,1532,0.0,0.0,2023-07-03
96,2023-07-03 11:09:00-04:00,1.1349999904632568,1.1399999856948853,1.1299999952316284,1.1399999856948853,5861,0.0,0.0,2023-07-03
97,2023-07-03 11:10:00-04:00,1.136199951171875,1.1399999856948853,1.1349999904632568,1.1349999904632568,4563,0.0,0.0,2023-07-03
98,2023-07-03 11:11:00-04:00,1.1301000118255615,1.1399999856948853,1.1301000118255615,1.1349999904632568,2206,0.0,0.0,2023-07-03
99,2023-07-03 11:12:00-04:00,1.1299999952316284,1.1349999904632568,1.1299999952316284,1.1299999952316284,1411,0.0,0.0,2023-07-03
100,2023-07-03 11:13:00-04:00,1.1299999952316284,1.1349999904632568,1.1299999952316284,1.1349999904632568,1117,0.0,0.0,2023-07-03
101,2023-07-03 11:14:00-04:00,1.1349999904632568,1.1349999904632568,1.1349999904632568,1.1349999904632568,1268,0.0,0.0,2023-07-03
102,2023-07-03 11:15:00-04:00,1.1299999952316284,1.1360000371932983,1.1299999952316284,1.1349999904632568,4553,0.0,0.0,2023-07-03
103,2023-07-03 11:16:00-04:00,1.1299999952316284,1.138200044631958,1.1299999952316284,1.1349999904632568,8243,0.0,0.0,2023-07-03
104,2023-07-03 11:17:00-04:00,1.1349999904632568,1.1349999904632568,1.1299999952316284,1.1299999952316284,988,0.0,0.0,2023-07-03
105,2023-07-03 11:18:00-04:00,1.1299999952316284,1.1349999904632568,1.1299999952316284,1.1299999952316284,1001,0.0,0.0,2023-07-03
106,2023-07-03 11:19:00-04:00,1.1309000253677368,1.1349999904632568,1.1299999952316284,1.1299999952316284,7783,0.0,0.0,2023-07-03
107,2023-07-03 11:20:00-04:00,1.1349999904632568,1.1349999904632568,1.1299999952316284,1.1299999952316284,5842,0.0,0.0,2023-07-03
108,2023-07-03 11:21:00-04:00,1.1299999952316284,1.1349999904632568,1.1299999952316284,1.1299999952316284,3860,0.0,0.0,2023-07-03
109,2023-07-03 11:22:00-04:00,1.1349999904632568,1.1349999904632568,1.1299999952316284,1.1299999952316284,730,0.0,0.0,2023-07-03
110,2023-07-03 11:23:00-04:00,1.1299999952316284,1.1349999904632568,1.1299999952316284,1.1299999952316284,1186,0.0,0.0,2023-07-03
111,2023-07-03 11:24:00-04:00,1.1299999952316284,1.1349999904632568,1.1299999952316284,1.1299999952316284,1969,0.0,0.0,2023-07-03
112,2023-07-03 11:25:00-04:00,1.1349999904632568,1.1349999904632568,1.1299999952316284,1.1299999952316284,4540,0.0,0.0,2023-07-03
113,2023-07-03 11:26:00-04:00,1.1299999952316284,1.1349999904632568,1.1299999952316284,1.1349999904632568,719,0.0,0.0,2023-07-03
114,2023-07-03 11:27:00-04:00,1.1299999952316284,1.1299999952316284,1.1200000047683716,1.1299999952316284,92749,0.0,0.0,2023-07-03
115,2023-07-03 11:28:00-04:00,1.125,1.1349999904632568,1.122499942779541,1.1349999904632568,25464,0.0,0.0,2023-07-03
116,2023-07-03 11:29:00-04:00,1.1313999891281128,1.1349999904632568,1.1313999891281128,1.1349999904632568,1844,0.0,0.0,2023-07-03
117,2023-07-03 11:30:00-04:00,1.1299999952316284,1.1399999856948853,1.1299999952316284,1.1399999856948853,4504,0.0,0.0,2023-07-03
118,2023-07-03 11:31:00-04:00,1.1349999904632568,1.1399999856948853,1.1349999904632568,1.1399999856948853,911,0.0,0.0,2023-07-03
119,2023-07-03 11:32:00-04:00,1.13919997215271,1.1399999856948853,1.1349999904632568,1.1349999904632568,8824,0.0,0.0,2023-07-03
120,2023-07-03 11:33:00-04:00,1.1390000581741333,1.1399999856948853,1.1299999952316284,1.1349999904632568,16291,0.0,0.0,2023-07-03
121,2023-07-03 11:34:00-04:00,1.1349999904632568,1.1349999904632568,1.1299999952316284,1.1299999952316284,685,0.0,0.0,2023-07-03
122,2023-07-03 11:35:00-04:00,1.1299999952316284,1.1349999904632568,1.1299999952316284,1.1349999904632568,1370,0.0,0.0,2023-07-03
123,2023-07-03 11:36:00-04:00,1.1299999952316284,1.1349999904632568,1.1299999952316284,1.1299999952316284,1794,0.0,0.0,2023-07-03
124,2023-07-03 11:37:00-04:00,1.1349999904632568,1.1349999904632568,1.1299999952316284,1.131700038909912,106292,0.0,0.0,2023-07-03
125,2023-07-03 11:38:00-04:00,1.1349999904632568,1.1349999904632568,1.1299999952316284,1.1299999952316284,817,0.0,0.0,2023-07-03
126,2023-07-03 11:39:00-04:00,1.1349999904632568,1.1349999904632568,1.1299999952316284,1.1299999952316284,5866,0.0,0.0,2023-07-03
127,2023-07-03 11:40:00-04:00,1.1349999904632568,1.1349999904632568,1.1299999952316284,1.1299999952316284,3771,0.0,0.0,2023-07-03
128,2023-07-03 11:41:00-04:00,1.1299999952316284,1.1299999952316284,1.1299999952316284,1.1299999952316284,11240,0.0,0.0,2023-07-03
129,2023-07-03 11:42:00-04:00,1.1299999952316284,1.1390000581741333,1.1299999952316284,1.1299999952316284,44007,0.0,0.0,2023-07-03
130,2023-07-03 11:43:00-04:00,1.1349999904632568,1.1384999752044678,1.1299999952316284,1.1299999952316284,24109,0.0,0.0,2023-07-03
131,2023-07-03 11:44:00-04:00,1.1299999952316284,1.1299999952316284,1.1200000047683716,1.125,12404,0.0,0.0,2023-07-03
132,2023-07-03 11:45:00-04:00,1.1200000047683716,1.1299999952316284,1.1200000047683716,1.1200000047683716,15348,0.0,0.0,2023-07-03
133,2023-07-03 11:46:00-04:00,1.1231000423431396,1.125,1.1200000047683716,1.125,1837,0.0,0.0,2023-07-03
134,2023-07-03 11:47:00-04:00,1.1270999908447266,1.1299999952316284,1.1200000047683716,1.128999948501587,2371,0.0,0.0,2023-07-03
135,2023-07-03 11:48:00-04:00,1.125,1.1287000179290771,1.1200000047683716,1.125,4579,0.0,0.0,2023-07-03
136,2023-07-03 11:49:00-04:00,1.125,1.1282999515533447,1.1232000589370728,1.125,1750,0.0,0.0,2023-07-03
137,2023-07-03 11:50:00-04:00,1.1298999786376953,1.1298999786376953,1.1200000047683716,1.125,2993,0.0,0.0,2023-07-03
138,2023-07-03 11:51:00-04:00,1.1200000047683716,1.1299999952316284,1.1200000047683716,1.125,4469,0.0,0.0,2023-07-03
139,2023-07-03 11:52:00-04:00,1.125,1.125,1.1200000047683716,1.125,1804,0.0,0.0,2023-07-03
140,2023-07-03 11:53:00-04:00,1.1287000179290771,1.1287000179290771,1.1200000047683716,1.125,7363,0.0,0.0,2023-07-03
141,2023-07-03 11:54:00-04:00,1.1200000047683716,1.1260000467300415,1.1200000047683716,1.1200000047683716,4542,0.0,0.0,2023-07-03
142,2023-07-03 11:55:00-04:00,1.125,1.125,1.1200000047683716,1.125,702,0.0,0.0,2023-07-03
143,2023-07-03 11:56:00-04:00,1.125,1.125,1.1200000047683716,1.125,6737,0.0,0.0,2023-07-03
144,2023-07-03 11:57:00-04:00,1.1241999864578247,1.125,1.1200000047683716,1.1200000047683716,1339,0.0,0.0,2023-07-03
145,2023-07-03 11:58:00-04:00,1.1200000047683716,1.1259000301361084,1.1200000047683716,1.1259000301361084,4385,0.0,0.0,2023-07-03
146,2023-07-03 11:59:00-04:00,1.1200000047683716,1.125,1.1200000047683716,1.125,14731,0.0,0.0,2023-07-03
147,2023-07-03 12:00:00-04:00,1.1200000047683716,1.1299999952316284,1.1200000047683716,1.125,9719,0.0,0.0,2023-07-03
148,2023-07-03 12:01:00-04:00,1.1200000047683716,1.129699945449829,1.1200000047683716,1.1200000047683716,6713,0.0,0.0,2023-07-03
149,2023-07-03 12:02:00-04:00,1.1267000436782837,1.1291999816894531,1.1200000047683716,1.125,9646,0.0,0.0,2023-07-03
150,2023-07-03 12:03:00-04:00,1.125,1.125,1.1200000047683716,1.1200000047683716,8093,0.0,0.0,2023-07-03
151,2023-07-03 12:04:00-04:00,1.1200000047683716,1.125,1.1200000047683716,1.1200000047683716,601,0.0,0.0,2023-07-03
152,2023-07-03 12:05:00-04:00,1.1200000047683716,1.125,1.1200000047683716,1.1200000047683716,1713,0.0,0.0,2023-07-03
153,2023-07-03 12:06:00-04:00,1.1299999952316284,1.1299999952316284,1.1200000047683716,1.125,2176,0.0,0.0,2023-07-03
154,2023-07-03 12:07:00-04:00,1.1200000047683716,1.125,1.1200000047683716,1.1200000047683716,1656,0.0,0.0,2023-07-03
155,2023-07-03 12:08:00-04:00,1.128499984741211,1.128499984741211,1.1200000047683716,1.128499984741211,5637,0.0,0.0,2023-07-03
156,2023-07-03 12:09:00-04:00,1.128499984741211,1.128499984741211,1.1200000047683716,1.125,5063,0.0,0.0,2023-07-03
157,2023-07-03 12:10:00-04:00,1.125,1.1299999952316284,1.1200000047683716,1.1200000047683716,5589,0.0,0.0,2023-07-03
158,2023-07-03 12:11:00-04:00,1.125,1.125,1.1200000047683716,1.1200000047683716,1348,0.0,0.0,2023-07-03
159,2023-07-03 12:12:00-04:00,1.125,1.1299999952316284,1.1200000047683716,1.1299999952316284,77253,0.0,0.0,2023-07-03
160,2023-07-03 12:13:00-04:00,1.1299999952316284,1.1299999952316284,1.125,1.125,7479,0.0,0.0,2023-07-03
161,2023-07-03 12:14:00-04:00,1.125,1.1299999952316284,1.125,1.1299999952316284,57139,0.0,0.0,2023-07-03
162,2023-07-03 12:15:00-04:00,1.125,1.1299999952316284,1.125,1.1299999952316284,60437,0.0,0.0,2023-07-03
163,2023-07-03 12:16:00-04:00,1.1200000047683716,1.1299999952316284,1.1200000047683716,1.1201000213623047,7973,0.0,0.0,2023-07-03
164,2023-07-03 12:17:00-04:00,1.125,1.1299999952316284,1.1200000047683716,1.125,4372,0.0,0.0,2023-07-03
165,2023-07-03 12:18:00-04:00,1.1299999952316284,1.1299999952316284,1.125,1.1299999952316284,1162,0.0,0.0,2023-07-03
166,2023-07-03 12:19:00-04:00,1.1299999952316284,1.1299999952316284,1.1200000047683716,1.1200000047683716,975,0.0,0.0,2023-07-03
167,2023-07-03 12:20:00-04:00,1.125,1.1349999904632568,1.125,1.1349999904632568,85002,0.0,0.0,2023-07-03
168,2023-07-03 12:21:00-04:00,1.1349999904632568,1.1399999856948853,1.1299999952316284,1.1378999948501587,67121,0.0,0.0,2023-07-03
169,2023-07-03 12:22:00-04:00,1.1349999904632568,1.1399999856948853,1.1349999904632568,1.1349999904632568,107314,0.0,0.0,2023-07-03
170,2023-07-03 12:23:00-04:00,1.1327999830245972,1.1399999856948853,1.1323000192642212,1.1323000192642212,7220,0.0,0.0,2023-07-03
171,2023-07-03 12:24:00-04:00,1.1299999952316284,1.1399999856948853,1.1299999952316284,1.1301000118255615,1569,0.0,0.0,2023-07-03
172,2023-07-03 12:25:00-04:00,1.1299999952316284,1.1299999952316284,1.1299999952316284,1.1299999952316284,601,0.0,0.0,2023-07-03
173,2023-07-03 12:26:00-04:00,1.1349999904632568,1.1399999856948853,1.1349999904632568,1.1399999856948853,3569,0.0,0.0,2023-07-03
174,2023-07-03 12:27:00-04:00,1.1349999904632568,1.1349999904632568,1.1349999904632568,1.1349999904632568,643,0.0,0.0,2023-07-03
175,2023-07-03 12:28:00-04:00,1.1399999856948853,1.1399999856948853,1.1349999904632568,1.1399999856948853,1301,0.0,0.0,2023-07-03
176,2023-07-03 12:29:00-04:00,1.1349999904632568,1.1349999904632568,1.1299999952316284,1.1349999904632568,479,0.0,0.0,2023-07-03
177,2023-07-03 12:30:00-04:00,1.1399999856948853,1.1399999856948853,1.1299999952316284,1.1399999856948853,1810,0.0,0.0,2023-07-03
178,2023-07-03 12:31:00-04:00,1.1349999904632568,1.1399999856948853,1.1349999904632568,1.1349999904632568,679,0.0,0.0,2023-07-03
179,2023-07-03 12:32:00-04:00,1.1349999904632568,1.1399999856948853,1.1349999904632568,1.1399999856948853,3813,0.0,0.0,2023-07-03
180,2023-07-03 12:33:00-04:00,1.1399999856948853,1.1399999856948853,1.1349999904632568,1.1399999856948853,1205,0.0,0.0,2023-07-03
181,2023-07-03 12:34:00-04:00,1.1398999691009521,1.1399999856948853,1.1349999904632568,1.1399999856948853,1443,0.0,0.0,2023-07-03
182,2023-07-03 12:35:00-04:00,1.1383999586105347,1.1383999586105347,1.1383999586105347,1.1383999586105347,171,0.0,0.0,2023-07-03
183,2023-07-03 12:36:00-04:00,1.1399999856948853,1.149999976158142,1.1399999856948853,1.149999976158142,22834,0.0,0.0,2023-07-03
184,2023-07-03 12:37:00-04:00,1.1449999809265137,1.149999976158142,1.1449999809265137,1.1449999809265137,4540,0.0,0.0,2023-07-03
185,2023-07-03 12:38:00-04:00,1.1449999809265137,1.149999976158142,1.1399999856948853,1.1399999856948853,6404,0.0,0.0,2023-07-03
186,2023-07-03 12:39:00-04:00,1.149999976158142,1.149999976158142,1.1449999809265137,1.149999976158142,2277,0.0,0.0,2023-07-03
187,2023-07-03 12:40:00-04:00,1.149999976158142,1.149999976158142,1.1486999988555908,1.149999976158142,13303,0.0,0.0,2023-07-03
188,2023-07-03 12:41:00-04:00,1.149999976158142,1.149999976158142,1.1448999643325806,1.149999976158142,11052,0.0,0.0,2023-07-03
189,2023-07-03 12:42:00-04:00,1.149999976158142,1.149999976158142,1.1449999809265137,1.1449999809265137,2811,0.0,0.0,2023-07-03
190,2023-07-03 12:43:00-04:00,1.149999976158142,1.1549999713897705,1.145900011062622,1.152500033378601,206866,0.0,0.0,2023-07-03
191,2023-07-03 12:44:00-04:00,1.149999976158142,1.149999976158142,1.1401000022888184,1.1401000022888184,175465,0.0,0.0,2023-07-03
192,2023-07-03 12:45:00-04:00,1.1404999494552612,1.1470999717712402,1.1399999856948853,1.1399999856948853,11180,0.0,0.0,2023-07-03
193,2023-07-05 09:30:00-04:00,1.159999966621399,1.1699999570846558,1.149999976158142,1.1500999927520752,22891,0.0,0.0,2023-07-05
194,2023-07-05 09:31:00-04:00,1.149999976158142,1.159999966621399,1.1399999856948853,1.1480000019073486,91474,0.0,0.0,2023-07-05
195,2023-07-05 09:32:00-04:00,1.1430000066757202,1.149899959564209,1.1430000066757202,1.149899959564209,13695,0.0,0.0,2023-07-05
196,2023-07-05 09:33:00-04:00,1.1449999809265137,1.149999976158142,1.1399999856948853,1.1449999809265137,8456,0.0,0.0,2023-07-05
197,2023-07-05 09:34:00-04:00,1.1484999656677246,1.149999976158142,1.1399999856948853,1.1449999809265137,7707,0.0,0.0,2023-07-05
198,2023-07-05 09:35:00-04:00,1.1399999856948853,1.1455999612808228,1.1399999856948853,1.1399999856948853,10361,0.0,0.0,2023-07-05
199,2023-07-05 09:36:00-04:00,1.1449999809265137,1.1449999809265137,1.1299999952316284,1.1399999856948853,16196,0.0,0.0,2023-07-05
200,2023-07-05 09:37:00-04:00,1.1349999904632568,1.1497999429702759,1.1299999952316284,1.1497999429702759,32188,0.0,0.0,2023-07-05
201,2023-07-05 09:38:00-04:00,1.1496000289916992,1.1549999713897705,1.1414999961853027,1.1549999713897705,17366,0.0,0.0,2023-07-05
202,2023-07-05 09:39:00-04:00,1.1549999713897705,1.1593999862670898,1.149999976158142,1.1549999713897705,17842,0.0,0.0,2023-07-05
203,2023-07-05 09:40:00-04:00,1.1549999713897705,1.1549999713897705,1.149999976158142,1.149999976158142,963,0.0,0.0,2023-07-05
204,2023-07-05 09:41:00-04:00,1.159999966621399,1.159999966621399,1.149999976158142,1.1597000360488892,11828,0.0,0.0,2023-07-05
205,2023-07-05 09:42:00-04:00,1.1549999713897705,1.1598999500274658,1.1414999961853027,1.1449999809265137,14857,0.0,0.0,2023-07-05
206,2023-07-05 09:43:00-04:00,1.1419999599456787,1.1449999809265137,1.1399999856948853,1.1399999856948853,7754,0.0,0.0,2023-07-05
207,2023-07-05 09:44:00-04:00,1.1410000324249268,1.1410000324249268,1.1299999952316284,1.1349999904632568,26119,0.0,0.0,2023-07-05
208,2023-07-05 09:45:00-04:00,1.1349999904632568,1.1349999904632568,1.1299999952316284,1.1299999952316284,7835,0.0,0.0,2023-07-05
209,2023-07-05 09:46:00-04:00,1.1399999856948853,1.1399999856948853,1.1299999952316284,1.1319999694824219,4275,0.0,0.0,2023-07-05
210,2023-07-05 09:47:00-04:00,1.1399999856948853,1.1399999856948853,1.1299999952316284,1.1319999694824219,13364,0.0,0.0,2023-07-05
211,2023-07-05 09:48:00-04:00,1.1399999856948853,1.1399999856948853,1.1299999952316284,1.1399999856948853,26128,0.0,0.0,2023-07-05
212,2023-07-05 09:49:00-04:00,1.1299999952316284,1.1399999856948853,1.1299999952316284,1.1299999952316284,3482,0.0,0.0,2023-07-05
213,2023-07-05 09:50:00-04:00,1.1399999856948853,1.1399999856948853,1.1299999952316284,1.1299999952316284,3951,0.0,0.0,2023-07-05
214,2023-07-05 09:51:00-04:00,1.1349999904632568,1.13919997215271,1.1299999952316284,1.1299999952316284,6802,0.0,0.0,2023-07-05
215,2023-07-05 09:52:00-04:00,1.131500005722046,1.1399999856948853,1.1299999952316284,1.1395000219345093,12005,0.0,0.0,2023-07-05
216,2023-07-05 09:53:00-04:00,1.1299999952316284,1.1299999952316284,1.1200000047683716,1.125,50849,0.0,0.0,2023-07-05
217,2023-07-05 09:54:00-04:00,1.1299999952316284,1.1299999952316284,1.1200000047683716,1.1220999956130981,96413,0.0,0.0,2023-07-05
218,2023-07-05 09:55:00-04:00,1.1299999952316284,1.1299999952316284,1.1216000318527222,1.1299999952316284,25407,0.0,0.0,2023-07-05
219,2023-07-05 09:56:00-04:00,1.1289000511169434,1.1299999952316284,1.1289000511169434,1.1299999952316284,1957,0.0,0.0,2023-07-05
220,2023-07-05 09:57:00-04:00,1.125,1.1299999952316284,1.1200000047683716,1.125,3484,0.0,0.0,2023-07-05
221,2023-07-05 09:58:00-04:00,1.1299999952316284,1.1299999952316284,1.1200000047683716,1.1299999952316284,23795,0.0,0.0,2023-07-05
222,2023-07-05 09:59:00-04:00,1.1299999952316284,1.1299999952316284,1.125,1.125,15416,0.0,0.0,2023-07-05
223,2023-07-05 10:00:00-04:00,1.1299999952316284,1.1299999952316284,1.125,1.1299999952316284,5612,0.0,0.0,2023-07-05
224,2023-07-05 10:01:00-04:00,1.1298999786376953,1.1299999952316284,1.1233999729156494,1.1233999729156494,6930,0.0,0.0,2023-07-05
225,2023-07-05 10:02:00-04:00,1.125,1.1299999952316284,1.1200000047683716,1.1299999952316284,5174,0.0,0.0,2023-07-05
226,2023-07-05 10:03:00-04:00,1.125,1.1299999952316284,1.125,1.125,15381,0.0,0.0,2023-07-05
227,2023-07-05 10:04:00-04:00,1.125,1.1299999952316284,1.122499942779541,1.125,5360,0.0,0.0,2023-07-05
228,2023-07-05 10:05:00-04:00,1.125,1.1299999952316284,1.1200000047683716,1.1299999952316284,5393,0.0,0.0,2023-07-05
229,2023-07-05 10:06:00-04:00,1.125,1.1299999952316284,1.1200000047683716,1.125,2652,0.0,0.0,2023-07-05
230,2023-07-05 10:07:00-04:00,1.128499984741211,1.1299999952316284,1.125,1.125,3870,0.0,0.0,2023-07-05
231,2023-07-05 10:08:00-04:00,1.1200000047683716,1.1299999952316284,1.1200000047683716,1.1299999952316284,14546,0.0,0.0,2023-07-05
232,2023-07-05 10:09:00-04:00,1.1292999982833862,1.1299999952316284,1.1200000047683716,1.1200000047683716,3563,0.0,0.0,2023-07-05
233,2023-07-05 10:10:00-04:00,1.125,1.1299999952316284,1.1200000047683716,1.1299999952316284,21300,0.0,0.0,2023-07-05
234,2023-07-05 10:11:00-04:00,1.1299999952316284,1.1299999952316284,1.1200000047683716,1.1298999786376953,7791,0.0,0.0,2023-07-05
235,2023-07-05 10:12:00-04:00,1.1299999952316284,1.1375000476837158,1.125,1.1375000476837158,41932,0.0,0.0,2023-07-05
236,2023-07-05 10:13:00-04:00,1.1299999952316284,1.1384999752044678,1.1299999952316284,1.1349999904632568,3454,0.0,0.0,2023-07-05
237,2023-07-05 10:14:00-04:00,1.1299999952316284,1.1349999904632568,1.1200000047683716,1.125,53694,0.0,0.0,2023-07-05
238,2023-07-05 10:15:00-04:00,1.125,1.1298999786376953,1.1217000484466553,1.1298999786376953,2499,0.0,0.0,2023-07-05
239,2023-07-05 10:16:00-04:00,1.125,1.1299999952316284,1.1200000047683716,1.125,19621,0.0,0.0,2023-07-05
240,2023-07-05 10:17:00-04:00,1.125,1.125,1.1200000047683716,1.125,10634,0.0,0.0,2023-07-05
241,2023-07-05 10:18:00-04:00,1.125,1.1299999952316284,1.1200000047683716,1.1200000047683716,21456,0.0,0.0,2023-07-05
242,2023-07-05 10:19:00-04:00,1.125,1.1299999952316284,1.1200000047683716,1.1299999952316284,23024,0.0,0.0,2023-07-05
243,2023-07-05 10:20:00-04:00,1.1299999952316284,1.1299999952316284,1.1200000047683716,1.1200000047683716,5919,0.0,0.0,2023-07-05
244,2023-07-05 10:21:00-04:00,1.1298999786376953,1.1299999952316284,1.1200000047683716,1.1200000047683716,16787,0.0,0.0,2023-07-05
245,2023-07-05 10:22:00-04:00,1.128499984741211,1.1299999952316284,1.1200000047683716,1.1200000047683716,4124,0.0,0.0,2023-07-05
246,2023-07-05 10:23:00-04:00,1.1299999952316284,1.1299999952316284,1.1200000047683716,1.1299999952316284,15243,0.0,0.0,2023-07-05
247,2023-07-05 10:24:00-04:00,1.125,1.125,1.1100000143051147,1.1100000143051147,186093,0.0,0.0,2023-07-05
248,2023-07-05 10:25:00-04:00,1.1100000143051147,1.1180000305175781,1.1100000143051147,1.1151000261306763,13252,0.0,0.0,2023-07-05
249,2023-07-05 10:26:00-04:00,1.1150000095367432,1.1150000095367432,1.1100000143051147,1.1150000095367432,14128,0.0,0.0,2023-07-05
250,2023-07-05 10:27:00-04:00,1.1150000095367432,1.1200000047683716,1.1100000143051147,1.1100000143051147,16012,0.0,0.0,2023-07-05
251,2023-07-05 10:28:00-04:00,1.1100000143051147,1.1200000047683716,1.1100000143051147,1.1100000143051147,65161,0.0,0.0,2023-07-05
252,2023-07-05 10:29:00-04:00,1.1100000143051147,1.1200000047683716,1.1100000143051147,1.1100000143051147,11983,0.0,0.0,2023-07-05
253,2023-07-05 10:30:00-04:00,1.1100000143051147,1.1200000047683716,1.1100000143051147,1.1119999885559082,17534,0.0,0.0,2023-07-05
254,2023-07-05 10:31:00-04:00,1.1100000143051147,1.1190999746322632,1.1100000143051147,1.1100000143051147,16553,0.0,0.0,2023-07-05
255,2023-07-05 10:32:00-04:00,1.1100000143051147,1.1100000143051147,1.1100000143051147,1.1100000143051147,12499,0.0,0.0,2023-07-05
256,2023-07-05 10:33:00-04:00,1.1100000143051147,1.1200000047683716,1.1100000143051147,1.1100000143051147,11828,0.0,0.0,2023-07-05
257,2023-07-05 10:34:00-04:00,1.1100000143051147,1.1198999881744385,1.1100000143051147,1.1100000143051147,76935,0.0,0.0,2023-07-05
258,2023-07-05 10:35:00-04:00,1.1100000143051147,1.1100000143051147,1.101699948310852,1.1050000190734863,30756,0.0,0.0,2023-07-05
259,2023-07-05 10:36:00-04:00,1.100000023841858,1.1100000143051147,1.100000023841858,1.100000023841858,15788,0.0,0.0,2023-07-05
260,2023-07-05 10:37:00-04:00,1.100000023841858,1.1098999977111816,1.100000023841858,1.1085000038146973,26582,0.0,0.0,2023-07-05
261,2023-07-05 10:38:00-04:00,1.100000023841858,1.1100000143051147,1.100000023841858,1.1050000190734863,25666,0.0,0.0,2023-07-05
262,2023-07-05 10:39:00-04:00,1.1050000190734863,1.1100000143051147,1.100000023841858,1.1050000190734863,36346,0.0,0.0,2023-07-05
263,2023-07-05 10:40:00-04:00,1.1100000143051147,1.1198999881744385,1.1100000143051147,1.1150000095367432,40243,0.0,0.0,2023-07-05
264,2023-07-05 10:41:00-04:00,1.1122000217437744,1.1150000095367432,1.1101000308990479,1.1150000095367432,2784,0.0,0.0,2023-07-05
265,2023-07-05 10:42:00-04:00,1.1150000095367432,1.1150000095367432,1.1150000095367432,1.1150000095367432,259,0.0,0.0,2023-07-05
266,2023-07-05 10:43:00-04:00,1.1100000143051147,1.1200000047683716,1.1100000143051147,1.1124000549316406,3263,0.0,0.0,2023-07-05
267,2023-07-05 10:44:00-04:00,1.1150000095367432,1.1200000047683716,1.1100000143051147,1.1150000095367432,4224,0.0,0.0,2023-07-05
268,2023-07-05 10:45:00-04:00,1.1150000095367432,1.1200000047683716,1.1100000143051147,1.1100000143051147,11752,0.0,0.0,2023-07-05
269,2023-07-05 10:46:00-04:00,1.1100000143051147,1.1200000047683716,1.100000023841858,1.1068999767303467,49208,0.0,0.0,2023-07-05
270,2023-07-05 10:47:00-04:00,1.100000023841858,1.1100000143051147,1.100000023841858,1.1050000190734863,28387,0.0,0.0,2023-07-05
271,2023-07-05 10:48:00-04:00,1.100000023841858,1.1093000173568726,1.100000023841858,1.100000023841858,7873,0.0,0.0,2023-07-05
272,2023-07-05 10:49:00-04:00,1.100000023841858,1.1100000143051147,1.100000023841858,1.100000023841858,5908,0.0,0.0,2023-07-05
273,2023-07-05 10:50:00-04:00,1.100000023841858,1.1100000143051147,1.100000023841858,1.100000023841858,23766,0.0,0.0,2023-07-05
274,2023-07-05 10:51:00-04:00,1.1050000190734863,1.1100000143051147,1.100000023841858,1.100000023841858,6406,0.0,0.0,2023-07-05
275,2023-07-05 10:52:00-04:00,1.100000023841858,1.1100000143051147,1.100000023841858,1.1050000190734863,22874,0.0,0.0,2023-07-05
276,2023-07-05 10:53:00-04:00,1.1050000190734863,1.1100000143051147,1.100000023841858,1.1100000143051147,3251,0.0,0.0,2023-07-05
277,2023-07-05 10:54:00-04:00,1.1050000190734863,1.1200000047683716,1.1050000190734863,1.1100000143051147,58339,0.0,0.0,2023-07-05
278,2023-07-05 10:55:00-04:00,1.1200000047683716,1.1200000047683716,1.1100000143051147,1.1200000047683716,5471,0.0,0.0,2023-07-05
279,2023-07-05 10:56:00-04:00,1.1198999881744385,1.1200000047683716,1.1150000095367432,1.1200000047683716,3137,0.0,0.0,2023-07-05
280,2023-07-05 10:57:00-04:00,1.1200000047683716,1.1200000047683716,1.1145000457763672,1.1200000047683716,5684,0.0,0.0,2023-07-05
281,2023-07-05 10:58:00-04:00,1.1145000457763672,1.1200000047683716,1.1145000457763672,1.1200000047683716,1922,0.0,0.0,2023-07-05
282,2023-07-05 10:59:00-04:00,1.1150000095367432,1.1200000047683716,1.1117000579833984,1.1198999881744385,18336,0.0,0.0,2023-07-05
283,2023-07-05 11:00:00-04:00,1.1200000047683716,1.1200000047683716,1.1100000143051147,1.1198999881744385,9696,0.0,0.0,2023-07-05
284,2023-07-05 11:01:00-04:00,1.1200000047683716,1.1200000047683716,1.1117000579833984,1.1200000047683716,2796,0.0,0.0,2023-07-05
285,2023-07-05 11:02:00-04:00,1.1200000047683716,1.1200000047683716,1.1124999523162842,1.1150000095367432,3920,0.0,0.0,2023-07-05
286,2023-07-05 11:03:00-04:00,1.1150000095367432,1.1200000047683716,1.1150000095367432,1.1200000047683716,1748,0.0,0.0,2023-07-05
287,2023-07-05 11:04:00-04:00,1.1150000095367432,1.1200000047683716,1.1100000143051147,1.1150000095367432,2994,0.0,0.0,2023-07-05
288,2023-07-05 11:05:00-04:00,1.1100000143051147,1.1200000047683716,1.1100000143051147,1.1198999881744385,12810,0.0,0.0,2023-07-05
289,2023-07-05 11:07:00-04:00,1.1100000143051147,1.1200000047683716,1.1100000143051147,1.1150000095367432,13791,0.0,0.0,2023-07-05
290,2023-07-05 11:08:00-04:00,1.1200000047683716,1.1200000047683716,1.1100000143051147,1.1200000047683716,9039,0.0,0.0,2023-07-05
291,2023-07-05 11:09:00-04:00,1.1200000047683716,1.1200000047683716,1.1100000143051147,1.1200000047683716,19788,0.0,0.0,2023-07-05
292,2023-07-05 11:10:00-04:00,1.1133999824523926,1.1200000047683716,1.1100000143051147,1.1100000143051147,23031,0.0,0.0,2023-07-05
293,2023-07-05 11:11:00-04:00,1.1150000095367432,1.1200000047683716,1.1100000143051147,1.1200000047683716,3538,0.0,0.0,2023-07-05
294,2023-07-05 11:12:00-04:00,1.1100000143051147,1.1200000047683716,1.1100000143051147,1.118499994277954,3414,0.0,0.0,2023-07-05
295,2023-07-05 11:13:00-04:00,1.1200000047683716,1.1200000047683716,1.1200000047683716,1.1200000047683716,13340,0.0,0.0,2023-07-05
296,2023-07-05 11:14:00-04:00,1.1100000143051147,1.1200000047683716,1.1100000143051147,1.1200000047683716,2710,0.0,0.0,2023-07-05
297,2023-07-05 11:15:00-04:00,1.1200000047683716,1.1200000047683716,1.1150000095367432,1.1200000047683716,1742,0.0,0.0,2023-07-05
298,2023-07-05 11:16:00-04:00,1.1100000143051147,1.1200000047683716,1.1100000143051147,1.1150000095367432,5107,0.0,0.0,2023-07-05
299,2023-07-05 11:17:00-04:00,1.1100000143051147,1.1200000047683716,1.1100000143051147,1.1200000047683716,2685,0.0,0.0,2023-07-05
300,2023-07-05 11:18:00-04:00,1.1200000047683716,1.1200000047683716,1.1100000143051147,1.1200000047683716,1876,0.0,0.0,2023-07-05
301,2023-07-05 11:19:00-04:00,1.1200000047683716,1.1200000047683716,1.1150000095367432,1.1200000047683716,1900,0.0,0.0,2023-07-05
302,2023-07-05 11:20:00-04:00,1.1150000095367432,1.1200000047683716,1.1101000308990479,1.1200000047683716,35167,0.0,0.0,2023-07-05
303,2023-07-05 11:21:00-04:00,1.1150000095367432,1.1200000047683716,1.1150000095367432,1.1200000047683716,1622,0.0,0.0,2023-07-05
304,2023-07-05 11:22:00-04:00,1.1200000047683716,1.1200000047683716,1.1150000095367432,1.1200000047683716,5513,0.0,0.0,2023-07-05
305,2023-07-05 11:23:00-04:00,1.1200000047683716,1.1200000047683716,1.1100000143051147,1.1150000095367432,3745,0.0,0.0,2023-07-05
306,2023-07-05 11:24:00-04:00,1.1198999881744385,1.1200000047683716,1.1150000095367432,1.1197999715805054,4347,0.0,0.0,2023-07-05
307,2023-07-05 11:25:00-04:00,1.1200000047683716,1.1200000047683716,1.1150000095367432,1.1200000047683716,2551,0.0,0.0,2023-07-05
308,2023-07-05 11:26:00-04:00,1.1200000047683716,1.1299999952316284,1.1150000095367432,1.127500057220459,85300,0.0,0.0,2023-07-05
309,2023-07-05 11:27:00-04:00,1.1299999952316284,1.1299999952316284,1.121000051498413,1.1299999952316284,2619,0.0,0.0,2023-07-05
310,2023-07-05 11:28:00-04:00,1.1299999952316284,1.1299999952316284,1.128499984741211,1.128499984741211,947,0.0,0.0,2023-07-05
311,2023-07-05 11:29:00-04:00,1.1299999952316284,1.1299999952316284,1.1200000047683716,1.1299999952316284,3448,0.0,0.0,2023-07-05
312,2023-07-05 11:30:00-04:00,1.1200000047683716,1.1299999952316284,1.1200000047683716,1.125,32189,0.0,0.0,2023-07-05
313,2023-07-05 11:31:00-04:00,1.1200000047683716,1.1299999952316284,1.1200000047683716,1.1299999952316284,21913,0.0,0.0,2023-07-05
314,2023-07-05 11:32:00-04:00,1.125,1.1299999952316284,1.1200000047683716,1.1299999952316284,16579,0.0,0.0,2023-07-05
315,2023-07-05 11:33:00-04:00,1.121999979019165,1.1299999952316284,1.1200000047683716,1.1299999952316284,12119,0.0,0.0,2023-07-05
316,2023-07-05 11:34:00-04:00,1.1200000047683716,1.1299999952316284,1.1200000047683716,1.120300054550171,8974,0.0,0.0,2023-07-05
317,2023-07-05 11:35:00-04:00,1.1200000047683716,1.1200000047683716,1.1101000308990479,1.1150000095367432,34593,0.0,0.0,2023-07-05
318,2023-07-05 11:36:00-04:00,1.1150000095367432,1.1200000047683716,1.1100000143051147,1.1145999431610107,26981,0.0,0.0,2023-07-05
319,2023-07-05 11:37:00-04:00,1.1196000576019287,1.1200000047683716,1.1100000143051147,1.1150000095367432,32282,0.0,0.0,2023-07-05
320,2023-07-05 11:38:00-04:00,1.118499994277954,1.1196000576019287,1.1100000143051147,1.11899995803833,2538,0.0,0.0,2023-07-05
321,2023-07-05 11:39:00-04:00,1.118299961090088,1.1200000047683716,1.1100000143051147,1.1191999912261963,4455,0.0,0.0,2023-07-05
322,2023-07-05 11:40:00-04:00,1.1150000095367432,1.1200000047683716,1.1124999523162842,1.1150000095367432,74070,0.0,0.0,2023-07-05
323,2023-07-05 11:41:00-04:00,1.1124999523162842,1.1200000047683716,1.1100000143051147,1.1100000143051147,15659,0.0,0.0,2023-07-05
324,2023-07-05 11:42:00-04:00,1.1200000047683716,1.1200000047683716,1.1100000143051147,1.117300033569336,8537,0.0,0.0,2023-07-05
325,2023-07-05 11:43:00-04:00,1.1200000047683716,1.125,1.1100000143051147,1.1200000047683716,97460,0.0,0.0,2023-07-05
326,2023-07-05 11:44:00-04:00,1.1217999458312988,1.125,1.1200000047683716,1.125,13536,0.0,0.0,2023-07-05
327,2023-07-05 11:45:00-04:00,1.125,1.125,1.125,1.125,5073,0.0,0.0,2023-07-05
328,2023-07-05 11:46:00-04:00,1.125,1.125,1.1200000047683716,1.1208000183105469,13899,0.0,0.0,2023-07-05
329,2023-07-05 11:47:00-04:00,1.125,1.125,1.1200000047683716,1.1200000047683716,9071,0.0,0.0,2023-07-05
330,2023-07-05 11:48:00-04:00,1.1205999851226807,1.1205999851226807,1.1100000143051147,1.1100000143051147,35270,0.0,0.0,2023-07-05
331,2023-07-05 11:49:00-04:00,1.118499994277954,1.118499994277954,1.1150000095367432,1.1150000095367432,1776,0.0,0.0,2023-07-05
332,2023-07-05 11:50:00-04:00,1.1100000143051147,1.1198999881744385,1.1100000143051147,1.1198999881744385,5365,0.0,0.0,2023-07-05
333,2023-07-05 11:51:00-04:00,1.1150000095367432,1.1150000095367432,1.1150000095367432,1.1150000095367432,1497,0.0,0.0,2023-07-05
334,2023-07-05 11:52:00-04:00,1.1150000095367432,1.1200000047683716,1.1100000143051147,1.1150000095367432,4925,0.0,0.0,2023-07-05
335,2023-07-05 11:53:00-04:00,1.118499994277954,1.118499994277954,1.1100000143051147,1.1150000095367432,2806,0.0,0.0,2023-07-05
336,2023-07-05 11:54:00-04:00,1.1100000143051147,1.1150000095367432,1.1100000143051147,1.1150000095367432,2671,0.0,0.0,2023-07-05
337,2023-07-05 11:55:00-04:00,1.1100000143051147,1.1150000095367432,1.1100000143051147,1.1100000143051147,1956,0.0,0.0,2023-07-05
338,2023-07-05 11:56:00-04:00,1.1100000143051147,1.1150000095367432,1.1100000143051147,1.1100000143051147,2491,0.0,0.0,2023-07-05
339,2023-07-05 11:57:00-04:00,1.1100000143051147,1.1200000047683716,1.1100000143051147,1.1100000143051147,8564,0.0,0.0,2023-07-05
340,2023-07-05 11:58:00-04:00,1.118499994277954,1.1200000047683716,1.1100000143051147,1.118499994277954,6452,0.0,0.0,2023-07-05
341,2023-07-05 11:59:00-04:00,1.1198999881744385,1.1200000047683716,1.1100000143051147,1.1200000047683716,18745,0.0,0.0,2023-07-05
342,2023-07-05 12:00:00-04:00,1.1150000095367432,1.1200000047683716,1.1100000143051147,1.1150000095367432,10432,0.0,0.0,2023-07-05
343,2023-07-05 12:01:00-04:00,1.1200000047683716,1.1200000047683716,1.1100000143051147,1.1150000095367432,4918,0.0,0.0,2023-07-05
344,2023-07-05 12:02:00-04:00,1.1100000143051147,1.1200000047683716,1.1100000143051147,1.1200000047683716,14451,0.0,0.0,2023-07-05
345,2023-07-05 12:03:00-04:00,1.1100000143051147,1.1200000047683716,1.1100000143051147,1.1200000047683716,5951,0.0,0.0,2023-07-05
346,2023-07-05 12:04:00-04:00,1.118499994277954,1.125,1.1100000143051147,1.125,92962,0.0,0.0,2023-07-05
347,2023-07-05 12:05:00-04:00,1.128499984741211,1.1299999952316284,1.1230000257492065,1.1299999952316284,6022,0.0,0.0,2023-07-05
348,2023-07-05 12:06:00-04:00,1.128499984741211,1.1299999952316284,1.1200000047683716,1.128499984741211,11681,0.0,0.0,2023-07-05
349,2023-07-05 12:07:00-04:00,1.128499984741211,1.1299999952316284,1.1217000484466553,1.1217000484466553,11806,0.0,0.0,2023-07-05
350,2023-07-05 12:08:00-04:00,1.128499984741211,1.1299999952316284,1.1201000213623047,1.128499984741211,4725,0.0,0.0,2023-07-05
351,2023-07-05 12:09:00-04:00,1.1299999952316284,1.1299999952316284,1.1200000047683716,1.128499984741211,10767,0.0,0.0,2023-07-05
352,2023-07-05 12:10:00-04:00,1.128499984741211,1.1299999952316284,1.1200000047683716,1.1299999952316284,6282,0.0,0.0,2023-07-05
353,2023-07-05 12:11:00-04:00,1.125,1.1299999952316284,1.1200000047683716,1.128499984741211,31477,0.0,0.0,2023-07-05
354,2023-07-05 12:12:00-04:00,1.1200000047683716,1.1299999952316284,1.1200000047683716,1.128499984741211,8134,0.0,0.0,2023-07-05
355,2023-07-05 12:13:00-04:00,1.125,1.1299999952316284,1.1224000453948975,1.127500057220459,1257,0.0,0.0,2023-07-05
356,2023-07-05 12:14:00-04:00,1.128499984741211,1.1299999952316284,1.125,1.1268999576568604,2509,0.0,0.0,2023-07-05
357,2023-07-05 12:15:00-04:00,1.1299999952316284,1.1299999952316284,1.1229000091552734,1.1296000480651855,2768,0.0,0.0,2023-07-05
358,2023-07-05 12:16:00-04:00,1.1299999952316284,1.1299999952316284,1.1211999654769897,1.1299999952316284,3100,0.0,0.0,2023-07-05
359,2023-07-05 12:17:00-04:00,1.1299999952316284,1.1299999952316284,1.1200000047683716,1.1299999952316284,2719,0.0,0.0,2023-07-05
360,2023-07-05 12:18:00-04:00,1.1299999952316284,1.1299999952316284,1.1200000047683716,1.1299999952316284,12896,0.0,0.0,2023-07-05
361,2023-07-05 12:19:00-04:00,1.1299999952316284,1.1299999952316284,1.1200000047683716,1.1298999786376953,18404,0.0,0.0,2023-07-05
362,2023-07-05 12:20:00-04:00,1.1200000047683716,1.1299999952316284,1.1200000047683716,1.1299999952316284,2560,0.0,0.0,2023-07-05
363,2023-07-05 12:21:00-04:00,1.1299999952316284,1.1299999952316284,1.1200000047683716,1.1299999952316284,2000,0.0,0.0,2023-07-05
364,2023-07-05 12:22:00-04:00,1.125,1.1299999952316284,1.1200000047683716,1.125,8518,0.0,0.0,2023-07-05
365,2023-07-05 12:23:00-04:00,1.1299999952316284,1.1299999952316284,1.1200000047683716,1.125,2930,0.0,0.0,2023-07-05
366,2023-07-05 12:24:00-04:00,1.1200000047683716,1.1299999952316284,1.1200000047683716,1.1200000047683716,2825,0.0,0.0,2023-07-05
367,2023-07-05 12:25:00-04:00,1.1200000047683716,1.1299999952316284,1.1200000047683716,1.1200000047683716,27538,0.0,0.0,2023-07-05
368,2023-07-05 12:26:00-04:00,1.125,1.1299999952316284,1.1200000047683716,1.1200000047683716,2847,0.0,0.0,2023-07-05
369,2023-07-05 12:27:00-04:00,1.1299999952316284,1.1299999952316284,1.1200000047683716,1.125,7625,0.0,0.0,2023-07-05
370,2023-07-05 12:28:00-04:00,1.1299999952316284,1.1299999952316284,1.125,1.125,994,0.0,0.0,2023-07-05
371,2023-07-05 12:29:00-04:00,1.1299999952316284,1.1299999952316284,1.1200000047683716,1.1299999952316284,7331,0.0,0.0,2023-07-05
372,2023-07-05 12:30:00-04:00,1.125,1.1299999952316284,1.1220999956130981,1.125,3072,0.0,0.0,2023-07-05
373,2023-07-05 12:31:00-04:00,1.1299999952316284,1.1299999952316284,1.1200000047683716,1.125,3433,0.0,0.0,2023-07-05
374,2023-07-05 12:32:00-04:00,1.1299999952316284,1.1299999952316284,1.1200000047683716,1.1200000047683716,1874,0.0,0.0,2023-07-05
375,2023-07-05 12:33:00-04:00,1.1299999952316284,1.1299999952316284,1.1200000047683716,1.125,2342,0.0,0.0,2023-07-05
376,2023-07-05 12:34:00-04:00,1.125,1.1299999952316284,1.1200000047683716,1.1200000047683716,19344,0.0,0.0,2023-07-05
377,2023-07-05 12:35:00-04:00,1.1299999952316284,1.1299999952316284,1.1200000047683716,1.125,7347,0.0,0.0,2023-07-05
378,2023-07-05 12:36:00-04:00,1.1299999952316284,1.1299999952316284,1.1150000095367432,1.1150000095367432,71354,0.0,0.0,2023-07-05
379,2023-07-05 12:37:00-04:00,1.1100000143051147,1.118499994277954,1.1100000143051147,1.118499994277954,1240,0.0,0.0,2023-07-05
380,2023-07-05 12:38:00-04:00,1.1100000143051147,1.1193000078201294,1.1100000143051147,1.117300033569336,5488,0.0,0.0,2023-07-05
381,2023-07-05 12:39:00-04:00,1.1200000047683716,1.1200000047683716,1.1100000143051147,1.1150000095367432,1521,0.0,0.0,2023-07-05
382,2023-07-05 12:40:00-04:00,1.1100000143051147,1.1200000047683716,1.1100000143051147,1.1200000047683716,1808,0.0,0.0,2023-07-05
383,2023-07-05 12:41:00-04:00,1.1150000095367432,1.1150000095367432,1.1100000143051147,1.1100000143051147,836,0.0,0.0,2023-07-05
384,2023-07-05 12:42:00-04:00,1.1100000143051147,1.1200000047683716,1.1100000143051147,1.1200000047683716,690,0.0,0.0,2023-07-05
385,2023-07-05 12:43:00-04:00,1.1150000095367432,1.1150000095367432,1.1150000095367432,1.1150000095367432,1512,0.0,0.0,2023-07-05
386,2023-07-05 12:44:00-04:00,1.1100000143051147,1.1200000047683716,1.1100000143051147,1.1150000095367432,3179,0.0,0.0,2023-07-05
387,2023-07-05 12:45:00-04:00,1.1141999959945679,1.1150000095367432,1.1141999959945679,1.1150000095367432,2122,0.0,0.0,2023-07-05
388,2023-07-05 12:46:00-04:00,1.1200000047683716,1.1200000047683716,1.1100000143051147,1.1150000095367432,8122,0.0,0.0,2023-07-05
389,2023-07-05 12:47:00-04:00,1.1150000095367432,1.1200000047683716,1.1100000143051147,1.1100000143051147,2409,0.0,0.0,2023-07-05
390,2023-07-05 12:48:00-04:00,1.1150000095367432,1.1200000047683716,1.1100000143051147,1.1200000047683716,1422,0.0,0.0,2023-07-05
391,2023-07-05 12:49:00-04:00,1.1150000095367432,1.1200000047683716,1.1100000143051147,1.1200000047683716,2001,0.0,0.0,2023-07-05
392,2023-07-05 12:50:00-04:00,1.1200000047683716,1.1200000047683716,1.1150000095367432,1.1150000095367432,567,0.0,0.0,2023-07-05
393,2023-07-05 12:51:00-04:00,1.1100000143051147,1.1200000047683716,1.1100000143051147,1.1200000047683716,1537,0.0,0.0,2023-07-05
394,2023-07-05 12:52:00-04:00,1.1200000047683716,1.1200000047683716,1.1150000095367432,1.1150000095367432,758,0.0,0.0,2023-07-05
395,2023-07-05 12:53:00-04:00,1.1200000047683716,1.1200000047683716,1.1100000143051147,1.1200000047683716,1530,0.0,0.0,2023-07-05
396,2023-07-05 12:54:00-04:00,1.1200000047683716,1.1200000047683716,1.1200000047683716,1.1200000047683716,7169,0.0,0.0,2023-07-05
397,2023-07-05 12:55:00-04:00,1.1200000047683716,1.1200000047683716,1.1124999523162842,1.1200000047683716,1424,0.0,0.0,2023-07-05
398,2023-07-05 12:56:00-04:00,1.1200000047683716,1.1200000047683716,1.1101000308990479,1.1200000047683716,2700,0.0,0.0,2023-07-05
399,2023-07-05 12:57:00-04:00,1.1100000143051147,1.1200000047683716,1.1100000143051147,1.1200000047683716,15160,0.0,0.0,2023-07-05
400,2023-07-05 12:58:00-04:00,1.1200000047683716,1.1200000047683716,1.1150000095367432,1.11899995803833,4193,0.0,0.0,2023-07-05
401,2023-07-05 12:59:00-04:00,1.1200000047683716,1.1200000047683716,1.1168999671936035,1.1198999881744385,1215,0.0,0.0,2023-07-05
402,2023-07-05 13:00:00-04:00,1.1200000047683716,1.1200000047683716,1.1100000143051147,1.1100000143051147,3643,0.0,0.0,2023-07-05
403,2023-07-05 13:01:00-04:00,1.1150000095367432,1.1200000047683716,1.1100000143051147,1.1200000047683716,2710,0.0,0.0,2023-07-05
404,2023-07-05 13:02:00-04:00,1.1200000047683716,1.1200000047683716,1.1100000143051147,1.1200000047683716,2523,0.0,0.0,2023-07-05
405,2023-07-05 13:03:00-04:00,1.1150000095367432,1.1200000047683716,1.1100000143051147,1.1200000047683716,1140,0.0,0.0,2023-07-05
406,2023-07-05 13:04:00-04:00,1.1200000047683716,1.1200000047683716,1.1100000143051147,1.1200000047683716,713,0.0,0.0,2023-07-05
407,2023-07-05 13:05:00-04:00,1.1200000047683716,1.1200000047683716,1.1100000143051147,1.1200000047683716,504,0.0,0.0,2023-07-05
408,2023-07-05 13:06:00-04:00,1.1150000095367432,1.1200000047683716,1.1150000095367432,1.1150000095367432,785,0.0,0.0,2023-07-05
409,2023-07-05 13:07:00-04:00,1.1200000047683716,1.1200000047683716,1.1100000143051147,1.1100000143051147,3800,0.0,0.0,2023-07-05
410,2023-07-05 13:08:00-04:00,1.1200000047683716,1.1200000047683716,1.1100000143051147,1.1200000047683716,1806,0.0,0.0,2023-07-05
411,2023-07-05 13:09:00-04:00,1.1200000047683716,1.1200000047683716,1.1124999523162842,1.1200000047683716,716,0.0,0.0,2023-07-05
412,2023-07-05 13:10:00-04:00,1.1124999523162842,1.1200000047683716,1.1100000143051147,1.1200000047683716,4165,0.0,0.0,2023-07-05
413,2023-07-05 13:11:00-04:00,1.1200000047683716,1.1200000047683716,1.1150000095367432,1.1200000047683716,3460,0.0,0.0,2023-07-05
414,2023-07-05 13:12:00-04:00,1.1200000047683716,1.1200000047683716,1.1200000047683716,1.1200000047683716,426,0.0,0.0,2023-07-05
415,2023-07-05 13:13:00-04:00,1.1200000047683716,1.1200000047683716,1.1100000143051147,1.1200000047683716,6333,0.0,0.0,2023-07-05
416,2023-07-05 13:14:00-04:00,1.1200000047683716,1.1200000047683716,1.1100000143051147,1.1100000143051147,3322,0.0,0.0,2023-07-05
417,2023-07-05 13:15:00-04:00,1.1200000047683716,1.1200000047683716,1.1200000047683716,1.1200000047683716,492,0.0,0.0,2023-07-05
418,2023-07-05 13:16:00-04:00,1.1200000047683716,1.1200000047683716,1.1100000143051147,1.1140999794006348,4541,0.0,0.0,2023-07-05
419,2023-07-05 13:17:00-04:00,1.1200000047683716,1.1200000047683716,1.1200000047683716,1.1200000047683716,401,0.0,0.0,2023-07-05
420,2023-07-05 13:18:00-04:00,1.1150000095367432,1.1200000047683716,1.1109000444412231,1.1200000047683716,1093,0.0,0.0,2023-07-05
421,2023-07-05 13:19:00-04:00,1.1200000047683716,1.1200000047683716,1.1100000143051147,1.1200000047683716,1296,0.0,0.0,2023-07-05
422,2023-07-05 13:20:00-04:00,1.1100000143051147,1.1200000047683716,1.1100000143051147,1.1200000047683716,1033,0.0,0.0,2023-07-05
423,2023-07-05 13:21:00-04:00,1.1200000047683716,1.1200000047683716,1.1150000095367432,1.1200000047683716,634,0.0,0.0,2023-07-05
424,2023-07-05 13:22:00-04:00,1.1200000047683716,1.1200000047683716,1.1150000095367432,1.1200000047683716,31730,0.0,0.0,2023-07-05
425,2023-07-05 13:23:00-04:00,1.1200000047683716,1.1299999952316284,1.1200000047683716,1.1299999952316284,90600,0.0,0.0,2023-07-05
426,2023-07-05 13:24:00-04:00,1.128000020980835,1.1299999952316284,1.1200000047683716,1.1299999952316284,11401,0.0,0.0,2023-07-05
427,2023-07-05 13:25:00-04:00,1.125,1.1299999952316284,1.1200000047683716,1.125,3915,0.0,0.0,2023-07-05
428,2023-07-05 13:26:00-04:00,1.1299999952316284,1.1299999952316284,1.1246999502182007,1.1299999952316284,2124,0.0,0.0,2023-07-05
429,2023-07-05 13:27:00-04:00,1.1299999952316284,1.1299999952316284,1.1210999488830566,1.1211999654769897,3356,0.0,0.0,2023-07-05
430,2023-07-05 13:28:00-04:00,1.125,1.1299999952316284,1.121000051498413,1.121399998664856,4386,0.0,0.0,2023-07-05
431,2023-07-05 13:29:00-04:00,1.121899962425232,1.1299999952316284,1.1200000047683716,1.1299999952316284,1364,0.0,0.0,2023-07-05
432,2023-07-05 13:30:00-04:00,1.1200000047683716,1.1299999952316284,1.1200000047683716,1.1200000047683716,2342,0.0,0.0,2023-07-05
433,2023-07-05 13:31:00-04:00,1.1299999952316284,1.1299999952316284,1.1200000047683716,1.1200000047683716,1382,0.0,0.0,2023-07-05
434,2023-07-05 13:32:00-04:00,1.128499984741211,1.1299999952316284,1.1200000047683716,1.1200000047683716,1808,0.0,0.0,2023-07-05
435,2023-07-05 13:33:00-04:00,1.1200000047683716,1.1299999952316284,1.1200000047683716,1.1299999952316284,1398,0.0,0.0,2023-07-05
436,2023-07-05 13:34:00-04:00,1.1200000047683716,1.1299999952316284,1.1200000047683716,1.1200000047683716,1154,0.0,0.0,2023-07-05
437,2023-07-05 13:35:00-04:00,1.1299999952316284,1.1299999952316284,1.1200000047683716,1.1200000047683716,2045,0.0,0.0,2023-07-05
438,2023-07-05 13:36:00-04:00,1.1200000047683716,1.1299999952316284,1.1200000047683716,1.1200000047683716,3416,0.0,0.0,2023-07-05
439,2023-07-05 13:37:00-04:00,1.127500057220459,1.1299999952316284,1.1200000047683716,1.1200000047683716,1121,0.0,0.0,2023-07-05
440,2023-07-05 13:38:00-04:00,1.1299999952316284,1.1299999952316284,1.1200000047683716,1.127500057220459,1240,0.0,0.0,2023-07-05
441,2023-07-05 13:39:00-04:00,1.1299999952316284,1.1299999952316284,1.1200000047683716,1.1299999952316284,2131,0.0,0.0,2023-07-05
442,2023-07-05 13:40:00-04:00,1.125,1.1299999952316284,1.125,1.125,1515,0.0,0.0,2023-07-05
443,2023-07-05 13:41:00-04:00,1.1299999952316284,1.1299999952316284,1.125,1.1299999952316284,5460,0.0,0.0,2023-07-05
444,2023-07-05 13:42:00-04:00,1.125,1.1299999952316284,1.125,1.1299999952316284,1022,0.0,0.0,2023-07-05
445,2023-07-05 13:43:00-04:00,1.1299999952316284,1.1299999952316284,1.1200000047683716,1.1200000047683716,1708,0.0,0.0,2023-07-05
446,2023-07-05 13:44:00-04:00,1.125,1.1299999952316284,1.1200000047683716,1.125,6417,0.0,0.0,2023-07-05
447,2023-07-05 13:45:00-04:00,1.1299999952316284,1.1299999952316284,1.121899962425232,1.1299999952316284,3405,0.0,0.0,2023-07-05
448,2023-07-05 13:46:00-04:00,1.125,1.1299999952316284,1.125,1.1299999952316284,918,0.0,0.0,2023-07-05
449,2023-07-05 13:47:00-04:00,1.125,1.1299999952316284,1.1200000047683716,1.125,1286,0.0,0.0,2023-07-05
450,2023-07-05 13:48:00-04:00,1.1299999952316284,1.1299999952316284,1.125,1.125,3226,0.0,0.0,2023-07-05
451,2023-07-05 13:49:00-04:00,1.125,1.1299999952316284,1.125,1.1298999786376953,5150,0.0,0.0,2023-07-05
452,2023-07-05 13:50:00-04:00,1.125,1.1299999952316284,1.1200000047683716,1.125,43767,0.0,0.0,2023-07-05
453,2023-07-05 13:51:00-04:00,1.1299999952316284,1.1299999952316284,1.125,1.1299999952316284,2258,0.0,0.0,2023-07-05
454,2023-07-05 13:52:00-04:00,1.1299999952316284,1.1299999952316284,1.1200000047683716,1.121999979019165,1803,0.0,0.0,2023-07-05
455,2023-07-05 13:53:00-04:00,1.1299999952316284,1.1299999952316284,1.125,1.1299999952316284,1248,0.0,0.0,2023-07-05
456,2023-07-05 13:54:00-04:00,1.125,1.1299999952316284,1.1217000484466553,1.125,8400,0.0,0.0,2023-07-05
457,2023-07-05 13:55:00-04:00,1.1299999952316284,1.1299999952316284,1.125,1.125,13972,0.0,0.0,2023-07-05
458,2023-07-05 13:56:00-04:00,1.1299999952316284,1.1299999952316284,1.1200000047683716,1.1299999952316284,27068,0.0,0.0,2023-07-05
459,2023-07-05 13:57:00-04:00,1.125,1.1299999952316284,1.125,1.125,1100,0.0,0.0,2023-07-05
460,2023-07-05 13:58:00-04:00,1.1299999952316284,1.1299999952316284,1.1200000047683716,1.1298999786376953,10135,0.0,0.0,2023-07-05
461,2023-07-05 13:59:00-04:00,1.1299999952316284,1.1299999952316284,1.121399998664856,1.1299999952316284,1550,0.0,0.0,2023-07-05
462,2023-07-05 14:00:00-04:00,1.1201000213623047,1.1299999952316284,1.1200000047683716,1.1299999952316284,2748,0.0,0.0,2023-07-05
463,2023-07-05 14:01:00-04:00,1.1200000047683716,1.1299999952316284,1.1200000047683716,1.125,2481,0.0,0.0,2023-07-05
464,2023-07-05 14:02:00-04:00,1.125,1.1299999952316284,1.1200000047683716,1.125,3226,0.0,0.0,2023-07-05
465,2023-07-05 14:03:00-04:00,1.1299999952316284,1.1299999952316284,1.1200000047683716,1.125,1412,0.0,0.0,2023-07-05
466,2023-07-05 14:04:00-04:00,1.125,1.1299999952316284,1.1200000047683716,1.1200000047683716,1912,0.0,0.0,2023-07-05
467,2023-07-05 14:05:00-04:00,1.125,1.1299999952316284,1.1200000047683716,1.1298999786376953,2105,0.0,0.0,2023-07-05
468,2023-07-05 14:06:00-04:00,1.125,1.1299999952316284,1.1200000047683716,1.125,8500,0.0,0.0,2023-07-05
469,2023-07-05 14:07:00-04:00,1.125,1.1299999952316284,1.1200000047683716,1.1200000047683716,3826,0.0,0.0,2023-07-05
470,2023-07-05 14:08:00-04:00,1.125,1.1299999952316284,1.1200000047683716,1.1299999952316284,9186,0.0,0.0,2023-07-05
471,2023-07-05 14:09:00-04:00,1.1246000528335571,1.1299999952316284,1.1200000047683716,1.125,3152,0.0,0.0,2023-07-05
472,2023-07-05 14:10:00-04:00,1.1201000213623047,1.1299999952316284,1.1200000047683716,1.1299999952316284,7400,0.0,0.0,2023-07-05
473,2023-07-05 14:11:00-04:00,1.1200000047683716,1.1299999952316284,1.1200000047683716,1.125,2289,0.0,0.0,2023-07-05
474,2023-07-05 14:12:00-04:00,1.1299999952316284,1.1299999952316284,1.1200000047683716,1.1299999952316284,1200,0.0,0.0,2023-07-05
475,2023-07-05 14:13:00-04:00,1.125,1.1299999952316284,1.125,1.125,1025,0.0,0.0,2023-07-05
476,2023-07-05 14:14:00-04:00,1.1299999952316284,1.1299999952316284,1.125,1.125,800,0.0,0.0,2023-07-05
477,2023-07-05 14:15:00-04:00,1.1299999952316284,1.1299999952316284,1.1200000047683716,1.1200000047683716,1632,0.0,0.0,2023-07-05
478,2023-07-05 14:16:00-04:00,1.1200000047683716,1.1200000047683716,1.1200000047683716,1.1200000047683716,56186,0.0,0.0,2023-07-05
479,2023-07-05 14:17:00-04:00,1.1200000047683716,1.1200000047683716,1.1200000047683716,1.1200000047683716,1217,0.0,0.0,2023-07-05
480,2023-07-05 14:18:00-04:00,1.11899995803833,1.1200000047683716,1.11899995803833,1.1200000047683716,28500,0.0,0.0,2023-07-05
481,2023-07-05 14:19:00-04:00,1.1200000047683716,1.1200000047683716,1.1124999523162842,1.1124999523162842,1145,0.0,0.0,2023-07-05
482,2023-07-05 14:20:00-04:00,1.1200000047683716,1.1200000047683716,1.1134999990463257,1.1200000047683716,6339,0.0,0.0,2023-07-05
483,2023-07-05 14:21:00-04:00,1.11899995803833,1.1200000047683716,1.1100000143051147,1.1200000047683716,5865,0.0,0.0,2023-07-05
484,2023-07-05 14:23:00-04:00,1.1150000095367432,1.1200000047683716,1.1150000095367432,1.1200000047683716,3001,0.0,0.0,2023-07-05
485,2023-07-05 14:24:00-04:00,1.1150000095367432,1.1150000095367432,1.1150000095367432,1.1150000095367432,2005,0.0,0.0,2023-07-05
486,2023-07-05 14:25:00-04:00,1.1150000095367432,1.1200000047683716,1.1100000143051147,1.1150000095367432,7588,0.0,0.0,2023-07-05
487,2023-07-05 14:26:00-04:00,1.1150000095367432,1.1200000047683716,1.1115000247955322,1.1198999881744385,6826,0.0,0.0,2023-07-05
488,2023-07-05 14:27:00-04:00,1.1200000047683716,1.1200000047683716,1.1150000095367432,1.1200000047683716,21371,0.0,0.0,2023-07-05
489,2023-07-05 14:28:00-04:00,1.1200000047683716,1.1200000047683716,1.1197999715805054,1.1200000047683716,5752,0.0,0.0,2023-07-05
490,2023-07-05 14:29:00-04:00,1.1131000518798828,1.1200000047683716,1.1131000518798828,1.1200000047683716,3765,0.0,0.0,2023-07-05
491,2023-07-05 14:30:00-04:00,1.1200000047683716,1.1200000047683716,1.1200000047683716,1.1200000047683716,371,0.0,0.0,2023-07-05
492,2023-07-05 14:31:00-04:00,1.1200000047683716,1.125,1.1152000427246094,1.125,43299,0.0,0.0,2023-07-05
493,2023-07-05 14:32:00-04:00,1.125,1.125,1.125,1.125,344,0.0,0.0,2023-07-05
494,2023-07-05 14:33:00-04:00,1.125,1.125,1.125,1.125,130,0.0,0.0,2023-07-05
495,2023-07-05 14:34:00-04:00,1.1201000213623047,1.1237000226974487,1.1201000213623047,1.1237000226974487,6616,0.0,0.0,2023-07-05
496,2023-07-05 14:36:00-04:00,1.1200000047683716,1.125,1.1200000047683716,1.1212999820709229,2208,0.0,0.0,2023-07-05
497,2023-07-05 14:37:00-04:00,1.1299999952316284,1.1299999952316284,1.1299999952316284,1.1299999952316284,500,0.0,0.0,2023-07-05
498,2023-07-05 14:38:00-04:00,1.1299999952316284,1.1299999952316284,1.1200000047683716,1.1299999952316284,7044,0.0,0.0,2023-07-05
499,2023-07-05 14:39:00-04:00,1.1299999952316284,1.1299999952316284,1.125,1.125,800,0.0,0.0,2023-07-05
500,2023-07-05 14:40:00-04:00,1.1299999952316284,1.1299999952316284,1.1200000047683716,1.1211999654769897,3648,0.0,0.0,2023-07-05
501,2023-07-05 14:41:00-04:00,1.1299999952316284,1.1299999952316284,1.1200000047683716,1.1200000047683716,8200,0.0,0.0,2023-07-05
502,2023-07-05 14:42:00-04:00,1.125,1.1299999952316284,1.1200000047683716,1.1200000047683716,2206,0.0,0.0,2023-07-05
503,2023-07-05 14:45:00-04:00,1.125,1.1299999952316284,1.125,1.125,10190,0.0,0.0,2023-07-05
504,2023-07-05 14:46:00-04:00,1.1299999952316284,1.1299999952316284,1.1200000047683716,1.1299999952316284,1475,0.0,0.0,2023-07-05
505,2023-07-05 14:47:00-04:00,1.125,1.1299999952316284,1.125,1.1299999952316284,904,0.0,0.0,2023-07-05
506,2023-07-05 14:48:00-04:00,1.1287000179290771,1.1299999952316284,1.121399998664856,1.125,6407,0.0,0.0,2023-07-05
507,2023-07-05 14:49:00-04:00,1.125,1.1299999952316284,1.125,1.125,5466,0.0,0.0,2023-07-05
508,2023-07-05 14:50:00-04:00,1.1299999952316284,1.1299999952316284,1.1200000047683716,1.1223000288009644,1557,0.0,0.0,2023-07-05
509,2023-07-05 14:51:00-04:00,1.125,1.1299999952316284,1.125,1.125,2887,0.0,0.0,2023-07-05
510,2023-07-05 14:52:00-04:00,1.125,1.1299999952316284,1.125,1.125,1824,0.0,0.0,2023-07-05
511,2023-07-05 14:53:00-04:00,1.1299999952316284,1.1299999952316284,1.125,1.125,4127,0.0,0.0,2023-07-05
512,2023-07-05 14:54:00-04:00,1.125,1.1299999952316284,1.121999979019165,1.125,4105,0.0,0.0,2023-07-05
513,2023-07-05 14:55:00-04:00,1.1299999952316284,1.1299999952316284,1.1216000318527222,1.125,4684,0.0,0.0,2023-07-05
514,2023-07-05 14:56:00-04:00,1.121399998664856,1.1299999952316284,1.1200000047683716,1.1299999952316284,1310,0.0,0.0,2023-07-05
515,2023-07-05 14:57:00-04:00,1.1299999952316284,1.1299999952316284,1.125,1.125,1111,0.0,0.0,2023-07-05
516,2023-07-05 14:58:00-04:00,1.1299999952316284,1.1299999952316284,1.1200000047683716,1.1299999952316284,1108,0.0,0.0,2023-07-05
517,2023-07-05 14:59:00-04:00,1.125,1.1299999952316284,1.1200000047683716,1.1299999952316284,1150,0.0,0.0,2023-07-05
518,2023-07-05 15:00:00-04:00,1.1299999952316284,1.1299999952316284,1.125,1.125,1516,0.0,0.0,2023-07-05
519,2023-07-05 15:01:00-04:00,1.125,1.1299999952316284,1.125,1.125,1463,0.0,0.0,2023-07-05
520,2023-07-05 15:02:00-04:00,1.1299999952316284,1.1299999952316284,1.124400019645691,1.125,1610,0.0,0.0,2023-07-05
521,2023-07-05 15:03:00-04:00,1.1299999952316284,1.1299999952316284,1.1200000047683716,1.1299999952316284,951,0.0,0.0,2023-07-05
522,2023-07-05 15:04:00-04:00,1.1299999952316284,1.1299999952316284,1.125,1.1299999952316284,2651,0.0,0.0,2023-07-05
523,2023-07-05 15:05:00-04:00,1.1299999952316284,1.1299999952316284,1.125,1.1299999952316284,622,0.0,0.0,2023-07-05
524,2023-07-05 15:06:00-04:00,1.1299999952316284,1.1299999952316284,1.1210999488830566,1.1299999952316284,2848,0.0,0.0,2023-07-05
525,2023-07-05 15:07:00-04:00,1.121999979019165,1.1299999952316284,1.1200000047683716,1.1299999952316284,6320,0.0,0.0,2023-07-05
526,2023-07-05 15:08:00-04:00,1.1299999952316284,1.1299999952316284,1.1217999458312988,1.125,4712,0.0,0.0,2023-07-05
527,2023-07-05 15:09:00-04:00,1.121899962425232,1.1299999952316284,1.1200000047683716,1.1299999952316284,3808,0.0,0.0,2023-07-05
528,2023-07-05 15:10:00-04:00,1.1299999952316284,1.1299999952316284,1.125,1.125,1629,0.0,0.0,2023-07-05
529,2023-07-05 15:11:00-04:00,1.1299999952316284,1.1299999952316284,1.121999979019165,1.1299999952316284,5950,0.0,0.0,2023-07-05
530,2023-07-05 15:12:00-04:00,1.1299999952316284,1.1299999952316284,1.1216000318527222,1.1299999952316284,2262,0.0,0.0,2023-07-05
531,2023-07-05 15:13:00-04:00,1.1200000047683716,1.1299999952316284,1.1200000047683716,1.1299999952316284,1531,0.0,0.0,2023-07-05
532,2023-07-05 15:14:00-04:00,1.1299999952316284,1.1299999952316284,1.125,1.125,1333,0.0,0.0,2023-07-05
533,2023-07-05 15:15:00-04:00,1.125,1.1299999952316284,1.125,1.125,9683,0.0,0.0,2023-07-05
534,2023-07-05 15:16:00-04:00,1.125,1.1299999952316284,1.1200000047683716,1.1299999952316284,1075,0.0,0.0,2023-07-05
535,2023-07-05 15:17:00-04:00,1.1200000047683716,1.1299999952316284,1.1200000047683716,1.125,41033,0.0,0.0,2023-07-05
536,2023-07-05 15:18:00-04:00,1.125,1.1299999952316284,1.1247999668121338,1.1299999952316284,3076,0.0,0.0,2023-07-05
537,2023-07-05 15:19:00-04:00,1.1200000047683716,1.1299999952316284,1.1200000047683716,1.1299999952316284,1771,0.0,0.0,2023-07-05
538,2023-07-05 15:20:00-04:00,1.1200000047683716,1.1299999952316284,1.1200000047683716,1.125,3373,0.0,0.0,2023-07-05
539,2023-07-05 15:21:00-04:00,1.1200000047683716,1.1299999952316284,1.1200000047683716,1.125,2797,0.0,0.0,2023-07-05
540,2023-07-05 15:22:00-04:00,1.1299999952316284,1.1299999952316284,1.1200000047683716,1.125,2082,0.0,0.0,2023-07-05
541,2023-07-05 15:23:00-04:00,1.1299999952316284,1.1299999952316284,1.1200000047683716,1.1200000047683716,2316,0.0,0.0,2023-07-05
542,2023-07-05 15:24:00-04:00,1.1200000047683716,1.1299999952316284,1.1200000047683716,1.1200000047683716,3810,0.0,0.0,2023-07-05
543,2023-07-05 15:25:00-04:00,1.1299999952316284,1.1299999952316284,1.1200000047683716,1.1200000047683716,3230,0.0,0.0,2023-07-05
544,2023-07-05 15:26:00-04:00,1.125,1.1299999952316284,1.1200000047683716,1.1200000047683716,2721,0.0,0.0,2023-07-05
545,2023-07-05 15:27:00-04:00,1.1200000047683716,1.1299999952316284,1.1200000047683716,1.1200000047683716,1898,0.0,0.0,2023-07-05
546,2023-07-05 15:28:00-04:00,1.125,1.1299999952316284,1.1200000047683716,1.125,1714,0.0,0.0,2023-07-05
547,2023-07-05 15:29:00-04:00,1.1299999952316284,1.1299999952316284,1.1200000047683716,1.125,1825,0.0,0.0,2023-07-05
548,2023-07-05 15:30:00-04:00,1.1200000047683716,1.125,1.1200000047683716,1.1200000047683716,1741,0.0,0.0,2023-07-05
549,2023-07-05 15:31:00-04:00,1.1200000047683716,1.1299999952316284,1.1200000047683716,1.1200000047683716,3619,0.0,0.0,2023-07-05
550,2023-07-05 15:32:00-04:00,1.1299999952316284,1.1299999952316284,1.1200000047683716,1.125,2838,0.0,0.0,2023-07-05
551,2023-07-05 15:33:00-04:00,1.125,1.125,1.1200000047683716,1.1200000047683716,3772,0.0,0.0,2023-07-05
552,2023-07-05 15:34:00-04:00,1.125,1.1299999952316284,1.1200000047683716,1.1200000047683716,8061,0.0,0.0,2023-07-05
553,2023-07-05 15:35:00-04:00,1.1299999952316284,1.1299999952316284,1.1200000047683716,1.125,39125,0.0,0.0,2023-07-05
554,2023-07-05 15:36:00-04:00,1.1200000047683716,1.1299999952316284,1.1200000047683716,1.1299999952316284,16668,0.0,0.0,2023-07-05
555,2023-07-05 15:37:00-04:00,1.1200000047683716,1.1299999952316284,1.1200000047683716,1.1200000047683716,3458,0.0,0.0,2023-07-05
556,2023-07-05 15:38:00-04:00,1.1200000047683716,1.1299999952316284,1.1200000047683716,1.125,2661,0.0,0.0,2023-07-05
557,2023-07-05 15:39:00-04:00,1.1200000047683716,1.1299999952316284,1.1200000047683716,1.125,2679,0.0,0.0,2023-07-05
558,2023-07-05 15:40:00-04:00,1.1299999952316284,1.1299999952316284,1.1200000047683716,1.1282000541687012,22761,0.0,0.0,2023-07-05
559,2023-07-05 15:41:00-04:00,1.1200000047683716,1.1299999952316284,1.1200000047683716,1.125,3164,0.0,0.0,2023-07-05
560,2023-07-05 15:42:00-04:00,1.1200000047683716,1.1299999952316284,1.1200000047683716,1.125,3049,0.0,0.0,2023-07-05
561,2023-07-05 15:43:00-04:00,1.1200000047683716,1.1299999952316284,1.1200000047683716,1.1200000047683716,30679,0.0,0.0,2023-07-05
562,2023-07-05 15:44:00-04:00,1.125,1.1299999952316284,1.1150000095367432,1.1150000095367432,91746,0.0,0.0,2023-07-05
563,2023-07-05 15:45:00-04:00,1.1100000143051147,1.1191999912261963,1.1100000143051147,1.1150000095367432,27682,0.0,0.0,2023-07-05
564,2023-07-05 15:46:00-04:00,1.1100000143051147,1.1198999881744385,1.1100000143051147,1.1150000095367432,11437,0.0,0.0,2023-07-05
565,2023-07-05 15:47:00-04:00,1.1100000143051147,1.1154999732971191,1.1100000143051147,1.1100000143051147,18288,0.0,0.0,2023-07-05
566,2023-07-05 15:48:00-04:00,1.1100000143051147,1.1200000047683716,1.1100000143051147,1.1174999475479126,11638,0.0,0.0,2023-07-05
567,2023-07-05 15:49:00-04:00,1.1100000143051147,1.1200000047683716,1.1100000143051147,1.1200000047683716,9570,0.0,0.0,2023-07-05
568,2023-07-05 15:50:00-04:00,1.1150000095367432,1.1200000047683716,1.1100000143051147,1.1100000143051147,17984,0.0,0.0,2023-07-05
569,2023-07-05 15:51:00-04:00,1.1100000143051147,1.1200000047683716,1.1100000143051147,1.1100000143051147,9370,0.0,0.0,2023-07-05
570,2023-07-05 15:52:00-04:00,1.1198999881744385,1.1200000047683716,1.1100000143051147,1.1200000047683716,29246,0.0,0.0,2023-07-05
571,2023-07-05 15:53:00-04:00,1.1100000143051147,1.1200000047683716,1.1100000143051147,1.1150000095367432,24984,0.0,0.0,2023-07-05
572,2023-07-05 15:54:00-04:00,1.1100000143051147,1.1200000047683716,1.1100000143051147,1.1100000143051147,30317,0.0,0.0,2023-07-05
573,2023-07-05 15:55:00-04:00,1.1200000047683716,1.1200000047683716,1.1100000143051147,1.1150000095367432,20969,0.0,0.0,2023-07-05
574,2023-07-05 15:56:00-04:00,1.1100000143051147,1.1200000047683716,1.1100000143051147,1.1100000143051147,39016,0.0,0.0,2023-07-05
575,2023-07-05 15:57:00-04:00,1.1150000095367432,1.1200000047683716,1.1100000143051147,1.1174999475479126,11245,0.0,0.0,2023-07-05
576,2023-07-05 15:58:00-04:00,1.1150000095367432,1.1200000047683716,1.1100000143051147,1.1150000095367432,74458,0.0,0.0,2023-07-05
577,2023-07-05 15:59:00-04:00,1.1150000095367432,1.1200000047683716,1.1100000143051147,1.1200000047683716,205360,0.0,0.0,2023-07-05
578,2023-07-06 09:30:00-04:00,1.090000033378601,1.090000033378601,1.090000033378601,1.090000033378601,153081,0.0,0.0,2023-07-06
579,2023-07-06 09:31:00-04:00,1.090000033378601,1.090000033378601,1.090000033378601,1.090000033378601,2728,0.0,0.0,2023-07-06
580,2023-07-06 09:32:00-04:00,1.090000033378601,1.100000023841858,1.0841000080108643,1.0843000411987305,185107,0.0,0.0,2023-07-06
581,2023-07-06 09:33:00-04:00,1.090000033378601,1.0950000286102295,1.0800000429153442,1.0892000198364258,89299,0.0,0.0,2023-07-06
582,2023-07-06 09:34:00-04:00,1.0850000381469727,1.089400053024292,1.083799958229065,1.083799958229065,7156,0.0,0.0,2023-07-06
583,2023-07-06 09:35:00-04:00,1.0895999670028687,1.090000033378601,1.0800000429153442,1.0800000429153442,32444,0.0,0.0,2023-07-06
584,2023-07-06 09:36:00-04:00,1.0800000429153442,1.0800000429153442,1.0750000476837158,1.0750000476837158,202239,0.0,0.0,2023-07-06
585,2023-07-06 09:37:00-04:00,1.0750000476837158,1.0850000381469727,1.0700000524520874,1.0800000429153442,157711,0.0,0.0,2023-07-06
586,2023-07-06 09:38:00-04:00,1.0800000429153442,1.090000033378601,1.0800000429153442,1.0800000429153442,30557,0.0,0.0,2023-07-06
587,2023-07-06 09:39:00-04:00,1.0885000228881836,1.090000033378601,1.0807000398635864,1.0850000381469727,27428,0.0,0.0,2023-07-06
588,2023-07-06 09:40:00-04:00,1.090000033378601,1.090000033378601,1.0800000429153442,1.0893000364303589,23578,0.0,0.0,2023-07-06
589,2023-07-06 09:41:00-04:00,1.0815999507904053,1.090000033378601,1.0809999704360962,1.087499976158142,11587,0.0,0.0,2023-07-06
590,2023-07-06 09:42:00-04:00,1.0850000381469727,1.089900016784668,1.0800000429153442,1.0800000429153442,13688,0.0,0.0,2023-07-06
591,2023-07-06 09:43:00-04:00,1.0800000429153442,1.0886000394821167,1.0700000524520874,1.0700000524520874,13077,0.0,0.0,2023-07-06
592,2023-07-06 09:44:00-04:00,1.0750000476837158,1.0779999494552612,1.0700000524520874,1.0779999494552612,3324,0.0,0.0,2023-07-06
593,2023-07-06 09:45:00-04:00,1.0700000524520874,1.0799000263214111,1.0700000524520874,1.0799000263214111,25038,0.0,0.0,2023-07-06
594,2023-07-06 09:46:00-04:00,1.0779999494552612,1.0850000381469727,1.0750000476837158,1.0801000595092773,51887,0.0,0.0,2023-07-06
595,2023-07-06 09:47:00-04:00,1.0800000429153442,1.0800000429153442,1.0714999437332153,1.0791000127792358,20253,0.0,0.0,2023-07-06
596,2023-07-06 09:48:00-04:00,1.0799000263214111,1.0800000429153442,1.0700000524520874,1.0750000476837158,9262,0.0,0.0,2023-07-06
597,2023-07-06 09:49:00-04:00,1.0724999904632568,1.0800000429153442,1.0700000524520874,1.0750000476837158,25031,0.0,0.0,2023-07-06
598,2023-07-06 09:50:00-04:00,1.0788999795913696,1.0788999795913696,1.0700000524520874,1.0700000524520874,13413,0.0,0.0,2023-07-06
599,2023-07-06 09:51:00-04:00,1.0700000524520874,1.0750000476837158,1.0499999523162842,1.0499999523162842,389617,0.0,0.0,2023-07-06
600,2023-07-06 09:52:00-04:00,1.059999942779541,1.059999942779541,1.0549999475479126,1.0599000453948975,51272,0.0,0.0,2023-07-06
601,2023-07-06 09:53:00-04:00,1.059999942779541,1.059999942779541,1.0499999523162842,1.058899998664856,85492,0.0,0.0,2023-07-06
602,2023-07-06 09:54:00-04:00,1.0599000453948975,1.059999942779541,1.0499999523162842,1.0549999475479126,62344,0.0,0.0,2023-07-06
603,2023-07-06 09:55:00-04:00,1.0549999475479126,1.0599000453948975,1.0499999523162842,1.058500051498413,56296,0.0,0.0,2023-07-06
604,2023-07-06 09:56:00-04:00,1.0499999523162842,1.059499979019165,1.0399999618530273,1.0499000549316406,237051,0.0,0.0,2023-07-06
605,2023-07-06 09:57:00-04:00,1.0490000247955322,1.0549999475479126,1.0399999618530273,1.0499999523162842,163062,0.0,0.0,2023-07-06
606,2023-07-06 09:58:00-04:00,1.0499999523162842,1.058500051498413,1.0399999618530273,1.0479999780654907,43374,0.0,0.0,2023-07-06
607,2023-07-06 09:59:00-04:00,1.0499999523162842,1.0499999523162842,1.0399999618530273,1.0472999811172485,30193,0.0,0.0,2023-07-06
608,2023-07-06 10:00:00-04:00,1.0499999523162842,1.0499999523162842,1.0399999618530273,1.0484999418258667,209632,0.0,0.0,2023-07-06
609,2023-07-06 10:01:00-04:00,1.0399999618530273,1.0499999523162842,1.0399999618530273,1.0399999618530273,31932,0.0,0.0,2023-07-06
610,2023-07-06 10:02:00-04:00,1.0449999570846558,1.0499999523162842,1.0399999618530273,1.0497000217437744,274466,0.0,0.0,2023-07-06
611,2023-07-06 10:03:00-04:00,1.0449999570846558,1.0499999523162842,1.0399999618530273,1.0399999618530273,31422,0.0,0.0,2023-07-06
612,2023-07-06 10:04:00-04:00,1.0399999618530273,1.0499999523162842,1.0399999618530273,1.0449999570846558,32387,0.0,0.0,2023-07-06
613,2023-07-06 10:05:00-04:00,1.0499999523162842,1.0499999523162842,1.0399999618530273,1.0449999570846558,17463,0.0,0.0,2023-07-06
614,2023-07-06 10:06:00-04:00,1.0399999618530273,1.0499999523162842,1.0399999618530273,1.0479999780654907,32421,0.0,0.0,2023-07-06
615,2023-07-06 10:07:00-04:00,1.0449999570846558,1.0499999523162842,1.0399999618530273,1.0399999618530273,76381,0.0,0.0,2023-07-06
616,2023-07-06 10:08:00-04:00,1.0425000190734863,1.0499999523162842,1.0399999618530273,1.0399999618530273,24819,0.0,0.0,2023-07-06
617,2023-07-06 10:09:00-04:00,1.0399999618530273,1.0499999523162842,1.0399999618530273,1.0399999618530273,23910,0.0,0.0,2023-07-06
618,2023-07-06 10:10:00-04:00,1.0399999618530273,1.0499999523162842,1.0399999618530273,1.0399999618530273,21871,0.0,0.0,2023-07-06
619,2023-07-06 10:11:00-04:00,1.0399999618530273,1.0491000413894653,1.0399999618530273,1.0399999618530273,30877,0.0,0.0,2023-07-06
620,2023-07-06 10:12:00-04:00,1.0399999618530273,1.0499999523162842,1.0399999618530273,1.0399999618530273,21973,0.0,0.0,2023-07-06
621,2023-07-06 10:13:00-04:00,1.049299955368042,1.0499999523162842,1.0399999618530273,1.0449999570846558,21986,0.0,0.0,2023-07-06
622,2023-07-06 10:14:00-04:00,1.0499999523162842,1.059999942779541,1.0425000190734863,1.048799991607666,101410,0.0,0.0,2023-07-06
623,2023-07-06 10:15:00-04:00,1.0399999618530273,1.0499999523162842,1.0399999618530273,1.0449999570846558,46475,0.0,0.0,2023-07-06
624,2023-07-06 10:16:00-04:00,1.0499999523162842,1.0499999523162842,1.0399999618530273,1.0499999523162842,19619,0.0,0.0,2023-07-06
625,2023-07-06 10:17:00-04:00,1.0499999523162842,1.0499999523162842,1.0399999618530273,1.0484999418258667,23760,0.0,0.0,2023-07-06
626,2023-07-06 10:18:00-04:00,1.0484999418258667,1.0499999523162842,1.0399999618530273,1.0449999570846558,19363,0.0,0.0,2023-07-06
627,2023-07-06 10:19:00-04:00,1.0480999946594238,1.0480999946594238,1.0299999713897705,1.0398999452590942,220770,0.0,0.0,2023-07-06
628,2023-07-06 10:20:00-04:00,1.0299999713897705,1.0399999618530273,1.0299999713897705,1.0399999618530273,21235,0.0,0.0,2023-07-06
629,2023-07-06 10:21:00-04:00,1.034999966621399,1.0399999618530273,1.0299999713897705,1.0398999452590942,25277,0.0,0.0,2023-07-06
630,2023-07-06 10:22:00-04:00,1.034999966621399,1.0399999618530273,1.0299999713897705,1.0299999713897705,19898,0.0,0.0,2023-07-06
631,2023-07-06 10:23:00-04:00,1.0391000509262085,1.0399999618530273,1.0299999713897705,1.034999966621399,130675,0.0,0.0,2023-07-06
632,2023-07-06 10:24:00-04:00,1.0389000177383423,1.0391000509262085,1.0299999713897705,1.0299999713897705,32429,0.0,0.0,2023-07-06
633,2023-07-06 10:25:00-04:00,1.0358999967575073,1.0398000478744507,1.0299999713897705,1.0299999713897705,54948,0.0,0.0,2023-07-06
634,2023-07-06 10:26:00-04:00,1.0299999713897705,1.0399999618530273,1.0299999713897705,1.0299999713897705,108549,0.0,0.0,2023-07-06
635,2023-07-06 10:27:00-04:00,1.039199948310852,1.0399999618530273,1.0299999713897705,1.034999966621399,12646,0.0,0.0,2023-07-06
636,2023-07-06 10:28:00-04:00,1.0398999452590942,1.0398999452590942,1.0299999713897705,1.0299999713897705,24314,0.0,0.0,2023-07-06
637,2023-07-06 10:29:00-04:00,1.0299999713897705,1.0399999618530273,1.0299999713897705,1.0299999713897705,16903,0.0,0.0,2023-07-06
638,2023-07-06 10:30:00-04:00,1.0299999713897705,1.0499999523162842,1.0299999713897705,1.0484999418258667,238781,0.0,0.0,2023-07-06
639,2023-07-06 10:31:00-04:00,1.0399999618530273,1.049399971961975,1.0399999618530273,1.0399999618530273,16082,0.0,0.0,2023-07-06
640,2023-07-06 10:32:00-04:00,1.0399999618530273,1.0499000549316406,1.034999966621399,1.0399999618530273,129855,0.0,0.0,2023-07-06
641,2023-07-06 10:33:00-04:00,1.0399999618530273,1.0399999618530273,1.0299999713897705,1.0399999618530273,58899,0.0,0.0,2023-07-06
642,2023-07-06 10:34:00-04:00,1.034999966621399,1.0399999618530273,1.0299999713897705,1.0300999879837036,71286,0.0,0.0,2023-07-06
643,2023-07-06 10:35:00-04:00,1.034999966621399,1.0399999618530273,1.0299999713897705,1.034999966621399,19939,0.0,0.0,2023-07-06
644,2023-07-06 10:36:00-04:00,1.0299999713897705,1.0398999452590942,1.0299999713897705,1.0384999513626099,29311,0.0,0.0,2023-07-06
645,2023-07-06 10:37:00-04:00,1.0299999713897705,1.0384999513626099,1.0299999713897705,1.034999966621399,18635,0.0,0.0,2023-07-06
646,2023-07-06 10:38:00-04:00,1.034999966621399,1.0399999618530273,1.0299999713897705,1.0299999713897705,24145,0.0,0.0,2023-07-06
647,2023-07-06 10:39:00-04:00,1.034999966621399,1.0399999618530273,1.0299999713897705,1.0396000146865845,25056,0.0,0.0,2023-07-06
648,2023-07-06 10:40:00-04:00,1.0299999713897705,1.0399999618530273,1.0299999713897705,1.0299999713897705,30430,0.0,0.0,2023-07-06
649,2023-07-06 10:41:00-04:00,1.0299999713897705,1.0398999452590942,1.0299999713897705,1.0398999452590942,141896,0.0,0.0,2023-07-06
650,2023-07-06 10:42:00-04:00,1.0299999713897705,1.0399999618530273,1.0299999713897705,1.034999966621399,45490,0.0,0.0,2023-07-06
651,2023-07-06 10:43:00-04:00,1.0399999618530273,1.0449999570846558,1.0299999713897705,1.0449999570846558,123889,0.0,0.0,2023-07-06
652,2023-07-06 10:44:00-04:00,1.0449999570846558,1.0499999523162842,1.0432000160217285,1.0449999570846558,15442,0.0,0.0,2023-07-06
653,2023-07-06 10:45:00-04:00,1.0477999448776245,1.0499999523162842,1.0399999618530273,1.0449999570846558,35587,0.0,0.0,2023-07-06
654,2023-07-06 10:46:00-04:00,1.0399999618530273,1.0499999523162842,1.0299999713897705,1.0299999713897705,80954,0.0,0.0,2023-07-06
655,2023-07-06 10:49:00-04:00,1.034999966621399,1.0399999618530273,1.0299999713897705,1.0399999618530273,55327,0.0,0.0,2023-07-06
656,2023-07-06 10:50:00-04:00,1.0399999618530273,1.0499000549316406,1.0399999618530273,1.0499000549316406,53117,0.0,0.0,2023-07-06
657,2023-07-06 10:51:00-04:00,1.0399999618530273,1.0399999618530273,1.0299999713897705,1.0299999713897705,161818,0.0,0.0,2023-07-06
658,2023-07-06 10:52:00-04:00,1.0299999713897705,1.0399999618530273,1.0299999713897705,1.0399999618530273,2623,0.0,0.0,2023-07-06
659,2023-07-06 10:53:00-04:00,1.034999966621399,1.0371999740600586,1.0299999713897705,1.034999966621399,4700,0.0,0.0,2023-07-06
660,2023-07-06 10:54:00-04:00,1.034999966621399,1.034999966621399,1.034999966621399,1.034999966621399,44189,0.0,0.0,2023-07-06
661,2023-07-06 10:55:00-04:00,1.0377000570297241,1.0384999513626099,1.034999966621399,1.034999966621399,1088,0.0,0.0,2023-07-06
662,2023-07-06 10:56:00-04:00,1.0399999618530273,1.0399999618530273,1.0299999713897705,1.034999966621399,52741,0.0,0.0,2023-07-06
663,2023-07-06 10:57:00-04:00,1.0299999713897705,1.0399999618530273,1.0299999713897705,1.0299999713897705,26113,0.0,0.0,2023-07-06
664,2023-07-06 10:58:00-04:00,1.0299999713897705,1.0398999452590942,1.0299999713897705,1.0299999713897705,31271,0.0,0.0,2023-07-06
665,2023-07-06 10:59:00-04:00,1.033400058746338,1.0399999618530273,1.0299999713897705,1.038599967956543,19672,0.0,0.0,2023-07-06
666,2023-07-06 11:00:00-04:00,1.0299999713897705,1.048699975013733,1.0299999713897705,1.0449999570846558,195906,0.0,0.0,2023-07-06
667,2023-07-06 11:01:00-04:00,1.0449999570846558,1.0449999570846558,1.0399999618530273,1.0449999570846558,12932,0.0,0.0,2023-07-06
668,2023-07-06 11:02:00-04:00,1.0399999618530273,1.0399999618530273,1.0299999713897705,1.0299999713897705,144596,0.0,0.0,2023-07-06
669,2023-07-06 11:03:00-04:00,1.034999966621399,1.0399999618530273,1.0299999713897705,1.0399999618530273,6500,0.0,0.0,2023-07-06
670,2023-07-06 11:04:00-04:00,1.0399999618530273,1.0449999570846558,1.034999966621399,1.0449999570846558,84228,0.0,0.0,2023-07-06
671,2023-07-06 11:05:00-04:00,1.0449999570846558,1.0494999885559082,1.0425000190734863,1.0494999885559082,4324,0.0,0.0,2023-07-06
672,2023-07-06 11:06:00-04:00,1.0449999570846558,1.0499999523162842,1.0449999570846558,1.0499000549316406,12276,0.0,0.0,2023-07-06
673,2023-07-06 11:07:00-04:00,1.0499000549316406,1.0499000549316406,1.0449999570846558,1.0470000505447388,3165,0.0,0.0,2023-07-06
674,2023-07-06 11:08:00-04:00,1.0455000400543213,1.0499000549316406,1.0455000400543213,1.0499000549316406,425,0.0,0.0,2023-07-06
675,2023-07-06 11:09:00-04:00,1.0449999570846558,1.0499000549316406,1.0449999570846558,1.0499000549316406,616,0.0,0.0,2023-07-06
676,2023-07-06 11:10:00-04:00,1.0449999570846558,1.0499000549316406,1.0399999618530273,1.0499000549316406,10978,0.0,0.0,2023-07-06
677,2023-07-06 11:11:00-04:00,1.0399999618530273,1.0449999570846558,1.0399999618530273,1.0449999570846558,2842,0.0,0.0,2023-07-06
678,2023-07-06 11:12:00-04:00,1.0399999618530273,1.0499999523162842,1.0399999618530273,1.0499999523162842,8925,0.0,0.0,2023-07-06
679,2023-07-06 11:13:00-04:00,1.0449999570846558,1.0449999570846558,1.0399999618530273,1.0449999570846558,3148,0.0,0.0,2023-07-06
680,2023-07-06 11:14:00-04:00,1.0399999618530273,1.0449999570846558,1.0399999618530273,1.0399999618530273,708,0.0,0.0,2023-07-06
681,2023-07-06 11:15:00-04:00,1.049399971961975,1.0499999523162842,1.0449999570846558,1.0449999570846558,7370,0.0,0.0,2023-07-06
682,2023-07-06 11:16:00-04:00,1.0499999523162842,1.0499999523162842,1.0399999618530273,1.0449999570846558,7055,0.0,0.0,2023-07-06
683,2023-07-06 11:17:00-04:00,1.0449999570846558,1.0499999523162842,1.0399999618530273,1.0449999570846558,19510,0.0,0.0,2023-07-06
684,2023-07-06 11:18:00-04:00,1.0399999618530273,1.0499000549316406,1.0399999618530273,1.0399999618530273,32681,0.0,0.0,2023-07-06
685,2023-07-06 11:19:00-04:00,1.0449999570846558,1.0499999523162842,1.0399999618530273,1.0399999618530273,3506,0.0,0.0,2023-07-06
686,2023-07-06 11:20:00-04:00,1.0499999523162842,1.0499999523162842,1.0399999618530273,1.0399999618530273,1550,0.0,0.0,2023-07-06
687,2023-07-06 11:21:00-04:00,1.0484999418258667,1.0484999418258667,1.0449999570846558,1.0449999570846558,1722,0.0,0.0,2023-07-06
688,2023-07-06 11:22:00-04:00,1.0499999523162842,1.0499999523162842,1.0399999618530273,1.0449999570846558,105880,0.0,0.0,2023-07-06
689,2023-07-06 11:23:00-04:00,1.0449999570846558,1.0499999523162842,1.0433000326156616,1.0449999570846558,23965,0.0,0.0,2023-07-06
690,2023-07-06 11:24:00-04:00,1.0449999570846558,1.0499999523162842,1.0399999618530273,1.0499000549316406,7805,0.0,0.0,2023-07-06
691,2023-07-06 11:25:00-04:00,1.0434999465942383,1.0499999523162842,1.0399999618530273,1.0449999570846558,5350,0.0,0.0,2023-07-06
692,2023-07-06 11:26:00-04:00,1.0399999618530273,1.0484999418258667,1.0399999618530273,1.0449999570846558,5793,0.0,0.0,2023-07-06
693,2023-07-06 11:27:00-04:00,1.0449999570846558,1.0499999523162842,1.0399999618530273,1.0490000247955322,2857,0.0,0.0,2023-07-06
694,2023-07-06 11:28:00-04:00,1.0449999570846558,1.0499999523162842,1.0399999618530273,1.0399999618530273,6474,0.0,0.0,2023-07-06
695,2023-07-06 11:29:00-04:00,1.0449999570846558,1.0499999523162842,1.0399999618530273,1.0449999570846558,10323,0.0,0.0,2023-07-06
696,2023-07-06 11:30:00-04:00,1.0449999570846558,1.0499999523162842,1.0399999618530273,1.0449999570846558,4056,0.0,0.0,2023-07-06
697,2023-07-06 11:31:00-04:00,1.0449999570846558,1.0499999523162842,1.0399999618530273,1.049299955368042,9093,0.0,0.0,2023-07-06
698,2023-07-06 11:32:00-04:00,1.0499999523162842,1.0549999475479126,1.0399999618530273,1.0449999570846558,117888,0.0,0.0,2023-07-06
699,2023-07-06 11:33:00-04:00,1.0449999570846558,1.0499999523162842,1.0399999618530273,1.0499999523162842,3590,0.0,0.0,2023-07-06
700,2023-07-06 11:34:00-04:00,1.0499000549316406,1.0499999523162842,1.0449999570846558,1.0499999523162842,1412,0.0,0.0,2023-07-06
701,2023-07-06 11:35:00-04:00,1.0449999570846558,1.0499999523162842,1.0399999618530273,1.0499999523162842,12028,0.0,0.0,2023-07-06
702,2023-07-06 11:36:00-04:00,1.0499000549316406,1.0499999523162842,1.0399999618530273,1.0399999618530273,7210,0.0,0.0,2023-07-06
703,2023-07-06 11:37:00-04:00,1.0499999523162842,1.0499999523162842,1.0449999570846558,1.048699975013733,10518,0.0,0.0,2023-07-06
704,2023-07-06 11:38:00-04:00,1.0499999523162842,1.0499999523162842,1.0489000082015991,1.0489000082015991,29361,0.0,0.0,2023-07-06
705,2023-07-06 11:39:00-04:00,1.0449999570846558,1.0499999523162842,1.0399999618530273,1.0399999618530273,33319,0.0,0.0,2023-07-06
706,2023-07-06 11:40:00-04:00,1.0449999570846558,1.0499999523162842,1.0399999618530273,1.0449999570846558,33191,0.0,0.0,2023-07-06
707,2023-07-06 11:41:00-04:00,1.0449999570846558,1.0499999523162842,1.0449999570846558,1.0499999523162842,38738,0.0,0.0,2023-07-06
708,2023-07-06 11:42:00-04:00,1.0499000549316406,1.0499999523162842,1.0399999618530273,1.0399999618530273,50834,0.0,0.0,2023-07-06
709,2023-07-06 11:43:00-04:00,1.0499999523162842,1.0499999523162842,1.0490000247955322,1.0499999523162842,28033,0.0,0.0,2023-07-06
710,2023-07-06 11:44:00-04:00,1.0490000247955322,1.0499999523162842,1.0490000247955322,1.0499999523162842,2629,0.0,0.0,2023-07-06
711,2023-07-06 11:45:00-04:00,1.0499999523162842,1.0499999523162842,1.0449999570846558,1.0449999570846558,10082,0.0,0.0,2023-07-06
712,2023-07-06 11:46:00-04:00,1.0499999523162842,1.0499999523162842,1.0425000190734863,1.0449999570846558,2843,0.0,0.0,2023-07-06
713,2023-07-06 11:47:00-04:00,1.0449999570846558,1.0499000549316406,1.0425000190734863,1.0425000190734863,1724,0.0,0.0,2023-07-06
714,2023-07-06 11:48:00-04:00,1.0399999618530273,1.0499999523162842,1.0399999618530273,1.0399999618530273,2498,0.0,0.0,2023-07-06
715,2023-07-06 11:49:00-04:00,1.0490000247955322,1.0499000549316406,1.0399999618530273,1.0399999618530273,7144,0.0,0.0,2023-07-06
716,2023-07-06 11:50:00-04:00,1.0399999618530273,1.0484999418258667,1.0399999618530273,1.0399999618530273,2387,0.0,0.0,2023-07-06
717,2023-07-06 11:51:00-04:00,1.0399999618530273,1.0499999523162842,1.0399999618530273,1.0475000143051147,2686,0.0,0.0,2023-07-06
718,2023-07-06 11:52:00-04:00,1.0399999618530273,1.0499000549316406,1.0399999618530273,1.0449999570846558,4826,0.0,0.0,2023-07-06
719,2023-07-06 11:53:00-04:00,1.0399999618530273,1.0549999475479126,1.0399999618530273,1.0399999618530273,270302,0.0,0.0,2023-07-06
720,2023-07-06 11:54:00-04:00,1.0399999618530273,1.0499000549316406,1.0399999618530273,1.0464999675750732,2301,0.0,0.0,2023-07-06
721,2023-07-06 11:55:00-04:00,1.0463000535964966,1.0499999523162842,1.0463000535964966,1.0499999523162842,1529,0.0,0.0,2023-07-06
722,2023-07-06 11:56:00-04:00,1.0499999523162842,1.0499999523162842,1.0499999523162842,1.0499999523162842,845,0.0,0.0,2023-07-06
723,2023-07-06 11:58:00-04:00,1.0449999570846558,1.0499999523162842,1.0449999570846558,1.0499999523162842,859,0.0,0.0,2023-07-06
724,2023-07-06 11:59:00-04:00,1.0499000549316406,1.0549999475479126,1.0490000247955322,1.0516999959945679,87777,0.0,0.0,2023-07-06
725,2023-07-06 12:00:00-04:00,1.0549999475479126,1.0549999475479126,1.0549999475479126,1.0549999475479126,265,0.0,0.0,2023-07-06
726,2023-07-06 12:01:00-04:00,1.0549999475479126,1.0549999475479126,1.0549999475479126,1.0549999475479126,2316,0.0,0.0,2023-07-06
727,2023-07-06 12:02:00-04:00,1.0549999475479126,1.0699000358581543,1.0549999475479126,1.065000057220459,117591,0.0,0.0,2023-07-06
728,2023-07-06 12:03:00-04:00,1.065000057220459,1.0700000524520874,1.059999942779541,1.065000057220459,43579,0.0,0.0,2023-07-06
729,2023-07-06 12:04:00-04:00,1.0699000358581543,1.0785000324249268,1.059999942779541,1.0750000476837158,123415,0.0,0.0,2023-07-06
730,2023-07-06 12:05:00-04:00,1.065000057220459,1.0800000429153442,1.059999942779541,1.059999942779541,187120,0.0,0.0,2023-07-06
731,2023-07-06 12:06:00-04:00,1.059999942779541,1.0674999952316284,1.059999942779541,1.065000057220459,68787,0.0,0.0,2023-07-06
732,2023-07-06 12:07:00-04:00,1.065000057220459,1.06850004196167,1.059999942779541,1.059999942779541,3382,0.0,0.0,2023-07-06
733,2023-07-06 12:08:00-04:00,1.065000057220459,1.0658999681472778,1.0647000074386597,1.065000057220459,7650,0.0,0.0,2023-07-06
734,2023-07-06 12:09:00-04:00,1.065000057220459,1.0700000524520874,1.065000057220459,1.0700000524520874,14545,0.0,0.0,2023-07-06
735,2023-07-06 12:10:00-04:00,1.059999942779541,1.0700000524520874,1.059999942779541,1.0700000524520874,11738,0.0,0.0,2023-07-06
736,2023-07-06 12:11:00-04:00,1.0633000135421753,1.0633000135421753,1.0633000135421753,1.0633000135421753,1000,0.0,0.0,2023-07-06
737,2023-07-06 12:12:00-04:00,1.065000057220459,1.065000057220459,1.059999942779541,1.065000057220459,2150,0.0,0.0,2023-07-06
738,2023-07-06 12:13:00-04:00,1.059999942779541,1.0699000358581543,1.059999942779541,1.059999942779541,5133,0.0,0.0,2023-07-06
739,2023-07-06 12:14:00-04:00,1.0628000497817993,1.065000057220459,1.0549999475479126,1.059999942779541,165731,0.0,0.0,2023-07-06
740,2023-07-06 12:15:00-04:00,1.059999942779541,1.059999942779541,1.0499999523162842,1.0499999523162842,40968,0.0,0.0,2023-07-06
741,2023-07-06 12:16:00-04:00,1.0546000003814697,1.059999942779541,1.0499999523162842,1.0549999475479126,4556,0.0,0.0,2023-07-06
742,2023-07-06 12:17:00-04:00,1.0525000095367432,1.059999942779541,1.0499999523162842,1.0499999523162842,4602,0.0,0.0,2023-07-06
743,2023-07-06 12:18:00-04:00,1.0499999523162842,1.059999942779541,1.0499999523162842,1.0499999523162842,8068,0.0,0.0,2023-07-06
744,2023-07-06 12:19:00-04:00,1.058500051498413,1.058500051498413,1.0499999523162842,1.058500051498413,3807,0.0,0.0,2023-07-06
745,2023-07-06 12:20:00-04:00,1.0499999523162842,1.059999942779541,1.0499999523162842,1.059999942779541,1563,0.0,0.0,2023-07-06
746,2023-07-06 12:21:00-04:00,1.059000015258789,1.059999942779541,1.0499999523162842,1.0549999475479126,2552,0.0,0.0,2023-07-06
747,2023-07-06 12:22:00-04:00,1.0499999523162842,1.0499999523162842,1.0499999523162842,1.0499999523162842,800,0.0,0.0,2023-07-06
748,2023-07-06 12:23:00-04:00,1.059999942779541,1.059999942779541,1.0499999523162842,1.059999942779541,38302,0.0,0.0,2023-07-06
749,2023-07-06 12:24:00-04:00,1.0549999475479126,1.059999942779541,1.0499999523162842,1.0549999475479126,4117,0.0,0.0,2023-07-06
750,2023-07-06 12:25:00-04:00,1.059999942779541,1.059999942779541,1.0499999523162842,1.0499999523162842,930,0.0,0.0,2023-07-06
751,2023-07-06 12:26:00-04:00,1.0549999475479126,1.059999942779541,1.0549999475479126,1.059999942779541,19682,0.0,0.0,2023-07-06
752,2023-07-06 12:27:00-04:00,1.059999942779541,1.059999942779541,1.0597000122070312,1.0597000122070312,13656,0.0,0.0,2023-07-06
753,2023-07-06 12:28:00-04:00,1.059999942779541,1.059999942779541,1.0499999523162842,1.059999942779541,9202,0.0,0.0,2023-07-06
754,2023-07-06 12:29:00-04:00,1.059999942779541,1.059999942779541,1.0499999523162842,1.059999942779541,14409,0.0,0.0,2023-07-06
755,2023-07-06 12:30:00-04:00,1.059999942779541,1.059999942779541,1.0499999523162842,1.0525000095367432,22616,0.0,0.0,2023-07-06
756,2023-07-06 12:31:00-04:00,1.059999942779541,1.059999942779541,1.0499999523162842,1.0499999523162842,18786,0.0,0.0,2023-07-06
757,2023-07-06 12:32:00-04:00,1.059999942779541,1.059999942779541,1.0500999689102173,1.059999942779541,14738,0.0,0.0,2023-07-06
758,2023-07-06 12:33:00-04:00,1.0599000453948975,1.0599000453948975,1.0525000095367432,1.0525000095367432,3840,0.0,0.0,2023-07-06
759,2023-07-06 12:34:00-04:00,1.0549999475479126,1.059999942779541,1.0499999523162842,1.0499999523162842,7783,0.0,0.0,2023-07-06
760,2023-07-06 12:35:00-04:00,1.059999942779541,1.059999942779541,1.0499999523162842,1.059999942779541,12935,0.0,0.0,2023-07-06
761,2023-07-06 12:36:00-04:00,1.059999942779541,1.059999942779541,1.0525000095367432,1.0525000095367432,810,0.0,0.0,2023-07-06
762,2023-07-06 12:37:00-04:00,1.0549999475479126,1.0549999475479126,1.0499999523162842,1.0499999523162842,2245,0.0,0.0,2023-07-06
763,2023-07-06 12:38:00-04:00,1.0549999475479126,1.0549999475479126,1.0499999523162842,1.0499999523162842,2266,0.0,0.0,2023-07-06
764,2023-07-06 12:39:00-04:00,1.0577000379562378,1.0577000379562378,1.0499999523162842,1.0549999475479126,4303,0.0,0.0,2023-07-06
765,2023-07-06 12:40:00-04:00,1.0499999523162842,1.0499999523162842,1.0499999523162842,1.0499999523162842,450,0.0,0.0,2023-07-06
766,2023-07-06 12:41:00-04:00,1.0499999523162842,1.059999942779541,1.0499999523162842,1.0499999523162842,12078,0.0,0.0,2023-07-06
767,2023-07-06 12:42:00-04:00,1.0549999475479126,1.065000057220459,1.0549999475479126,1.059999942779541,98643,0.0,0.0,2023-07-06
768,2023-07-06 12:43:00-04:00,1.059999942779541,1.065000057220459,1.059999942779541,1.065000057220459,10856,0.0,0.0,2023-07-06
769,2023-07-06 12:44:00-04:00,1.059999942779541,1.065000057220459,1.059999942779541,1.065000057220459,1222,0.0,0.0,2023-07-06
770,2023-07-06 12:45:00-04:00,1.0607999563217163,1.0686999559402466,1.059999942779541,1.059999942779541,26066,0.0,0.0,2023-07-06
771,2023-07-06 12:46:00-04:00,1.059999942779541,1.0700000524520874,1.059999942779541,1.065000057220459,8637,0.0,0.0,2023-07-06
772,2023-07-06 12:48:00-04:00,1.065000057220459,1.0700000524520874,1.065000057220459,1.0700000524520874,15004,0.0,0.0,2023-07-06
773,2023-07-06 12:49:00-04:00,1.0699000358581543,1.0700000524520874,1.059999942779541,1.0700000524520874,8075,0.0,0.0,2023-07-06
774,2023-07-06 12:50:00-04:00,1.065000057220459,1.065000057220459,1.065000057220459,1.065000057220459,622,0.0,0.0,2023-07-06
775,2023-07-06 12:51:00-04:00,1.06850004196167,1.06850004196167,1.06850004196167,1.06850004196167,1000,0.0,0.0,2023-07-06
776,2023-07-06 12:53:00-04:00,1.059999942779541,1.06850004196167,1.059999942779541,1.059999942779541,1531,0.0,0.0,2023-07-06
777,2023-07-06 12:54:00-04:00,1.06850004196167,1.06850004196167,1.059999942779541,1.059999942779541,12233,0.0,0.0,2023-07-06
778,2023-07-06 12:55:00-04:00,1.059999942779541,1.065000057220459,1.059999942779541,1.065000057220459,729,0.0,0.0,2023-07-06
779,2023-07-06 12:56:00-04:00,1.059999942779541,1.0700000524520874,1.059999942779541,1.0700000524520874,116730,0.0,0.0,2023-07-06
780,2023-07-06 12:57:00-04:00,1.065000057220459,1.0700000524520874,1.065000057220459,1.065000057220459,4450,0.0,0.0,2023-07-06
781,2023-07-06 12:58:00-04:00,1.065000057220459,1.0750000476837158,1.059999942779541,1.0700000524520874,200485,0.0,0.0,2023-07-06
782,2023-07-06 12:59:00-04:00,1.0750000476837158,1.0794999599456787,1.0750000476837158,1.0794999599456787,331,0.0,0.0,2023-07-06
783,2023-07-06 13:00:00-04:00,1.0700000524520874,1.0700000524520874,1.0700000524520874,1.0700000524520874,111,0.0,0.0,2023-07-06
784,2023-07-06 13:01:00-04:00,1.0750000476837158,1.0750000476837158,1.059999942779541,1.0700000524520874,66659,0.0,0.0,2023-07-06
785,2023-07-06 13:03:00-04:00,1.0647000074386597,1.065000057220459,1.059999942779541,1.065000057220459,3828,0.0,0.0,2023-07-06
786,2023-07-06 13:04:00-04:00,1.065000057220459,1.0652999877929688,1.059999942779541,1.065000057220459,2805,0.0,0.0,2023-07-06
787,2023-07-06 13:05:00-04:00,1.065000057220459,1.065000057220459,1.065000057220459,1.065000057220459,1159,0.0,0.0,2023-07-06
788,2023-07-06 13:06:00-04:00,1.0700000524520874,1.0700000524520874,1.0700000524520874,1.0700000524520874,1000,0.0,0.0,2023-07-06
789,2023-07-06 13:07:00-04:00,1.0614999532699585,1.0699000358581543,1.0614999532699585,1.0699000358581543,1200,0.0,0.0,2023-07-06
790,2023-07-06 13:08:00-04:00,1.059999942779541,1.059999942779541,1.059999942779541,1.059999942779541,330,0.0,0.0,2023-07-06
791,2023-07-06 13:09:00-04:00,1.059999942779541,1.0700000524520874,1.059999942779541,1.059999942779541,4062,0.0,0.0,2023-07-06
792,2023-07-06 13:10:00-04:00,1.0625,1.0625,1.0625,1.0625,401,0.0,0.0,2023-07-06
793,2023-07-06 13:11:00-04:00,1.065000057220459,1.065000057220459,1.059999942779541,1.0625,710,0.0,0.0,2023-07-06
794,2023-07-06 13:12:00-04:00,1.0625,1.069599986076355,1.0625,1.0625,1304,0.0,0.0,2023-07-06
795,2023-07-06 13:13:00-04:00,1.065000057220459,1.065000057220459,1.0625,1.0625,354,0.0,0.0,2023-07-06
796,2023-07-06 13:14:00-04:00,1.0625,1.065000057220459,1.0625,1.0625,1025,0.0,0.0,2023-07-06
797,2023-07-06 13:15:00-04:00,1.065000057220459,1.065000057220459,1.059999942779541,1.059999942779541,2684,0.0,0.0,2023-07-06
798,2023-07-06 13:16:00-04:00,1.0631999969482422,1.065000057220459,1.059999942779541,1.065000057220459,12079,0.0,0.0,2023-07-06
799,2023-07-06 13:17:00-04:00,1.059999942779541,1.065000057220459,1.059999942779541,1.059999942779541,18659,0.0,0.0,2023-07-06
800,2023-07-06 13:18:00-04:00,1.065000057220459,1.0700000524520874,1.059999942779541,1.065000057220459,619,0.0,0.0,2023-07-06
801,2023-07-06 13:19:00-04:00,1.059999942779541,1.065000057220459,1.059999942779541,1.0600999593734741,1809,0.0,0.0,2023-07-06
802,2023-07-06 13:20:00-04:00,1.059999942779541,1.059999942779541,1.059999942779541,1.059999942779541,102,0.0,0.0,2023-07-06
803,2023-07-06 13:21:00-04:00,1.065000057220459,1.065000057220459,1.059999942779541,1.065000057220459,1716,0.0,0.0,2023-07-06
804,2023-07-06 13:22:00-04:00,1.065000057220459,1.065000057220459,1.065000057220459,1.065000057220459,100,0.0,0.0,2023-07-06
805,2023-07-06 13:23:00-04:00,1.0699000358581543,1.0699000358581543,1.065000057220459,1.065000057220459,3433,0.0,0.0,2023-07-06
806,2023-07-06 13:24:00-04:00,1.065000057220459,1.065000057220459,1.059999942779541,1.059999942779541,3538,0.0,0.0,2023-07-06
807,2023-07-06 13:25:00-04:00,1.065000057220459,1.0700000524520874,1.059999942779541,1.059999942779541,48817,0.0,0.0,2023-07-06
808,2023-07-06 13:26:00-04:00,1.059999942779541,1.065000057220459,1.059999942779541,1.059999942779541,5355,0.0,0.0,2023-07-06
809,2023-07-06 13:27:00-04:00,1.059999942779541,1.065000057220459,1.059999942779541,1.065000057220459,77508,0.0,0.0,2023-07-06
810,2023-07-06 13:28:00-04:00,1.062000036239624,1.065000057220459,1.0549999475479126,1.059000015258789,98362,0.0,0.0,2023-07-06
811,2023-07-06 13:29:00-04:00,1.0549999475479126,1.0549999475479126,1.0549999475479126,1.0549999475479126,402,0.0,0.0,2023-07-06
812,2023-07-06 13:30:00-04:00,1.0499999523162842,1.0598000288009644,1.0499999523162842,1.0549999475479126,2472,0.0,0.0,2023-07-06
813,2023-07-06 13:31:00-04:00,1.0499999523162842,1.0499999523162842,1.0499999523162842,1.0499999523162842,5514,0.0,0.0,2023-07-06
814,2023-07-06 13:32:00-04:00,1.0499999523162842,1.0549999475479126,1.0499999523162842,1.0499999523162842,1789,0.0,0.0,2023-07-06
815,2023-07-06 13:33:00-04:00,1.0549999475479126,1.0549999475479126,1.0499999523162842,1.0499999523162842,384,0.0,0.0,2023-07-06
816,2023-07-06 13:34:00-04:00,1.0499999523162842,1.0592000484466553,1.0499999523162842,1.0499999523162842,7726,0.0,0.0,2023-07-06
817,2023-07-06 13:35:00-04:00,1.0499999523162842,1.0599000453948975,1.0499999523162842,1.0599000453948975,11230,0.0,0.0,2023-07-06
818,2023-07-06 13:36:00-04:00,1.0525000095367432,1.059999942779541,1.0525000095367432,1.0549999475479126,1564,0.0,0.0,2023-07-06
819,2023-07-06 13:37:00-04:00,1.0525000095367432,1.0549999475479126,1.0499999523162842,1.0549999475479126,1039,0.0,0.0,2023-07-06
820,2023-07-06 13:38:00-04:00,1.0499999523162842,1.059999942779541,1.0499999523162842,1.059999942779541,18005,0.0,0.0,2023-07-06
821,2023-07-06 13:39:00-04:00,1.059999942779541,1.059999942779541,1.0525000095367432,1.0525000095367432,6790,0.0,0.0,2023-07-06
822,2023-07-06 13:40:00-04:00,1.0525000095367432,1.0549999475479126,1.051300048828125,1.0549999475479126,438,0.0,0.0,2023-07-06
823,2023-07-06 13:41:00-04:00,1.0525000095367432,1.059999942779541,1.0525000095367432,1.0525000095367432,1847,0.0,0.0,2023-07-06
824,2023-07-06 13:42:00-04:00,1.0549999475479126,1.059999942779541,1.0499999523162842,1.0499999523162842,743,0.0,0.0,2023-07-06
825,2023-07-06 13:43:00-04:00,1.059999942779541,1.059999942779541,1.0525000095367432,1.0525000095367432,1696,0.0,0.0,2023-07-06
826,2023-07-06 13:44:00-04:00,1.0549999475479126,1.059999942779541,1.0499999523162842,1.0549999475479126,8834,0.0,0.0,2023-07-06
827,2023-07-06 13:45:00-04:00,1.0549999475479126,1.0549999475479126,1.0549999475479126,1.0549999475479126,2010,0.0,0.0,2023-07-06
828,2023-07-06 13:46:00-04:00,1.0549999475479126,1.065000057220459,1.0549999475479126,1.065000057220459,152230,0.0,0.0,2023-07-06
829,2023-07-06 13:47:00-04:00,1.065000057220459,1.065000057220459,1.065000057220459,1.065000057220459,107,0.0,0.0,2023-07-06
830,2023-07-06 13:48:00-04:00,1.065000057220459,1.065000057220459,1.065000057220459,1.065000057220459,400,0.0,0.0,2023-07-06
831,2023-07-06 13:49:00-04:00,1.059999942779541,1.065000057220459,1.059999942779541,1.065000057220459,401,0.0,0.0,2023-07-06
832,2023-07-06 13:50:00-04:00,1.065000057220459,1.0699000358581543,1.065000057220459,1.065000057220459,4575,0.0,0.0,2023-07-06
833,2023-07-06 13:51:00-04:00,1.065000057220459,1.065000057220459,1.059999942779541,1.059999942779541,934,0.0,0.0,2023-07-06
834,2023-07-06 13:53:00-04:00,1.059999942779541,1.065000057220459,1.059999942779541,1.0645999908447266,3049,0.0,0.0,2023-07-06
835,2023-07-06 13:54:00-04:00,1.059999942779541,1.059999942779541,1.059999942779541,1.059999942779541,301,0.0,0.0,2023-07-06
836,2023-07-06 13:55:00-04:00,1.059999942779541,1.0700000524520874,1.059999942779541,1.0700000524520874,3707,0.0,0.0,2023-07-06
837,2023-07-06 13:56:00-04:00,1.065000057220459,1.065000057220459,1.059999942779541,1.059999942779541,605,0.0,0.0,2023-07-06
838,2023-07-06 13:57:00-04:00,1.065000057220459,1.0700000524520874,1.059999942779541,1.065000057220459,939,0.0,0.0,2023-07-06
839,2023-07-06 13:58:00-04:00,1.0699000358581543,1.0800000429153442,1.0614999532699585,1.0700000524520874,211253,0.0,0.0,2023-07-06
840,2023-07-06 13:59:00-04:00,1.0750000476837158,1.0750000476837158,1.059999942779541,1.065000057220459,339268,0.0,0.0,2023-07-06
841,2023-07-06 14:00:00-04:00,1.065000057220459,1.0652999877929688,1.065000057220459,1.0652999877929688,2058,0.0,0.0,2023-07-06
842,2023-07-06 14:01:00-04:00,1.06659996509552,1.06659996509552,1.065000057220459,1.065000057220459,5623,0.0,0.0,2023-07-06
843,2023-07-06 14:02:00-04:00,1.059999942779541,1.065000057220459,1.059999942779541,1.065000057220459,401,0.0,0.0,2023-07-06
844,2023-07-06 14:03:00-04:00,1.0693999528884888,1.0700000524520874,1.065000057220459,1.0700000524520874,461,0.0,0.0,2023-07-06
845,2023-07-06 14:05:00-04:00,1.059999942779541,1.0700000524520874,1.059999942779541,1.0700000524520874,445,0.0,0.0,2023-07-06
846,2023-07-06 14:06:00-04:00,1.069599986076355,1.069599986076355,1.069599986076355,1.069599986076355,190,0.0,0.0,2023-07-06
847,2023-07-06 14:07:00-04:00,1.0670000314712524,1.0670000314712524,1.059999942779541,1.065000057220459,4075,0.0,0.0,2023-07-06
848,2023-07-06 14:08:00-04:00,1.065999984741211,1.065999984741211,1.065999984741211,1.065999984741211,900,0.0,0.0,2023-07-06
849,2023-07-06 14:09:00-04:00,1.059999942779541,1.065000057220459,1.059999942779541,1.059999942779541,3169,0.0,0.0,2023-07-06
850,2023-07-06 14:10:00-04:00,1.063599944114685,1.0679999589920044,1.059999942779541,1.059999942779541,1514,0.0,0.0,2023-07-06
851,2023-07-06 14:11:00-04:00,1.059999942779541,1.065600037574768,1.059999942779541,1.065000057220459,3931,0.0,0.0,2023-07-06
852,2023-07-06 14:12:00-04:00,1.059999942779541,1.065000057220459,1.059999942779541,1.065000057220459,3310,0.0,0.0,2023-07-06
853,2023-07-06 14:13:00-04:00,1.059999942779541,1.06850004196167,1.059999942779541,1.065000057220459,7221,0.0,0.0,2023-07-06
854,2023-07-06 14:14:00-04:00,1.059999942779541,1.0700000524520874,1.059999942779541,1.059999942779541,3703,0.0,0.0,2023-07-06
855,2023-07-06 14:15:00-04:00,1.065000057220459,1.0700000524520874,1.059999942779541,1.0613000392913818,3230,0.0,0.0,2023-07-06
856,2023-07-06 14:16:00-04:00,1.059999942779541,1.0699000358581543,1.059999942779541,1.059999942779541,7045,0.0,0.0,2023-07-06
857,2023-07-06 14:17:00-04:00,1.059999942779541,1.065000057220459,1.059999942779541,1.059999942779541,1524,0.0,0.0,2023-07-06
858,2023-07-06 14:18:00-04:00,1.0680999755859375,1.0680999755859375,1.059999942779541,1.059999942779541,301,0.0,0.0,2023-07-06
859,2023-07-06 14:19:00-04:00,1.059999942779541,1.065000057220459,1.059999942779541,1.065000057220459,2313,0.0,0.0,2023-07-06
860,2023-07-06 14:20:00-04:00,1.0700000524520874,1.0700000524520874,1.059999942779541,1.065000057220459,17574,0.0,0.0,2023-07-06
861,2023-07-06 14:21:00-04:00,1.065000057220459,1.065000057220459,1.059999942779541,1.059999942779541,37582,0.0,0.0,2023-07-06
862,2023-07-06 14:22:00-04:00,1.059999942779541,1.065000057220459,1.0499999523162842,1.0549999475479126,572865,0.0,0.0,2023-07-06
863,2023-07-06 14:23:00-04:00,1.0587999820709229,1.0587999820709229,1.0499999523162842,1.0549999475479126,10139,0.0,0.0,2023-07-06
864,2023-07-06 14:24:00-04:00,1.058500051498413,1.059999942779541,1.0499999523162842,1.059999942779541,3270,0.0,0.0,2023-07-06
865,2023-07-06 14:25:00-04:00,1.0549999475479126,1.059999942779541,1.0499999523162842,1.0499999523162842,5880,0.0,0.0,2023-07-06
866,2023-07-06 14:26:00-04:00,1.0549999475479126,1.059999942779541,1.0499999523162842,1.0549999475479126,4552,0.0,0.0,2023-07-06
867,2023-07-06 14:27:00-04:00,1.0549999475479126,1.059999942779541,1.0499999523162842,1.059999942779541,5799,0.0,0.0,2023-07-06
868,2023-07-06 14:28:00-04:00,1.059999942779541,1.059999942779541,1.0549999475479126,1.0549999475479126,3109,0.0,0.0,2023-07-06
869,2023-07-06 14:29:00-04:00,1.059999942779541,1.059999942779541,1.0499999523162842,1.0556999444961548,1610,0.0,0.0,2023-07-06
870,2023-07-06 14:30:00-04:00,1.0549999475479126,1.059999942779541,1.0499999523162842,1.0549999475479126,5780,0.0,0.0,2023-07-06
871,2023-07-06 14:31:00-04:00,1.0549999475479126,1.0549999475479126,1.0549999475479126,1.0549999475479126,1512,0.0,0.0,2023-07-06
872,2023-07-06 14:32:00-04:00,1.0499999523162842,1.059999942779541,1.0499999523162842,1.059999942779541,8381,0.0,0.0,2023-07-06
873,2023-07-06 14:33:00-04:00,1.0549999475479126,1.059999942779541,1.0499999523162842,1.058500051498413,2684,0.0,0.0,2023-07-06
874,2023-07-06 14:34:00-04:00,1.0549999475479126,1.059999942779541,1.0499999523162842,1.0549999475479126,6343,0.0,0.0,2023-07-06
875,2023-07-06 14:35:00-04:00,1.0549999475479126,1.059999942779541,1.0499999523162842,1.0499999523162842,12087,0.0,0.0,2023-07-06
876,2023-07-06 14:36:00-04:00,1.0549999475479126,1.059999942779541,1.0499999523162842,1.0549999475479126,15985,0.0,0.0,2023-07-06
877,2023-07-06 14:37:00-04:00,1.0549999475479126,1.0549999475479126,1.0499999523162842,1.0499999523162842,11260,0.0,0.0,2023-07-06
878,2023-07-06 14:38:00-04:00,1.0549999475479126,1.059999942779541,1.0499999523162842,1.0499999523162842,8940,0.0,0.0,2023-07-06
879,2023-07-06 14:39:00-04:00,1.0549999475479126,1.0599000453948975,1.0499999523162842,1.0549999475479126,11720,0.0,0.0,2023-07-06
880,2023-07-06 14:40:00-04:00,1.0547000169754028,1.0599000453948975,1.0499999523162842,1.0499999523162842,6944,0.0,0.0,2023-07-06
881,2023-07-06 14:41:00-04:00,1.059999942779541,1.059999942779541,1.0549999475479126,1.0549999475479126,32412,0.0,0.0,2023-07-06
882,2023-07-06 14:42:00-04:00,1.059999942779541,1.059999942779541,1.0499999523162842,1.0549999475479126,2307,0.0,0.0,2023-07-06
883,2023-07-06 14:43:00-04:00,1.0499999523162842,1.059999942779541,1.0499999523162842,1.059999942779541,6213,0.0,0.0,2023-07-06
884,2023-07-06 14:44:00-04:00,1.0549999475479126,1.059999942779541,1.0499999523162842,1.0549999475479126,1734,0.0,0.0,2023-07-06
885,2023-07-06 14:45:00-04:00,1.059999942779541,1.059999942779541,1.0525000095367432,1.0549999475479126,1244,0.0,0.0,2023-07-06
886,2023-07-06 14:46:00-04:00,1.0525000095367432,1.0525000095367432,1.0499999523162842,1.0499999523162842,1135,0.0,0.0,2023-07-06
887,2023-07-06 14:47:00-04:00,1.059999942779541,1.059999942779541,1.0549999475479126,1.0549999475479126,17773,0.0,0.0,2023-07-06
888,2023-07-06 14:48:00-04:00,1.0549999475479126,1.059999942779541,1.0499999523162842,1.0499999523162842,6100,0.0,0.0,2023-07-06
889,2023-07-06 14:49:00-04:00,1.059999942779541,1.059999942779541,1.0499999523162842,1.0499999523162842,26038,0.0,0.0,2023-07-06
890,2023-07-06 14:50:00-04:00,1.059999942779541,1.059999942779541,1.0499999523162842,1.0499999523162842,3950,0.0,0.0,2023-07-06
891,2023-07-06 14:51:00-04:00,1.059999942779541,1.059999942779541,1.0549999475479126,1.0549999475479126,9854,0.0,0.0,2023-07-06
892,2023-07-06 14:52:00-04:00,1.0549999475479126,1.059999942779541,1.0549999475479126,1.0549999475479126,6766,0.0,0.0,2023-07-06
893,2023-07-06 14:53:00-04:00,1.0549999475479126,1.0549999475479126,1.0499999523162842,1.0499999523162842,13725,0.0,0.0,2023-07-06
894,2023-07-06 14:54:00-04:00,1.0549999475479126,1.0549999475479126,1.0499999523162842,1.0499999523162842,1101,0.0,0.0,2023-07-06
895,2023-07-06 14:55:00-04:00,1.059999942779541,1.059999942779541,1.059999942779541,1.059999942779541,100,0.0,0.0,2023-07-06
896,2023-07-06 14:56:00-04:00,1.0499999523162842,1.059999942779541,1.0499999523162842,1.0549999475479126,2398,0.0,0.0,2023-07-06
897,2023-07-06 14:57:00-04:00,1.059999942779541,1.059999942779541,1.0549999475479126,1.0549999475479126,606,0.0,0.0,2023-07-06
898,2023-07-06 14:58:00-04:00,1.0549999475479126,1.0599000453948975,1.0549999475479126,1.0599000453948975,3369,0.0,0.0,2023-07-06
899,2023-07-06 14:59:00-04:00,1.0549999475479126,1.0549999475479126,1.0499999523162842,1.0499999523162842,1340,0.0,0.0,2023-07-06
900,2023-07-06 15:00:00-04:00,1.0499999523162842,1.0549999475479126,1.0499999523162842,1.0549999475479126,1678,0.0,0.0,2023-07-06
901,2023-07-06 15:02:00-04:00,1.0549999475479126,1.059999942779541,1.0499999523162842,1.0549999475479126,98996,0.0,0.0,2023-07-06
902,2023-07-06 15:03:00-04:00,1.0549999475479126,1.059999942779541,1.0499999523162842,1.0549999475479126,9184,0.0,0.0,2023-07-06
903,2023-07-06 15:04:00-04:00,1.059999942779541,1.059999942779541,1.0499999523162842,1.056399941444397,1560,0.0,0.0,2023-07-06
904,2023-07-06 15:05:00-04:00,1.059999942779541,1.059999942779541,1.0499999523162842,1.0499999523162842,1356,0.0,0.0,2023-07-06
905,2023-07-06 15:06:00-04:00,1.058500051498413,1.059999942779541,1.058500051498413,1.059999942779541,614,0.0,0.0,2023-07-06
906,2023-07-06 15:07:00-04:00,1.0580999851226807,1.059999942779541,1.0499999523162842,1.0499999523162842,2417,0.0,0.0,2023-07-06
907,2023-07-06 15:08:00-04:00,1.058899998664856,1.059999942779541,1.058899998664856,1.059999942779541,220,0.0,0.0,2023-07-06
908,2023-07-06 15:09:00-04:00,1.059999942779541,1.059999942779541,1.0499999523162842,1.058500051498413,4060,0.0,0.0,2023-07-06
909,2023-07-06 15:10:00-04:00,1.059999942779541,1.059999942779541,1.0499999523162842,1.0499999523162842,2169,0.0,0.0,2023-07-06
910,2023-07-06 15:11:00-04:00,1.0499999523162842,1.059999942779541,1.0499999523162842,1.0499999523162842,2433,0.0,0.0,2023-07-06
911,2023-07-06 15:12:00-04:00,1.0499999523162842,1.0499999523162842,1.0499999523162842,1.0499999523162842,503,0.0,0.0,2023-07-06
912,2023-07-06 15:13:00-04:00,1.0499999523162842,1.0597000122070312,1.0499999523162842,1.0597000122070312,11642,0.0,0.0,2023-07-06
913,2023-07-06 15:14:00-04:00,1.0499999523162842,1.059999942779541,1.0499999523162842,1.0499999523162842,165883,0.0,0.0,2023-07-06
914,2023-07-06 15:15:00-04:00,1.0549999475479126,1.0549999475479126,1.0399999618530273,1.0449999570846558,119288,0.0,0.0,2023-07-06
915,2023-07-06 15:16:00-04:00,1.0449999570846558,1.0499999523162842,1.0449999570846558,1.0499999523162842,6230,0.0,0.0,2023-07-06
916,2023-07-06 15:17:00-04:00,1.0499999523162842,1.0499999523162842,1.0425000190734863,1.0476000308990479,8569,0.0,0.0,2023-07-06
917,2023-07-06 15:18:00-04:00,1.0399999618530273,1.0549999475479126,1.0399999618530273,1.0499999523162842,340125,0.0,0.0,2023-07-06
918,2023-07-06 15:19:00-04:00,1.0549999475479126,1.0549999475479126,1.0549999475479126,1.0549999475479126,163,0.0,0.0,2023-07-06
919,2023-07-06 15:20:00-04:00,1.0499999523162842,1.058500051498413,1.0399999618530273,1.0499000549316406,192403,0.0,0.0,2023-07-06
920,2023-07-06 15:21:00-04:00,1.048799991607666,1.0499999523162842,1.0485999584197998,1.0499999523162842,7357,0.0,0.0,2023-07-06
921,2023-07-06 15:22:00-04:00,1.0499000549316406,1.0499999523162842,1.044600009918213,1.044600009918213,22304,0.0,0.0,2023-07-06
922,2023-07-06 15:23:00-04:00,1.0499999523162842,1.059999942779541,1.0399999618530273,1.059999942779541,106852,0.0,0.0,2023-07-06
923,2023-07-06 15:24:00-04:00,1.0549999475479126,1.0599000453948975,1.0549999475479126,1.0599000453948975,257,0.0,0.0,2023-07-06
924,2023-07-06 15:25:00-04:00,1.0549999475479126,1.059999942779541,1.0549999475479126,1.0591000318527222,2251,0.0,0.0,2023-07-06
925,2023-07-06 15:26:00-04:00,1.0549999475479126,1.059999942779541,1.0499999523162842,1.0549999475479126,2938,0.0,0.0,2023-07-06
926,2023-07-06 15:28:00-04:00,1.0546000003814697,1.059999942779541,1.0499999523162842,1.0549999475479126,4756,0.0,0.0,2023-07-06
927,2023-07-06 15:29:00-04:00,1.058500051498413,1.058500051498413,1.0549999475479126,1.058500051498413,2591,0.0,0.0,2023-07-06
928,2023-07-06 15:30:00-04:00,1.0549999475479126,1.059999942779541,1.0549999475479126,1.0549999475479126,6937,0.0,0.0,2023-07-06
929,2023-07-06 15:31:00-04:00,1.0549999475479126,1.059999942779541,1.0549999475479126,1.059999942779541,8211,0.0,0.0,2023-07-06
930,2023-07-06 15:32:00-04:00,1.058500051498413,1.058500051498413,1.0499999523162842,1.0549999475479126,3221,0.0,0.0,2023-07-06
931,2023-07-06 15:33:00-04:00,1.0549999475479126,1.059999942779541,1.0500999689102173,1.059999942779541,8719,0.0,0.0,2023-07-06
932,2023-07-06 15:34:00-04:00,1.0549999475479126,1.0549999475479126,1.0549999475479126,1.0549999475479126,596,0.0,0.0,2023-07-06
933,2023-07-06 15:35:00-04:00,1.0549999475479126,1.059999942779541,1.0499999523162842,1.059999942779541,5070,0.0,0.0,2023-07-06
934,2023-07-06 15:36:00-04:00,1.0598000288009644,1.059999942779541,1.0549999475479126,1.059999942779541,4956,0.0,0.0,2023-07-06
935,2023-07-06 15:37:00-04:00,1.0572999715805054,1.0572999715805054,1.0572999715805054,1.0572999715805054,227,0.0,0.0,2023-07-06
936,2023-07-06 15:38:00-04:00,1.0499999523162842,1.059999942779541,1.0499999523162842,1.0549999475479126,1884,0.0,0.0,2023-07-06
937,2023-07-06 15:39:00-04:00,1.0549999475479126,1.059999942779541,1.0549999475479126,1.0549999475479126,2870,0.0,0.0,2023-07-06
938,2023-07-06 15:40:00-04:00,1.059999942779541,1.059999942779541,1.0549999475479126,1.0549999475479126,39871,0.0,0.0,2023-07-06
939,2023-07-06 15:41:00-04:00,1.059999942779541,1.059999942779541,1.0549999475479126,1.0549999475479126,8911,0.0,0.0,2023-07-06
940,2023-07-06 15:42:00-04:00,1.059999942779541,1.059999942779541,1.0499999523162842,1.0499999523162842,11884,0.0,0.0,2023-07-06
941,2023-07-06 15:43:00-04:00,1.059999942779541,1.059999942779541,1.0499999523162842,1.0499999523162842,56042,0.0,0.0,2023-07-06
942,2023-07-06 15:44:00-04:00,1.0549999475479126,1.059999942779541,1.0499999523162842,1.0549999475479126,12919,0.0,0.0,2023-07-06
943,2023-07-06 15:45:00-04:00,1.0549999475479126,1.0549999475479126,1.0499999523162842,1.0499999523162842,18188,0.0,0.0,2023-07-06
944,2023-07-06 15:46:00-04:00,1.0549999475479126,1.0599000453948975,1.0499999523162842,1.0499999523162842,32819,0.0,0.0,2023-07-06
945,2023-07-06 15:47:00-04:00,1.0499999523162842,1.059999942779541,1.0499999523162842,1.0549999475479126,22992,0.0,0.0,2023-07-06
946,2023-07-06 15:48:00-04:00,1.0542999505996704,1.0549999475479126,1.0499999523162842,1.0499999523162842,6241,0.0,0.0,2023-07-06
947,2023-07-06 15:49:00-04:00,1.0549999475479126,1.059399962425232,1.0499999523162842,1.0549999475479126,26318,0.0,0.0,2023-07-06
948,2023-07-06 15:50:00-04:00,1.0549999475479126,1.0599000453948975,1.0499999523162842,1.0549999475479126,18200,0.0,0.0,2023-07-06
949,2023-07-06 15:51:00-04:00,1.059999942779541,1.059999942779541,1.0499999523162842,1.0549999475479126,19552,0.0,0.0,2023-07-06
950,2023-07-06 15:52:00-04:00,1.0499999523162842,1.059999942779541,1.0499999523162842,1.0577000379562378,95153,0.0,0.0,2023-07-06
951,2023-07-06 15:53:00-04:00,1.0549999475479126,1.059999942779541,1.0499999523162842,1.0556999444961548,15907,0.0,0.0,2023-07-06
952,2023-07-06 15:54:00-04:00,1.0499999523162842,1.059999942779541,1.0499999523162842,1.0499999523162842,24439,0.0,0.0,2023-07-06
953,2023-07-06 15:55:00-04:00,1.0549999475479126,1.059999942779541,1.0499999523162842,1.059999942779541,42981,0.0,0.0,2023-07-06
954,2023-07-06 15:56:00-04:00,1.0499999523162842,1.059999942779541,1.0499999523162842,1.0549999475479126,67900,0.0,0.0,2023-07-06
955,2023-07-06 15:57:00-04:00,1.0499999523162842,1.0549999475479126,1.0499999523162842,1.0549999475479126,56998,0.0,0.0,2023-07-06
956,2023-07-06 15:58:00-04:00,1.0549999475479126,1.059999942779541,1.0499999523162842,1.0549999475479126,295683,0.0,0.0,2023-07-06
957,2023-07-06 15:59:00-04:00,1.0549999475479126,1.059999942779541,1.0499999523162842,1.0499999523162842,181269,0.0,0.0,2023-07-06
958,2023-07-07 09:30:00-04:00,1.0499999523162842,1.069700002670288,1.0499999523162842,1.06850004196167,181326,0.0,0.0,2023-07-07
959,2023-07-07 09:31:00-04:00,1.0700000524520874,1.0885000228881836,1.0700000524520874,1.0885000228881836,40680,0.0,0.0,2023-07-07
960,2023-07-07 09:32:00-04:00,1.0885000228881836,1.089900016784668,1.0801000595092773,1.0850000381469727,66424,0.0,0.0,2023-07-07
961,2023-07-07 09:33:00-04:00,1.0850000381469727,1.0860999822616577,1.0800000429153442,1.0860999822616577,12913,0.0,0.0,2023-07-07
962,2023-07-07 09:34:00-04:00,1.080899953842163,1.0850000381469727,1.0750000476837158,1.0750000476837158,63134,0.0,0.0,2023-07-07
963,2023-07-07 09:35:00-04:00,1.0700000524520874,1.0700000524520874,1.059999942779541,1.065000057220459,18940,0.0,0.0,2023-07-07
964,2023-07-07 09:36:00-04:00,1.0671000480651855,1.0700000524520874,1.065000057220459,1.0700000524520874,218164,0.0,0.0,2023-07-07
965,2023-07-07 09:37:00-04:00,1.0750000476837158,1.0750000476837158,1.059999942779541,1.065000057220459,96199,0.0,0.0,2023-07-07
966,2023-07-07 09:38:00-04:00,1.065000057220459,1.0700000524520874,1.0609999895095825,1.0663000345230103,5056,0.0,0.0,2023-07-07
967,2023-07-07 09:39:00-04:00,1.0694999694824219,1.0700000524520874,1.0622999668121338,1.0622999668121338,24765,0.0,0.0,2023-07-07
968,2023-07-07 09:40:00-04:00,1.059999942779541,1.0700000524520874,1.059999942779541,1.0694999694824219,5922,0.0,0.0,2023-07-07
969,2023-07-07 09:41:00-04:00,1.059999942779541,1.0700000524520874,1.059999942779541,1.062999963760376,12337,0.0,0.0,2023-07-07
970,2023-07-07 09:42:00-04:00,1.0694999694824219,1.0694999694824219,1.0694999694824219,1.0694999694824219,2011,0.0,0.0,2023-07-07
971,2023-07-07 09:43:00-04:00,1.065000057220459,1.065000057220459,1.0499999523162842,1.059999942779541,67061,0.0,0.0,2023-07-07
972,2023-07-07 09:44:00-04:00,1.0597000122070312,1.0700000524520874,1.0549999475479126,1.0700000524520874,37557,0.0,0.0,2023-07-07
973,2023-07-07 09:45:00-04:00,1.0700000524520874,1.0700000524520874,1.0615999698638916,1.0700000524520874,17138,0.0,0.0,2023-07-07
974,2023-07-07 09:46:00-04:00,1.065000057220459,1.0657000541687012,1.065000057220459,1.0657000541687012,507,0.0,0.0,2023-07-07
975,2023-07-07 09:47:00-04:00,1.0700000524520874,1.0700000524520874,1.059999942779541,1.0672999620437622,7088,0.0,0.0,2023-07-07
976,2023-07-07 09:48:00-04:00,1.069100022315979,1.0700000524520874,1.0622999668121338,1.065000057220459,41312,0.0,0.0,2023-07-07
977,2023-07-07 09:49:00-04:00,1.0616999864578247,1.0700000524520874,1.0616999864578247,1.06850004196167,837,0.0,0.0,2023-07-07
978,2023-07-07 09:50:00-04:00,1.069100022315979,1.069100022315979,1.059999942779541,1.059999942779541,7828,0.0,0.0,2023-07-07
979,2023-07-07 09:51:00-04:00,1.065000057220459,1.0700000524520874,1.059999942779541,1.059999942779541,10119,0.0,0.0,2023-07-07
980,2023-07-07 09:52:00-04:00,1.059999942779541,1.069100022315979,1.059999942779541,1.0687999725341797,8221,0.0,0.0,2023-07-07
981,2023-07-07 09:53:00-04:00,1.065000057220459,1.0699000358581543,1.0616999864578247,1.0699000358581543,5766,0.0,0.0,2023-07-07
982,2023-07-07 09:54:00-04:00,1.065000057220459,1.0676000118255615,1.065000057220459,1.065000057220459,3410,0.0,0.0,2023-07-07
983,2023-07-07 09:56:00-04:00,1.065000057220459,1.06850004196167,1.059999942779541,1.0679999589920044,23156,0.0,0.0,2023-07-07
984,2023-07-07 09:57:00-04:00,1.0628000497817993,1.065000057220459,1.059999942779541,1.065000057220459,7702,0.0,0.0,2023-07-07
985,2023-07-07 09:58:00-04:00,1.065000057220459,1.0679999589920044,1.059999942779541,1.0657000541687012,3604,0.0,0.0,2023-07-07
986,2023-07-07 09:59:00-04:00,1.065000057220459,1.0785000324249268,1.065000057220459,1.0700000524520874,92195,0.0,0.0,2023-07-07
987,2023-07-07 10:00:00-04:00,1.059999942779541,1.059999942779541,1.059999942779541,1.059999942779541,1363,0.0,0.0,2023-07-07
988,2023-07-07 10:02:00-04:00,1.0700000524520874,1.0700000524520874,1.0700000524520874,1.0700000524520874,200,0.0,0.0,2023-07-07
989,2023-07-07 10:03:00-04:00,1.0700000524520874,1.0700000524520874,1.065000057220459,1.0700000524520874,28437,0.0,0.0,2023-07-07
990,2023-07-07 10:04:00-04:00,1.0700000524520874,1.0700000524520874,1.0700000524520874,1.0700000524520874,2140,0.0,0.0,2023-07-07
991,2023-07-07 10:05:00-04:00,1.065000057220459,1.065000057220459,1.059999942779541,1.059999942779541,384,0.0,0.0,2023-07-07
992,2023-07-07 10:06:00-04:00,1.068600058555603,1.068600058555603,1.059999942779541,1.059999942779541,2350,0.0,0.0,2023-07-07
993,2023-07-07 10:07:00-04:00,1.069100022315979,1.0700000524520874,1.065000057220459,1.0700000524520874,13205,0.0,0.0,2023-07-07
994,2023-07-07 10:08:00-04:00,1.0699000358581543,1.0700000524520874,1.0642000436782837,1.0642000436782837,1558,0.0,0.0,2023-07-07
995,2023-07-07 10:09:00-04:00,1.0699000358581543,1.0700000524520874,1.0699000358581543,1.0700000524520874,1305,0.0,0.0,2023-07-07
996,2023-07-07 10:10:00-04:00,1.066499948501587,1.0700000524520874,1.059999942779541,1.0700000524520874,10719,0.0,0.0,2023-07-07
997,2023-07-07 10:11:00-04:00,1.065000057220459,1.065000057220459,1.065000057220459,1.065000057220459,123,0.0,0.0,2023-07-07
998,2023-07-07 10:12:00-04:00,1.059999942779541,1.0750000476837158,1.059999942779541,1.0721999406814575,14546,0.0,0.0,2023-07-07
999,2023-07-07 10:13:00-04:00,1.0750000476837158,1.0785000324249268,1.0700000524520874,1.070099949836731,28238,0.0,0.0,2023-07-07
1000,2023-07-07 10:14:00-04:00,1.0700000524520874,1.0750000476837158,1.0700000524520874,1.0750000476837158,3245,0.0,0.0,2023-07-07
1001,2023-07-07 10:15:00-04:00,1.0700000524520874,1.0746999979019165,1.065000057220459,1.0699000358581543,30379,0.0,0.0,2023-07-07
1002,2023-07-07 10:16:00-04:00,1.0699000358581543,1.0699000358581543,1.065000057220459,1.065000057220459,556,0.0,0.0,2023-07-07
1003,2023-07-07 10:17:00-04:00,1.0687999725341797,1.0800000429153442,1.059999942779541,1.0750000476837158,215499,0.0,0.0,2023-07-07
1004,2023-07-07 10:18:00-04:00,1.0800000429153442,1.0800000429153442,1.0700000524520874,1.0750000476837158,17796,0.0,0.0,2023-07-07
1005,2023-07-07 10:19:00-04:00,1.0750000476837158,1.0750000476837158,1.065000057220459,1.070099949836731,688756,0.0,0.0,2023-07-07
1006,2023-07-07 10:20:00-04:00,1.0700000524520874,1.0800000429153442,1.0700000524520874,1.0784000158309937,5765,0.0,0.0,2023-07-07
1007,2023-07-07 10:21:00-04:00,1.0716999769210815,1.0800000429153442,1.0700000524520874,1.0750000476837158,209065,0.0,0.0,2023-07-07
1008,2023-07-07 10:22:00-04:00,1.0785000324249268,1.0785000324249268,1.0633000135421753,1.0633000135421753,59184,0.0,0.0,2023-07-07
1009,2023-07-07 10:23:00-04:00,1.0700000524520874,1.0700000524520874,1.0663000345230103,1.0663000345230103,1159,0.0,0.0,2023-07-07
1010,2023-07-07 10:24:00-04:00,1.065000057220459,1.0800000429153442,1.065000057220459,1.0750000476837158,238684,0.0,0.0,2023-07-07
1011,2023-07-07 10:25:00-04:00,1.0750000476837158,1.0800000429153442,1.0700000524520874,1.0700000524520874,17896,0.0,0.0,2023-07-07
1012,2023-07-07 10:26:00-04:00,1.0700000524520874,1.0700000524520874,1.059999942779541,1.065000057220459,62861,0.0,0.0,2023-07-07
1013,2023-07-07 10:27:00-04:00,1.065000057220459,1.06850004196167,1.059999942779541,1.065000057220459,3767,0.0,0.0,2023-07-07
1014,2023-07-07 10:28:00-04:00,1.065000057220459,1.0700000524520874,1.065000057220459,1.0698000192642212,4909,0.0,0.0,2023-07-07
1015,2023-07-07 10:29:00-04:00,1.0700000524520874,1.0700000524520874,1.0699000358581543,1.0699000358581543,1790,0.0,0.0,2023-07-07
1016,2023-07-07 10:30:00-04:00,1.0699000358581543,1.0700000524520874,1.059999942779541,1.059999942779541,6644,0.0,0.0,2023-07-07
1017,2023-07-07 10:31:00-04:00,1.0700000524520874,1.0700000524520874,1.0700000524520874,1.0700000524520874,1511,0.0,0.0,2023-07-07
1018,2023-07-07 10:32:00-04:00,1.0622999668121338,1.065000057220459,1.059999942779541,1.059999942779541,1386,0.0,0.0,2023-07-07
1019,2023-07-07 10:33:00-04:00,1.0670000314712524,1.06850004196167,1.0670000314712524,1.06850004196167,927,0.0,0.0,2023-07-07
1020,2023-07-07 10:34:00-04:00,1.0699000358581543,1.0700000524520874,1.0681999921798706,1.0681999921798706,1466,0.0,0.0,2023-07-07
1021,2023-07-07 10:35:00-04:00,1.059999942779541,1.0700000524520874,1.059999942779541,1.0700000524520874,1634,0.0,0.0,2023-07-07
1022,2023-07-07 10:36:00-04:00,1.0600999593734741,1.0700000524520874,1.0600999593734741,1.0700000524520874,1495,0.0,0.0,2023-07-07
1023,2023-07-07 10:37:00-04:00,1.0686999559402466,1.0686999559402466,1.065000057220459,1.0680999755859375,4156,0.0,0.0,2023-07-07
1024,2023-07-07 10:38:00-04:00,1.065000057220459,1.0700000524520874,1.065000057220459,1.065000057220459,48173,0.0,0.0,2023-07-07
1025,2023-07-07 10:39:00-04:00,1.065000057220459,1.065000057220459,1.059999942779541,1.065000057220459,2725,0.0,0.0,2023-07-07
1026,2023-07-07 10:40:00-04:00,1.065000057220459,1.065000057220459,1.059999942779541,1.065000057220459,8134,0.0,0.0,2023-07-07
1027,2023-07-07 10:41:00-04:00,1.065000057220459,1.0700000524520874,1.059999942779541,1.0700000524520874,3800,0.0,0.0,2023-07-07
1028,2023-07-07 10:42:00-04:00,1.0684000253677368,1.0684000253677368,1.065000057220459,1.065000057220459,20242,0.0,0.0,2023-07-07
1029,2023-07-07 10:43:00-04:00,1.0700000524520874,1.0700000524520874,1.062000036239624,1.0637999773025513,10454,0.0,0.0,2023-07-07
1030,2023-07-07 10:44:00-04:00,1.065000057220459,1.065000057220459,1.059999942779541,1.065000057220459,2068,0.0,0.0,2023-07-07
1031,2023-07-07 10:45:00-04:00,1.065000057220459,1.0700000524520874,1.059999942779541,1.0700000524520874,11879,0.0,0.0,2023-07-07
1032,2023-07-07 10:46:00-04:00,1.0666999816894531,1.0700000524520874,1.0600999593734741,1.0700000524520874,28273,0.0,0.0,2023-07-07
1033,2023-07-07 10:47:00-04:00,1.0600999593734741,1.0684000253677368,1.0600999593734741,1.065000057220459,4084,0.0,0.0,2023-07-07
1034,2023-07-07 10:48:00-04:00,1.065000057220459,1.0693000555038452,1.059999942779541,1.0693000555038452,8533,0.0,0.0,2023-07-07
1035,2023-07-07 10:49:00-04:00,1.065000057220459,1.0700000524520874,1.065000057220459,1.0700000524520874,10317,0.0,0.0,2023-07-07
1036,2023-07-07 10:50:00-04:00,1.059999942779541,1.0700000524520874,1.059999942779541,1.0700000524520874,5490,0.0,0.0,2023-07-07
1037,2023-07-07 10:51:00-04:00,1.0700000524520874,1.0700000524520874,1.0633000135421753,1.065000057220459,3659,0.0,0.0,2023-07-07
1038,2023-07-07 10:52:00-04:00,1.065000057220459,1.065000057220459,1.065000057220459,1.065000057220459,178,0.0,0.0,2023-07-07
1039,2023-07-07 10:53:00-04:00,1.0700000524520874,1.0700000524520874,1.0677000284194946,1.0700000524520874,12960,0.0,0.0,2023-07-07
1040,2023-07-07 10:55:00-04:00,1.059999942779541,1.0700000524520874,1.059999942779541,1.059999942779541,11044,0.0,0.0,2023-07-07
1041,2023-07-07 10:56:00-04:00,1.0672999620437622,1.0700000524520874,1.0672999620437622,1.0700000524520874,643,0.0,0.0,2023-07-07
1042,2023-07-07 10:58:00-04:00,1.0700000524520874,1.0700000524520874,1.0700000524520874,1.0700000524520874,0,0.0,0.0,2023-07-07
1043,2023-07-07 10:59:00-04:00,1.065000057220459,1.065000057220459,1.065000057220459,1.065000057220459,3215576,0.0,0.0,2023-07-07
1044,2023-07-07 11:00:00-04:00,1.059999942779541,1.0677000284194946,1.059999942779541,1.0677000284194946,1245,0.0,0.0,2023-07-07
1045,2023-07-07 11:01:00-04:00,1.059999942779541,1.0700000524520874,1.059999942779541,1.065000057220459,16699,0.0,0.0,2023-07-07
1046,2023-07-07 11:02:00-04:00,1.0700000524520874,1.0700000524520874,1.065000057220459,1.065000057220459,1287,0.0,0.0,2023-07-07
1047,2023-07-07 11:03:00-04:00,1.06850004196167,1.06850004196167,1.065000057220459,1.065000057220459,1469,0.0,0.0,2023-07-07
1048,2023-07-07 11:04:00-04:00,1.065000057220459,1.06850004196167,1.065000057220459,1.06850004196167,1157,0.0,0.0,2023-07-07
1049,2023-07-07 11:05:00-04:00,1.06850004196167,1.0700000524520874,1.059999942779541,1.06850004196167,32878,0.0,0.0,2023-07-07
1050,2023-07-07 11:06:00-04:00,1.069000005722046,1.0700000524520874,1.06850004196167,1.0688999891281128,2647,0.0,0.0,2023-07-07
1051,2023-07-07 11:07:00-04:00,1.06850004196167,1.0700000524520874,1.0641000270843506,1.0700000524520874,3432,0.0,0.0,2023-07-07
1052,2023-07-07 11:08:00-04:00,1.06850004196167,1.06850004196167,1.065000057220459,1.065000057220459,1897,0.0,0.0,2023-07-07
1053,2023-07-07 11:09:00-04:00,1.065000057220459,1.0700000524520874,1.065000057220459,1.065000057220459,600,0.0,0.0,2023-07-07
1054,2023-07-07 11:10:00-04:00,1.065000057220459,1.0678999423980713,1.059999942779541,1.0678999423980713,16427,0.0,0.0,2023-07-07
1055,2023-07-07 11:11:00-04:00,1.059999942779541,1.065000057220459,1.059999942779541,1.065000057220459,317,0.0,0.0,2023-07-07
1056,2023-07-07 11:12:00-04:00,1.0673999786376953,1.0699000358581543,1.065000057220459,1.0699000358581543,511,0.0,0.0,2023-07-07
1057,2023-07-07 11:13:00-04:00,1.0679999589920044,1.06850004196167,1.0679999589920044,1.06850004196167,691,0.0,0.0,2023-07-07
1058,2023-07-07 11:14:00-04:00,1.0614999532699585,1.0614999532699585,1.0614999532699585,1.0614999532699585,2167,0.0,0.0,2023-07-07
1059,2023-07-07 11:15:00-04:00,1.065000057220459,1.068600058555603,1.059999942779541,1.068600058555603,1763,0.0,0.0,2023-07-07
1060,2023-07-07 11:16:00-04:00,1.0699000358581543,1.0700000524520874,1.065000057220459,1.065000057220459,8477,0.0,0.0,2023-07-07
1061,2023-07-07 11:17:00-04:00,1.059999942779541,1.0677000284194946,1.059999942779541,1.0677000284194946,2378,0.0,0.0,2023-07-07
1062,2023-07-07 11:18:00-04:00,1.065000057220459,1.0700000524520874,1.065000057220459,1.065000057220459,9002,0.0,0.0,2023-07-07
1063,2023-07-07 11:19:00-04:00,1.065000057220459,1.068600058555603,1.065000057220459,1.065000057220459,3681,0.0,0.0,2023-07-07
1064,2023-07-07 11:20:00-04:00,1.065000057220459,1.0677000284194946,1.0600999593734741,1.0677000284194946,1458,0.0,0.0,2023-07-07
1065,2023-07-07 11:22:00-04:00,1.0642999410629272,1.0700000524520874,1.059999942779541,1.0700000524520874,75952,0.0,0.0,2023-07-07
1066,2023-07-07 11:23:00-04:00,1.065000057220459,1.0700000524520874,1.065000057220459,1.0700000524520874,28554,0.0,0.0,2023-07-07
1067,2023-07-07 11:24:00-04:00,1.0700000524520874,1.0700000524520874,1.0693999528884888,1.0699000358581543,65279,0.0,0.0,2023-07-07
1068,2023-07-07 11:25:00-04:00,1.0700000524520874,1.0700000524520874,1.065000057220459,1.065000057220459,16663,0.0,0.0,2023-07-07
1069,2023-07-07 11:26:00-04:00,1.065000057220459,1.0699000358581543,1.065000057220459,1.0699000358581543,2104,0.0,0.0,2023-07-07
1070,2023-07-07 11:27:00-04:00,1.065000057220459,1.0700000524520874,1.059999942779541,1.059999942779541,4574,0.0,0.0,2023-07-07
1071,2023-07-07 11:29:00-04:00,1.069700002670288,1.0700000524520874,1.0693999528884888,1.0693999528884888,2942,0.0,0.0,2023-07-07
1072,2023-07-07 11:30:00-04:00,1.0700000524520874,1.0700000524520874,1.065000057220459,1.0700000524520874,9761,0.0,0.0,2023-07-07
1073,2023-07-07 11:31:00-04:00,1.0700000524520874,1.0700000524520874,1.0657000541687012,1.0700000524520874,12453,0.0,0.0,2023-07-07
1074,2023-07-07 11:32:00-04:00,1.065000057220459,1.065000057220459,1.059999942779541,1.0600999593734741,3957,0.0,0.0,2023-07-07
1075,2023-07-07 11:35:00-04:00,1.0700000524520874,1.0800000429153442,1.0700000524520874,1.0779999494552612,34607,0.0,0.0,2023-07-07
1076,2023-07-07 11:36:00-04:00,1.076300024986267,1.0799000263214111,1.076300024986267,1.0799000263214111,11105,0.0,0.0,2023-07-07
1077,2023-07-07 11:37:00-04:00,1.0750000476837158,1.0750000476837158,1.0700000524520874,1.0700000524520874,1220,0.0,0.0,2023-07-07
1078,2023-07-07 11:38:00-04:00,1.0700000524520874,1.0785000324249268,1.0700000524520874,1.0785000324249268,3953,0.0,0.0,2023-07-07
1079,2023-07-07 11:39:00-04:00,1.0700000524520874,1.0786999464035034,1.0700000524520874,1.0786999464035034,6304,0.0,0.0,2023-07-07
1080,2023-07-07 11:40:00-04:00,1.0750000476837158,1.0800000429153442,1.0708999633789062,1.0800000429153442,1296,0.0,0.0,2023-07-07
1081,2023-07-07 11:41:00-04:00,1.079200029373169,1.0800000429153442,1.079200029373169,1.0800000429153442,7501,0.0,0.0,2023-07-07
1082,2023-07-07 11:42:00-04:00,1.0799000263214111,1.0799000263214111,1.0750000476837158,1.0752999782562256,7082,0.0,0.0,2023-07-07
1083,2023-07-07 11:43:00-04:00,1.0793999433517456,1.0793999433517456,1.0750000476837158,1.0786999464035034,5873,0.0,0.0,2023-07-07
1084,2023-07-07 11:44:00-04:00,1.0750000476837158,1.0750000476837158,1.0750000476837158,1.0750000476837158,776,0.0,0.0,2023-07-07
1085,2023-07-07 11:45:00-04:00,1.0750000476837158,1.0786000490188599,1.0700000524520874,1.0700000524520874,28499,0.0,0.0,2023-07-07
1086,2023-07-07 11:46:00-04:00,1.0700000524520874,1.0785000324249268,1.0700000524520874,1.0785000324249268,1215,0.0,0.0,2023-07-07
1087,2023-07-07 11:47:00-04:00,1.0700000524520874,1.0700000524520874,1.0700000524520874,1.0700000524520874,202,0.0,0.0,2023-07-07
1088,2023-07-07 11:48:00-04:00,1.0750000476837158,1.0750000476837158,1.0700000524520874,1.0700000524520874,25470,0.0,0.0,2023-07-07
1089,2023-07-07 11:49:00-04:00,1.0700000524520874,1.0799000263214111,1.0700000524520874,1.0799000263214111,19330,0.0,0.0,2023-07-07
1090,2023-07-07 11:50:00-04:00,1.0700000524520874,1.0779000520706177,1.0700000524520874,1.0700000524520874,3131,0.0,0.0,2023-07-07
1091,2023-07-07 11:51:00-04:00,1.0700000524520874,1.0800000429153442,1.0700000524520874,1.0700000524520874,5901,0.0,0.0,2023-07-07
1092,2023-07-07 11:52:00-04:00,1.0700000524520874,1.0750000476837158,1.0700000524520874,1.070099949836731,63556,0.0,0.0,2023-07-07
1093,2023-07-07 11:53:00-04:00,1.0750000476837158,1.0785000324249268,1.0700000524520874,1.0750000476837158,33033,0.0,0.0,2023-07-07
1094,2023-07-07 11:54:00-04:00,1.0700000524520874,1.0787999629974365,1.0700000524520874,1.0700000524520874,25942,0.0,0.0,2023-07-07
1095,2023-07-07 11:55:00-04:00,1.0714999437332153,1.0714999437332153,1.070099949836731,1.070099949836731,1964,0.0,0.0,2023-07-07
1096,2023-07-07 11:56:00-04:00,1.0785000324249268,1.0800000429153442,1.0700000524520874,1.0700000524520874,2062,0.0,0.0,2023-07-07
1097,2023-07-07 11:57:00-04:00,1.0750000476837158,1.0750000476837158,1.0750000476837158,1.0750000476837158,228,0.0,0.0,2023-07-07
1098,2023-07-07 11:58:00-04:00,1.0700000524520874,1.0785000324249268,1.0700000524520874,1.0774999856948853,6494,0.0,0.0,2023-07-07
1099,2023-07-07 11:59:00-04:00,1.0785000324249268,1.0785000324249268,1.0785000324249268,1.0785000324249268,965,0.0,0.0,2023-07-07
1100,2023-07-07 12:00:00-04:00,1.0750000476837158,1.0785000324249268,1.0743999481201172,1.0785000324249268,1064,0.0,0.0,2023-07-07
1101,2023-07-07 12:01:00-04:00,1.0720000267028809,1.0785000324249268,1.0700000524520874,1.0700000524520874,2790,0.0,0.0,2023-07-07
1102,2023-07-07 12:02:00-04:00,1.0800000429153442,1.0800000429153442,1.0785000324249268,1.0785000324249268,1927,0.0,0.0,2023-07-07
1103,2023-07-07 12:03:00-04:00,1.0750000476837158,1.0750000476837158,1.0700000524520874,1.0750000476837158,1838,0.0,0.0,2023-07-07
1104,2023-07-07 12:04:00-04:00,1.0759999752044678,1.0759999752044678,1.0700000524520874,1.0700000524520874,526,0.0,0.0,2023-07-07
1105,2023-07-07 12:05:00-04:00,1.0800000429153442,1.0800000429153442,1.0702999830245972,1.0702999830245972,400,0.0,0.0,2023-07-07
1106,2023-07-07 12:06:00-04:00,1.0700000524520874,1.0750000476837158,1.0700000524520874,1.0700000524520874,11765,0.0,0.0,2023-07-07
1107,2023-07-07 12:07:00-04:00,1.0700000524520874,1.0700000524520874,1.0700000524520874,1.0700000524520874,429,0.0,0.0,2023-07-07
1108,2023-07-07 12:08:00-04:00,1.0800000429153442,1.0800000429153442,1.0700000524520874,1.0750000476837158,5621,0.0,0.0,2023-07-07
1109,2023-07-07 12:09:00-04:00,1.0750000476837158,1.0750000476837158,1.0750000476837158,1.0750000476837158,285,0.0,0.0,2023-07-07
1110,2023-07-07 12:10:00-04:00,1.0750000476837158,1.0750000476837158,1.0750000476837158,1.0750000476837158,531,0.0,0.0,2023-07-07
1111,2023-07-07 12:11:00-04:00,1.0750000476837158,1.0789999961853027,1.0750000476837158,1.0750000476837158,1616,0.0,0.0,2023-07-07
1112,2023-07-07 12:12:00-04:00,1.0700000524520874,1.0800000429153442,1.0700000524520874,1.072700023651123,1906,0.0,0.0,2023-07-07
1113,2023-07-07 12:13:00-04:00,1.0750000476837158,1.0750000476837158,1.0750000476837158,1.0750000476837158,200,0.0,0.0,2023-07-07
1114,2023-07-07 12:14:00-04:00,1.0700000524520874,1.0700000524520874,1.0700000524520874,1.0700000524520874,1352,0.0,0.0,2023-07-07
1115,2023-07-07 12:19:00-04:00,1.0769000053405762,1.0769000053405762,1.0769000053405762,1.0769000053405762,497,0.0,0.0,2023-07-07
1116,2023-07-07 12:20:00-04:00,1.0786999464035034,1.0786999464035034,1.0700000524520874,1.0785000324249268,12078,0.0,0.0,2023-07-07
1117,2023-07-07 12:22:00-04:00,1.0700000524520874,1.0750000476837158,1.0700000524520874,1.070099949836731,870,0.0,0.0,2023-07-07
1118,2023-07-07 12:23:00-04:00,1.0702999830245972,1.0750000476837158,1.0702999830245972,1.0750000476837158,2404,0.0,0.0,2023-07-07
1119,2023-07-07 12:24:00-04:00,1.0750000476837158,1.0750000476837158,1.0750000476837158,1.0750000476837158,128,0.0,0.0,2023-07-07
1120,2023-07-07 12:25:00-04:00,1.0750000476837158,1.0750000476837158,1.0714999437332153,1.0714999437332153,1523,0.0,0.0,2023-07-07
1121,2023-07-07 12:26:00-04:00,1.0750000476837158,1.0750000476837158,1.0750000476837158,1.0750000476837158,734,0.0,0.0,2023-07-07
1122,2023-07-07 12:27:00-04:00,1.0750000476837158,1.0782999992370605,1.0700000524520874,1.0750000476837158,13227,0.0,0.0,2023-07-07
1123,2023-07-07 12:28:00-04:00,1.0750000476837158,1.0800000429153442,1.0700000524520874,1.0764000415802002,12838,0.0,0.0,2023-07-07
1124,2023-07-07 12:29:00-04:00,1.0750000476837158,1.0750000476837158,1.0700000524520874,1.0750000476837158,2162,0.0,0.0,2023-07-07
1125,2023-07-07 12:30:00-04:00,1.0750000476837158,1.0750000476837158,1.0750000476837158,1.0750000476837158,905,0.0,0.0,2023-07-07
1126,2023-07-07 12:31:00-04:00,1.0789999961853027,1.0789999961853027,1.0700000524520874,1.0700000524520874,4149,0.0,0.0,2023-07-07
1127,2023-07-07 12:33:00-04:00,1.070099949836731,1.0750000476837158,1.070099949836731,1.0750000476837158,3113,0.0,0.0,2023-07-07
1128,2023-07-07 12:34:00-04:00,1.0705000162124634,1.0782999992370605,1.0700000524520874,1.0779000520706177,5061,0.0,0.0,2023-07-07
1129,2023-07-07 12:35:00-04:00,1.0781999826431274,1.0781999826431274,1.0700000524520874,1.0700000524520874,12427,0.0,0.0,2023-07-07
1130,2023-07-07 12:36:00-04:00,1.0700000524520874,1.0700000524520874,1.0700000524520874,1.0700000524520874,100,0.0,0.0,2023-07-07
1131,2023-07-07 12:37:00-04:00,1.0700000524520874,1.0700000524520874,1.0700000524520874,1.0700000524520874,618,0.0,0.0,2023-07-07
1132,2023-07-07 12:38:00-04:00,1.0700000524520874,1.0700000524520874,1.0700000524520874,1.0700000524520874,113,0.0,0.0,2023-07-07
1133,2023-07-07 12:39:00-04:00,1.0799000263214111,1.0799000263214111,1.0700000524520874,1.0750000476837158,2028,0.0,0.0,2023-07-07
1134,2023-07-07 12:40:00-04:00,1.0800000429153442,1.0800000429153442,1.0700000524520874,1.070099949836731,1581,0.0,0.0,2023-07-07
1135,2023-07-07 12:41:00-04:00,1.0750000476837158,1.0800000429153442,1.0700000524520874,1.0700000524520874,5701,0.0,0.0,2023-07-07
1136,2023-07-07 12:42:00-04:00,1.0785000324249268,1.0785000324249268,1.0700000524520874,1.0700000524520874,1093,0.0,0.0,2023-07-07
1137,2023-07-07 12:43:00-04:00,1.0800000429153442,1.0800000429153442,1.070099949836731,1.0750000476837158,1293,0.0,0.0,2023-07-07
1138,2023-07-07 12:45:00-04:00,1.0800000429153442,1.0800000429153442,1.0720000267028809,1.072700023651123,400,0.0,0.0,2023-07-07
1139,2023-07-07 12:46:00-04:00,1.0700000524520874,1.0700000524520874,1.0700000524520874,1.0700000524520874,2438,0.0,0.0,2023-07-07
1140,2023-07-07 12:47:00-04:00,1.0800000429153442,1.0800000429153442,1.0700000524520874,1.0700000524520874,2049,0.0,0.0,2023-07-07
1141,2023-07-07 12:49:00-04:00,1.0700000524520874,1.0700000524520874,1.0700000524520874,1.0700000524520874,1260,0.0,0.0,2023-07-07
1142,2023-07-07 12:50:00-04:00,1.0700000524520874,1.0750000476837158,1.0700000524520874,1.0750000476837158,4435,0.0,0.0,2023-07-07
1143,2023-07-07 12:51:00-04:00,1.0700000524520874,1.0750000476837158,1.0700000524520874,1.0700000524520874,3310,0.0,0.0,2023-07-07
1144,2023-07-07 12:52:00-04:00,1.0700000524520874,1.0772000551223755,1.0700000524520874,1.0750000476837158,5952,0.0,0.0,2023-07-07
1145,2023-07-07 12:53:00-04:00,1.0700000524520874,1.0750000476837158,1.0700000524520874,1.0750000476837158,2807,0.0,0.0,2023-07-07
1146,2023-07-07 12:54:00-04:00,1.0750000476837158,1.0750000476837158,1.0750000476837158,1.0750000476837158,1200,0.0,0.0,2023-07-07
1147,2023-07-07 12:55:00-04:00,1.0750000476837158,1.0771000385284424,1.0700000524520874,1.0700000524520874,4222,0.0,0.0,2023-07-07
1148,2023-07-07 12:57:00-04:00,1.070099949836731,1.070099949836731,1.070099949836731,1.070099949836731,300,0.0,0.0,2023-07-07
1149,2023-07-07 12:58:00-04:00,1.070099949836731,1.0750000476837158,1.0700000524520874,1.0700000524520874,12518,0.0,0.0,2023-07-07
1150,2023-07-07 12:59:00-04:00,1.0700000524520874,1.0777000188827515,1.0700000524520874,1.0700000524520874,5431,0.0,0.0,2023-07-07
1151,2023-07-07 13:01:00-04:00,1.0700000524520874,1.0750000476837158,1.0700000524520874,1.0750000476837158,15655,0.0,0.0,2023-07-07
1152,2023-07-07 13:02:00-04:00,1.0750000476837158,1.0800000429153442,1.0750000476837158,1.0800000429153442,3900,0.0,0.0,2023-07-07
1153,2023-07-07 13:03:00-04:00,1.0700000524520874,1.0700000524520874,1.0700000524520874,1.0700000524520874,100,0.0,0.0,2023-07-07
1154,2023-07-07 13:04:00-04:00,1.0700000524520874,1.0800000429153442,1.0700000524520874,1.0700000524520874,45158,0.0,0.0,2023-07-07
1155,2023-07-07 13:05:00-04:00,1.0750000476837158,1.0750000476837158,1.0750000476837158,1.0750000476837158,425,0.0,0.0,2023-07-07
1156,2023-07-07 13:06:00-04:00,1.070099949836731,1.0780999660491943,1.0700000524520874,1.0700000524520874,23934,0.0,0.0,2023-07-07
1157,2023-07-07 13:07:00-04:00,1.0770000219345093,1.0800000429153442,1.0700000524520874,1.070199966430664,1259,0.0,0.0,2023-07-07
1158,2023-07-07 13:09:00-04:00,1.0700000524520874,1.0799000263214111,1.0700000524520874,1.0799000263214111,1350,0.0,0.0,2023-07-07
1159,2023-07-07 13:10:00-04:00,1.0729999542236328,1.0750000476837158,1.0700000524520874,1.0700000524520874,11432,0.0,0.0,2023-07-07
1160,2023-07-07 13:11:00-04:00,1.0750000476837158,1.0750000476837158,1.0700000524520874,1.0700000524520874,4532,0.0,0.0,2023-07-07
1161,2023-07-07 13:12:00-04:00,1.0700000524520874,1.0750000476837158,1.0700000524520874,1.0750000476837158,3701,0.0,0.0,2023-07-07
1162,2023-07-07 13:13:00-04:00,1.0700000524520874,1.0750000476837158,1.0700000524520874,1.0750000476837158,26755,0.0,0.0,2023-07-07
1163,2023-07-07 13:14:00-04:00,1.0714999437332153,1.0800000429153442,1.0700000524520874,1.0800000429153442,59561,0.0,0.0,2023-07-07
1164,2023-07-07 13:15:00-04:00,1.077299952507019,1.0800000429153442,1.0700000524520874,1.0800000429153442,3500,0.0,0.0,2023-07-07
1165,2023-07-07 13:16:00-04:00,1.0750000476837158,1.0750000476837158,1.0700000524520874,1.0714999437332153,16622,0.0,0.0,2023-07-07
1166,2023-07-07 13:17:00-04:00,1.0750000476837158,1.0800000429153442,1.0700000524520874,1.0700000524520874,4450,0.0,0.0,2023-07-07
1167,2023-07-07 13:18:00-04:00,1.0786000490188599,1.0786000490188599,1.0700000524520874,1.0700000524520874,3208,0.0,0.0,2023-07-07
1168,2023-07-07 13:19:00-04:00,1.0750000476837158,1.0750000476837158,1.0750000476837158,1.0750000476837158,1060,0.0,0.0,2023-07-07
1169,2023-07-07 13:20:00-04:00,1.0750000476837158,1.0750000476837158,1.0750000476837158,1.0750000476837158,400,0.0,0.0,2023-07-07
1170,2023-07-07 13:21:00-04:00,1.070099949836731,1.070099949836731,1.070099949836731,1.070099949836731,1127,0.0,0.0,2023-07-07
1171,2023-07-07 13:22:00-04:00,1.0784000158309937,1.0784000158309937,1.0750000476837158,1.0750000476837158,355,0.0,0.0,2023-07-07
1172,2023-07-07 13:23:00-04:00,1.0750000476837158,1.0750000476837158,1.0700000524520874,1.0750000476837158,3701,0.0,0.0,2023-07-07
1173,2023-07-07 13:25:00-04:00,1.0750000476837158,1.0750000476837158,1.0750000476837158,1.0750000476837158,180,0.0,0.0,2023-07-07
1174,2023-07-07 13:26:00-04:00,1.0750000476837158,1.0750000476837158,1.0750000476837158,1.0750000476837158,717,0.0,0.0,2023-07-07
1175,2023-07-07 13:27:00-04:00,1.070099949836731,1.0750000476837158,1.0700000524520874,1.0750000476837158,2757,0.0,0.0,2023-07-07
1176,2023-07-07 13:29:00-04:00,1.0750000476837158,1.0750000476837158,1.0750000476837158,1.0750000476837158,349,0.0,0.0,2023-07-07
1177,2023-07-07 13:31:00-04:00,1.0750000476837158,1.0750000476837158,1.0750000476837158,1.0750000476837158,1144,0.0,0.0,2023-07-07
1178,2023-07-07 13:35:00-04:00,1.070099949836731,1.0789999961853027,1.0700000524520874,1.0789999961853027,3505,0.0,0.0,2023-07-07
1179,2023-07-07 13:37:00-04:00,1.0750000476837158,1.0750000476837158,1.0700000524520874,1.0700000524520874,1368,0.0,0.0,2023-07-07
1180,2023-07-07 13:38:00-04:00,1.0700000524520874,1.0799000263214111,1.0700000524520874,1.0799000263214111,879,0.0,0.0,2023-07-07
1181,2023-07-07 13:39:00-04:00,1.0700000524520874,1.0779000520706177,1.0700000524520874,1.0700000524520874,8424,0.0,0.0,2023-07-07
1182,2023-07-07 13:40:00-04:00,1.0700000524520874,1.0800000429153442,1.0700000524520874,1.0800000429153442,167913,0.0,0.0,2023-07-07
1183,2023-07-07 13:41:00-04:00,1.0800000429153442,1.0800000429153442,1.0750000476837158,1.0750000476837158,17464,0.0,0.0,2023-07-07
1184,2023-07-07 13:42:00-04:00,1.0719000101089478,1.0789999961853027,1.0719000101089478,1.0750000476837158,1758,0.0,0.0,2023-07-07
1185,2023-07-07 13:43:00-04:00,1.0750000476837158,1.0750000476837158,1.070099949836731,1.0750000476837158,5293,0.0,0.0,2023-07-07
1186,2023-07-07 13:44:00-04:00,1.0750000476837158,1.0785000324249268,1.070099949836731,1.0785000324249268,852,0.0,0.0,2023-07-07
1187,2023-07-07 13:45:00-04:00,1.0789999961853027,1.0789999961853027,1.0789999961853027,1.0789999961853027,500,0.0,0.0,2023-07-07
1188,2023-07-07 13:46:00-04:00,1.073799967765808,1.073799967765808,1.073799967765808,1.073799967765808,425,0.0,0.0,2023-07-07
1189,2023-07-07 13:48:00-04:00,1.0750000476837158,1.0782999992370605,1.0750000476837158,1.0750000476837158,3216,0.0,0.0,2023-07-07
1190,2023-07-07 13:49:00-04:00,1.0750000476837158,1.0750000476837158,1.0750000476837158,1.0750000476837158,1406,0.0,0.0,2023-07-07
1191,2023-07-07 13:50:00-04:00,1.0750000476837158,1.0750000476837158,1.0750000476837158,1.0750000476837158,1727,0.0,0.0,2023-07-07
1192,2023-07-07 13:51:00-04:00,1.079200029373169,1.0800000429153442,1.0750000476837158,1.0750000476837158,8854,0.0,0.0,2023-07-07
1193,2023-07-07 13:53:00-04:00,1.0773999691009521,1.0791000127792358,1.0700000524520874,1.0700000524520874,8445,0.0,0.0,2023-07-07
1194,2023-07-07 13:54:00-04:00,1.0750000476837158,1.0800000429153442,1.0700000524520874,1.0800000429153442,15942,0.0,0.0,2023-07-07
1195,2023-07-07 13:55:00-04:00,1.070099949836731,1.0800000429153442,1.0700000524520874,1.0700000524520874,4382,0.0,0.0,2023-07-07
1196,2023-07-07 13:56:00-04:00,1.0700000524520874,1.0782999992370605,1.0700000524520874,1.0782999992370605,497,0.0,0.0,2023-07-07
1197,2023-07-07 13:57:00-04:00,1.0700000524520874,1.0750000476837158,1.0700000524520874,1.0750000476837158,3000,0.0,0.0,2023-07-07
1198,2023-07-07 13:58:00-04:00,1.0700000524520874,1.0750000476837158,1.0700000524520874,1.0750000476837158,2615,0.0,0.0,2023-07-07
1199,2023-07-07 14:00:00-04:00,1.0700000524520874,1.0750000476837158,1.0700000524520874,1.0750000476837158,961,0.0,0.0,2023-07-07
1200,2023-07-07 14:01:00-04:00,1.0800000429153442,1.0800000429153442,1.0800000429153442,1.0800000429153442,2001,0.0,0.0,2023-07-07
1201,2023-07-07 14:02:00-04:00,1.0750000476837158,1.0750000476837158,1.0700000524520874,1.0700000524520874,1301,0.0,0.0,2023-07-07
1202,2023-07-07 14:03:00-04:00,1.0722999572753906,1.0750000476837158,1.0700000524520874,1.0700000524520874,4526,0.0,0.0,2023-07-07
1203,2023-07-07 14:04:00-04:00,1.0800000429153442,1.0800000429153442,1.0800000429153442,1.0800000429153442,416,0.0,0.0,2023-07-07
1204,2023-07-07 14:06:00-04:00,1.0800000429153442,1.0800000429153442,1.0750000476837158,1.0750000476837158,3452,0.0,0.0,2023-07-07
1205,2023-07-07 14:07:00-04:00,1.0750000476837158,1.0782999992370605,1.0700000524520874,1.0700000524520874,724,0.0,0.0,2023-07-07
1206,2023-07-07 14:08:00-04:00,1.0777000188827515,1.0777000188827515,1.0700000524520874,1.0700000524520874,983,0.0,0.0,2023-07-07
1207,2023-07-07 14:09:00-04:00,1.0700000524520874,1.0700000524520874,1.0700000524520874,1.0700000524520874,181,0.0,0.0,2023-07-07
1208,2023-07-07 14:11:00-04:00,1.0750000476837158,1.0750000476837158,1.0750000476837158,1.0750000476837158,577,0.0,0.0,2023-07-07
1209,2023-07-07 14:15:00-04:00,1.0750000476837158,1.0750000476837158,1.0700000524520874,1.0700000524520874,1335,0.0,0.0,2023-07-07
1210,2023-07-07 14:16:00-04:00,1.0700000524520874,1.0700000524520874,1.0700000524520874,1.0700000524520874,1323,0.0,0.0,2023-07-07
1211,2023-07-07 14:17:00-04:00,1.0750000476837158,1.0800000429153442,1.0700000524520874,1.0700000524520874,25510,0.0,0.0,2023-07-07
1212,2023-07-07 14:18:00-04:00,1.0700000524520874,1.0777000188827515,1.0700000524520874,1.0777000188827515,2545,0.0,0.0,2023-07-07
1213,2023-07-07 14:19:00-04:00,1.0700000524520874,1.0781999826431274,1.0700000524520874,1.0781999826431274,494,0.0,0.0,2023-07-07
1214,2023-07-07 14:20:00-04:00,1.0712000131607056,1.0750000476837158,1.0700000524520874,1.0750000476837158,6830,0.0,0.0,2023-07-07
1215,2023-07-07 14:21:00-04:00,1.0750000476837158,1.075600028038025,1.0750000476837158,1.075600028038025,2933,0.0,0.0,2023-07-07
1216,2023-07-07 14:23:00-04:00,1.0750000476837158,1.0786000490188599,1.0700000524520874,1.0750000476837158,1936,0.0,0.0,2023-07-07
1217,2023-07-07 14:24:00-04:00,1.0700000524520874,1.0789999961853027,1.0700000524520874,1.0700000524520874,30245,0.0,0.0,2023-07-07
1218,2023-07-07 14:25:00-04:00,1.0750000476837158,1.0750000476837158,1.0750000476837158,1.0750000476837158,339,0.0,0.0,2023-07-07
1219,2023-07-07 14:27:00-04:00,1.0750000476837158,1.0750000476837158,1.0700000524520874,1.0720000267028809,823,0.0,0.0,2023-07-07
1220,2023-07-07 14:28:00-04:00,1.0700000524520874,1.0700000524520874,1.0700000524520874,1.0700000524520874,100,0.0,0.0,2023-07-07
1221,2023-07-07 14:29:00-04:00,1.0787999629974365,1.0787999629974365,1.0700000524520874,1.0750000476837158,1901,0.0,0.0,2023-07-07
1222,2023-07-07 14:30:00-04:00,1.0700000524520874,1.0700000524520874,1.0700000524520874,1.0700000524520874,1904,0.0,0.0,2023-07-07
1223,2023-07-07 14:31:00-04:00,1.0750000476837158,1.0782999992370605,1.0700000524520874,1.0782999992370605,1305,0.0,0.0,2023-07-07
1224,2023-07-07 14:33:00-04:00,1.0700000524520874,1.0750000476837158,1.059999942779541,1.0750000476837158,217152,0.0,0.0,2023-07-07
1225,2023-07-07 14:34:00-04:00,1.0750000476837158,1.0799000263214111,1.0700000524520874,1.0750000476837158,10390,0.0,0.0,2023-07-07
1226,2023-07-07 14:36:00-04:00,1.0800000429153442,1.0800000429153442,1.0800000429153442,1.0800000429153442,2329,0.0,0.0,2023-07-07
1227,2023-07-07 14:37:00-04:00,1.0759999752044678,1.0759999752044678,1.0759999752044678,1.0759999752044678,150,0.0,0.0,2023-07-07
1228,2023-07-07 14:38:00-04:00,1.0700000524520874,1.0750000476837158,1.0700000524520874,1.0750000476837158,522,0.0,0.0,2023-07-07
1229,2023-07-07 14:39:00-04:00,1.0750000476837158,1.0750000476837158,1.0750000476837158,1.0750000476837158,630,0.0,0.0,2023-07-07
1230,2023-07-07 14:40:00-04:00,1.0750000476837158,1.0750000476837158,1.0750000476837158,1.0750000476837158,250,0.0,0.0,2023-07-07
1231,2023-07-07 14:42:00-04:00,1.070099949836731,1.0750000476837158,1.0700000524520874,1.0750000476837158,11100,0.0,0.0,2023-07-07
1232,2023-07-07 14:43:00-04:00,1.0700000524520874,1.0750000476837158,1.0700000524520874,1.0750000476837158,1300,0.0,0.0,2023-07-07
1233,2023-07-07 14:44:00-04:00,1.0700000524520874,1.0781999826431274,1.0700000524520874,1.0781999826431274,847,0.0,0.0,2023-07-07
1234,2023-07-07 14:45:00-04:00,1.0750000476837158,1.0750000476837158,1.0714999437332153,1.0714999437332153,1601,0.0,0.0,2023-07-07
1235,2023-07-07 14:46:00-04:00,1.0750000476837158,1.0777000188827515,1.0750000476837158,1.0777000188827515,402,0.0,0.0,2023-07-07
1236,2023-07-07 14:48:00-04:00,1.0700000524520874,1.0700000524520874,1.0700000524520874,1.0700000524520874,146,0.0,0.0,2023-07-07
1237,2023-07-07 14:49:00-04:00,1.0770000219345093,1.0770000219345093,1.0700000524520874,1.0700000524520874,1740,0.0,0.0,2023-07-07
1238,2023-07-07 14:50:00-04:00,1.0700000524520874,1.0700000524520874,1.0700000524520874,1.0700000524520874,100,0.0,0.0,2023-07-07
1239,2023-07-07 14:51:00-04:00,1.0750000476837158,1.079200029373169,1.0750000476837158,1.079200029373169,1143,0.0,0.0,2023-07-07
1240,2023-07-07 14:52:00-04:00,1.0782999992370605,1.0785000324249268,1.0700000524520874,1.0785000324249268,763,0.0,0.0,2023-07-07
1241,2023-07-07 14:53:00-04:00,1.0714999437332153,1.0714999437332153,1.0714999437332153,1.0714999437332153,500,0.0,0.0,2023-07-07
1242,2023-07-07 14:54:00-04:00,1.0750000476837158,1.0750000476837158,1.0714999437332153,1.0750000476837158,1175,0.0,0.0,2023-07-07
1243,2023-07-07 14:55:00-04:00,1.0785000324249268,1.0785000324249268,1.0785000324249268,1.0785000324249268,1093,0.0,0.0,2023-07-07
1244,2023-07-07 14:56:00-04:00,1.0784000158309937,1.0784000158309937,1.0700000524520874,1.0750000476837158,1912,0.0,0.0,2023-07-07
1245,2023-07-07 14:57:00-04:00,1.0700000524520874,1.0800000429153442,1.0700000524520874,1.0750000476837158,403,0.0,0.0,2023-07-07
1246,2023-07-07 14:59:00-04:00,1.0750000476837158,1.0758999586105347,1.0750000476837158,1.0750000476837158,495,0.0,0.0,2023-07-07
1247,2023-07-07 15:00:00-04:00,1.0750000476837158,1.0750000476837158,1.0750000476837158,1.0750000476837158,307,0.0,0.0,2023-07-07
1248,2023-07-07 15:01:00-04:00,1.0700000524520874,1.0700000524520874,1.0700000524520874,1.0700000524520874,113,0.0,0.0,2023-07-07
1249,2023-07-07 15:03:00-04:00,1.0700000524520874,1.0700000524520874,1.0700000524520874,1.0700000524520874,151,0.0,0.0,2023-07-07
1250,2023-07-07 15:04:00-04:00,1.0700000524520874,1.0750000476837158,1.0700000524520874,1.0750000476837158,337,0.0,0.0,2023-07-07
1251,2023-07-07 15:05:00-04:00,1.0700000524520874,1.0785000324249268,1.0700000524520874,1.0750000476837158,3127,0.0,0.0,2023-07-07
1252,2023-07-07 15:07:00-04:00,1.0700000524520874,1.0786999464035034,1.0700000524520874,1.0750000476837158,2446,0.0,0.0,2023-07-07
1253,2023-07-07 15:08:00-04:00,1.0700000524520874,1.0750000476837158,1.0700000524520874,1.0750000476837158,31959,0.0,0.0,2023-07-07
1254,2023-07-07 15:09:00-04:00,1.0700000524520874,1.0712000131607056,1.0700000524520874,1.0700000524520874,1411,0.0,0.0,2023-07-07
1255,2023-07-07 15:10:00-04:00,1.0714999437332153,1.0750000476837158,1.0700000524520874,1.0750000476837158,1483,0.0,0.0,2023-07-07
1256,2023-07-07 15:11:00-04:00,1.0800000429153442,1.0800000429153442,1.0800000429153442,1.0800000429153442,100,0.0,0.0,2023-07-07
1257,2023-07-07 15:12:00-04:00,1.0785000324249268,1.0785000324249268,1.0700000524520874,1.0750000476837158,34055,0.0,0.0,2023-07-07
1258,2023-07-07 15:13:00-04:00,1.0700000524520874,1.0709999799728394,1.0700000524520874,1.0709999799728394,312,0.0,0.0,2023-07-07
1259,2023-07-07 15:15:00-04:00,1.0750000476837158,1.0750000476837158,1.0750000476837158,1.0750000476837158,1710,0.0,0.0,2023-07-07
1260,2023-07-07 15:16:00-04:00,1.0776000022888184,1.0776000022888184,1.0700000524520874,1.0700000524520874,5865,0.0,0.0,2023-07-07
1261,2023-07-07 15:17:00-04:00,1.0700000524520874,1.0799000263214111,1.0700000524520874,1.0750000476837158,4779,0.0,0.0,2023-07-07
1262,2023-07-07 15:19:00-04:00,1.0750000476837158,1.0750000476837158,1.0700000524520874,1.0714999437332153,1534,0.0,0.0,2023-07-07
1263,2023-07-07 15:21:00-04:00,1.0800000429153442,1.0800000429153442,1.0700000524520874,1.0750000476837158,20901,0.0,0.0,2023-07-07
1264,2023-07-07 15:22:00-04:00,1.0714999437332153,1.0714999437332153,1.0714999437332153,1.0714999437332153,398,0.0,0.0,2023-07-07
1265,2023-07-07 15:23:00-04:00,1.0786000490188599,1.0786000490188599,1.0750000476837158,1.0750000476837158,1600,0.0,0.0,2023-07-07
1266,2023-07-07 15:24:00-04:00,1.0700000524520874,1.0700000524520874,1.0700000524520874,1.0700000524520874,132,0.0,0.0,2023-07-07
1267,2023-07-07 15:25:00-04:00,1.0700000524520874,1.0750000476837158,1.0700000524520874,1.0750000476837158,548,0.0,0.0,2023-07-07
1268,2023-07-07 15:26:00-04:00,1.0750000476837158,1.0750000476837158,1.0750000476837158,1.0750000476837158,135,0.0,0.0,2023-07-07
1269,2023-07-07 15:27:00-04:00,1.0784000158309937,1.0784000158309937,1.0784000158309937,1.0784000158309937,800,0.0,0.0,2023-07-07
1270,2023-07-07 15:28:00-04:00,1.0800000429153442,1.0800000429153442,1.0700000524520874,1.0700000524520874,12200,0.0,0.0,2023-07-07
1271,2023-07-07 15:29:00-04:00,1.0745999813079834,1.0745999813079834,1.0745999813079834,1.0745999813079834,2558,0.0,0.0,2023-07-07
1272,2023-07-07 15:31:00-04:00,1.0744999647140503,1.0744999647140503,1.0744999647140503,1.0744999647140503,200,0.0,0.0,2023-07-07
1273,2023-07-07 15:32:00-04:00,1.0700000524520874,1.0750000476837158,1.0700000524520874,1.0750000476837158,1417,0.0,0.0,2023-07-07
1274,2023-07-07 15:33:00-04:00,1.0750000476837158,1.0750000476837158,1.0700000524520874,1.0750000476837158,2014,0.0,0.0,2023-07-07
1275,2023-07-07 15:35:00-04:00,1.0700000524520874,1.0772000551223755,1.0700000524520874,1.0772000551223755,401,0.0,0.0,2023-07-07
1276,2023-07-07 15:36:00-04:00,1.0703999996185303,1.0750000476837158,1.0700000524520874,1.0750000476837158,6366,0.0,0.0,2023-07-07
1277,2023-07-07 15:37:00-04:00,1.0750000476837158,1.0750000476837158,1.0750000476837158,1.0750000476837158,150,0.0,0.0,2023-07-07
1278,2023-07-07 15:38:00-04:00,1.0700000524520874,1.0799000263214111,1.0700000524520874,1.0750000476837158,1792,0.0,0.0,2023-07-07
1279,2023-07-07 15:39:00-04:00,1.0707999467849731,1.0707999467849731,1.0707999467849731,1.0707999467849731,275,0.0,0.0,2023-07-07
1280,2023-07-07 15:40:00-04:00,1.0750000476837158,1.0750000476837158,1.0700000524520874,1.0700000524520874,7350,0.0,0.0,2023-07-07
1281,2023-07-07 15:41:00-04:00,1.0700000524520874,1.0750000476837158,1.0700000524520874,1.0750000476837158,14926,0.0,0.0,2023-07-07
1282,2023-07-07 15:42:00-04:00,1.0700000524520874,1.0750000476837158,1.0700000524520874,1.0750000476837158,318,0.0,0.0,2023-07-07
1283,2023-07-07 15:43:00-04:00,1.0703999996185303,1.0785000324249268,1.0700000524520874,1.0700000524520874,956,0.0,0.0,2023-07-07
1284,2023-07-07 15:44:00-04:00,1.0750000476837158,1.0750000476837158,1.0724999904632568,1.0750000476837158,826,0.0,0.0,2023-07-07
1285,2023-07-07 15:45:00-04:00,1.0700000524520874,1.0800000429153442,1.0700000524520874,1.0700000524520874,145199,0.0,0.0,2023-07-07
1286,2023-07-07 15:46:00-04:00,1.0750000476837158,1.0750000476837158,1.0700000524520874,1.073799967765808,106746,0.0,0.0,2023-07-07
1287,2023-07-07 15:47:00-04:00,1.0700000524520874,1.0703999996185303,1.0700000524520874,1.0703999996185303,12489,0.0,0.0,2023-07-07
1288,2023-07-07 15:48:00-04:00,1.0729000568389893,1.0750000476837158,1.0700000524520874,1.0700000524520874,29532,0.0,0.0,2023-07-07
1289,2023-07-07 15:49:00-04:00,1.0700000524520874,1.0758999586105347,1.0700000524520874,1.0750000476837158,25547,0.0,0.0,2023-07-07
1290,2023-07-07 15:50:00-04:00,1.0700000524520874,1.0750000476837158,1.0700000524520874,1.0700000524520874,41252,0.0,0.0,2023-07-07
1291,2023-07-07 15:51:00-04:00,1.0750000476837158,1.0800000429153442,1.0700000524520874,1.0750000476837158,12426,0.0,0.0,2023-07-07
1292,2023-07-07 15:52:00-04:00,1.0700000524520874,1.0750000476837158,1.0700000524520874,1.0750000476837158,33568,0.0,0.0,2023-07-07
1293,2023-07-07 15:53:00-04:00,1.0700000524520874,1.0794999599456787,1.0700000524520874,1.0700000524520874,72712,0.0,0.0,2023-07-07
1294,2023-07-07 15:54:00-04:00,1.0700000524520874,1.0715999603271484,1.0700000524520874,1.0700000524520874,17854,0.0,0.0,2023-07-07
1295,2023-07-07 15:55:00-04:00,1.0700000524520874,1.0700000524520874,1.0700000524520874,1.0700000524520874,18410,0.0,0.0,2023-07-07
1296,2023-07-07 15:56:00-04:00,1.0700000524520874,1.0760999917984009,1.0700000524520874,1.0700000524520874,41971,0.0,0.0,2023-07-07
1297,2023-07-07 15:57:00-04:00,1.0700000524520874,1.0799000263214111,1.0700000524520874,1.0700000524520874,39721,0.0,0.0,2023-07-07
1298,2023-07-07 15:58:00-04:00,1.0700000524520874,1.0758999586105347,1.059999942779541,1.065000057220459,81145,0.0,0.0,2023-07-07
1299,2023-07-07 15:59:00-04:00,1.059999942779541,1.0700000524520874,1.059999942779541,1.065000057220459,87856,0.0,0.0,2023-07-07
0,2023-07-10 09:31:00-04:00,1.0700000524520874,1.070099949836731,1.0700000524520874,1.070099949836731,68970,0.0,0.0,2023-07-10
1,2023-07-10 09:32:00-04:00,1.0700000524520874,1.0785000324249268,1.0700000524520874,1.0709999799728394,13969,0.0,0.0,2023-07-10
2,2023-07-10 09:33:00-04:00,1.0750000476837158,1.0800000429153442,1.0700000524520874,1.0799000263214111,4739,0.0,0.0,2023-07-10
3,2023-07-10 09:34:00-04:00,1.0800000429153442,1.0800000429153442,1.0800000429153442,1.0800000429153442,1001,0.0,0.0,2023-07-10
4,2023-07-10 09:35:00-04:00,1.0799000263214111,1.0799000263214111,1.0700000524520874,1.0700000524520874,24344,0.0,0.0,2023-07-10
5,2023-07-10 09:36:00-04:00,1.079800009727478,1.079800009727478,1.0700000524520874,1.072700023651123,8766,0.0,0.0,2023-07-10
6,2023-07-10 09:37:00-04:00,1.0799000263214111,1.0799000263214111,1.070099949836731,1.070099949836731,9490,0.0,0.0,2023-07-10
7,2023-07-10 09:38:00-04:00,1.0750000476837158,1.0800000429153442,1.0700000524520874,1.0799000263214111,15495,0.0,0.0,2023-07-10
8,2023-07-10 09:39:00-04:00,1.0800000429153442,1.0801000595092773,1.0750000476837158,1.0800000429153442,43404,0.0,0.0,2023-07-10
9,2023-07-10 09:40:00-04:00,1.0785000324249268,1.0800000429153442,1.0700000524520874,1.0800000429153442,2764,0.0,0.0,2023-07-10
10,2023-07-10 09:41:00-04:00,1.0800000429153442,1.0850000381469727,1.0800000429153442,1.0800000429153442,16360,0.0,0.0,2023-07-10
11,2023-07-10 09:42:00-04:00,1.0801000595092773,1.0801000595092773,1.0800000429153442,1.0800000429153442,14470,0.0,0.0,2023-07-10
12,2023-07-10 09:43:00-04:00,1.090000033378601,1.090000033378601,1.090000033378601,1.090000033378601,900,0.0,0.0,2023-07-10
13,2023-07-10 09:44:00-04:00,1.0882999897003174,1.090000033378601,1.080399990081787,1.080399990081787,3313,0.0,0.0,2023-07-10
14,2023-07-10 09:45:00-04:00,1.0850000381469727,1.089900016784668,1.0800000429153442,1.0800000429153442,2688,0.0,0.0,2023-07-10
15,2023-07-10 09:46:00-04:00,1.0850000381469727,1.0850000381469727,1.0850000381469727,1.0850000381469727,1916,0.0,0.0,2023-07-10
16,2023-07-10 09:47:00-04:00,1.0850000381469727,1.0850000381469727,1.0800000429153442,1.0850000381469727,5734,0.0,0.0,2023-07-10
17,2023-07-10 09:48:00-04:00,1.090000033378601,1.100000023841858,1.0800000429153442,1.0994999408721924,80675,0.0,0.0,2023-07-10
18,2023-07-10 09:49:00-04:00,1.0950000286102295,1.100000023841858,1.090000033378601,1.0950000286102295,22483,0.0,0.0,2023-07-10
19,2023-07-10 09:50:00-04:00,1.0950000286102295,1.1100000143051147,1.090000033378601,1.0950000286102295,93393,0.0,0.0,2023-07-10
20,2023-07-10 09:51:00-04:00,1.100000023841858,1.1100000143051147,1.0961999893188477,1.100000023841858,28187,0.0,0.0,2023-07-10
21,2023-07-10 09:52:00-04:00,1.1096999645233154,1.1100000143051147,1.1023999452590942,1.1100000143051147,21526,0.0,0.0,2023-07-10
22,2023-07-10 09:53:00-04:00,1.1030999422073364,1.1200000047683716,1.1030999422073364,1.1200000047683716,40266,0.0,0.0,2023-07-10
23,2023-07-10 09:54:00-04:00,1.1200000047683716,1.1200000047683716,1.1100000143051147,1.1100000143051147,18462,0.0,0.0,2023-07-10
24,2023-07-10 09:55:00-04:00,1.1150000095367432,1.1200000047683716,1.1101000308990479,1.1101000308990479,18708,0.0,0.0,2023-07-10
25,2023-07-10 09:56:00-04:00,1.1116000413894653,1.1200000047683716,1.1100000143051147,1.1200000047683716,19815,0.0,0.0,2023-07-10
26,2023-07-10 09:57:00-04:00,1.1150000095367432,1.1200000047683716,1.1100000143051147,1.1200000047683716,17607,0.0,0.0,2023-07-10
27,2023-07-10 09:58:00-04:00,1.1100000143051147,1.1299999952316284,1.1100000143051147,1.1299999952316284,64202,0.0,0.0,2023-07-10
28,2023-07-10 09:59:00-04:00,1.125,1.1299999952316284,1.121500015258789,1.122499942779541,39608,0.0,0.0,2023-07-10
29,2023-07-10 10:00:00-04:00,1.1299999952316284,1.1399999856948853,1.125,1.1349999904632568,47482,0.0,0.0,2023-07-10
30,2023-07-10 10:01:00-04:00,1.1349999904632568,1.1394000053405762,1.125,1.1292999982833862,72861,0.0,0.0,2023-07-10
31,2023-07-10 10:02:00-04:00,1.1299999952316284,1.1398999691009521,1.1201000213623047,1.1302000284194946,23409,0.0,0.0,2023-07-10
32,2023-07-10 10:03:00-04:00,1.1299999952316284,1.1399999856948853,1.1299999952316284,1.1349999904632568,11635,0.0,0.0,2023-07-10
33,2023-07-10 10:04:00-04:00,1.1399999856948853,1.1399999856948853,1.1301000118255615,1.1399999856948853,10039,0.0,0.0,2023-07-10
34,2023-07-10 10:05:00-04:00,1.1384999752044678,1.1399999856948853,1.1299999952316284,1.1399999856948853,10018,0.0,0.0,2023-07-10
35,2023-07-10 10:06:00-04:00,1.1349999904632568,1.1399999856948853,1.1301000118255615,1.1341999769210815,22784,0.0,0.0,2023-07-10
36,2023-07-10 10:07:00-04:00,1.1349999904632568,1.1383999586105347,1.1312999725341797,1.1383999586105347,12424,0.0,0.0,2023-07-10
37,2023-07-10 10:08:00-04:00,1.1349999904632568,1.149999976158142,1.1349999904632568,1.149999976158142,108816,0.0,0.0,2023-07-10
38,2023-07-10 10:09:00-04:00,1.1449999809265137,1.159999966621399,1.1449999809265137,1.159999966621399,282525,0.0,0.0,2023-07-10
39,2023-07-10 10:10:00-04:00,1.1545000076293945,1.159999966621399,1.149999976158142,1.159999966621399,82620,0.0,0.0,2023-07-10
40,2023-07-10 10:11:00-04:00,1.149999976158142,1.159999966621399,1.1449999809265137,1.1449999809265137,220410,0.0,0.0,2023-07-10
41,2023-07-10 10:12:00-04:00,1.1433000564575195,1.149999976158142,1.1432000398635864,1.1449999809265137,11369,0.0,0.0,2023-07-10
42,2023-07-10 10:13:00-04:00,1.149899959564209,1.1549999713897705,1.1299999952316284,1.1349999904632568,303983,0.0,0.0,2023-07-10
43,2023-07-10 10:14:00-04:00,1.1349999904632568,1.1399999856948853,1.1299999952316284,1.1349999904632568,5695,0.0,0.0,2023-07-10
44,2023-07-10 10:15:00-04:00,1.1349999904632568,1.1399999856948853,1.1299999952316284,1.1299999952316284,3107,0.0,0.0,2023-07-10
45,2023-07-10 10:16:00-04:00,1.131600022315979,1.1399999856948853,1.1313999891281128,1.1349999904632568,256222,0.0,0.0,2023-07-10
46,2023-07-10 10:17:00-04:00,1.1399999856948853,1.1584999561309814,1.1399999856948853,1.152400016784668,218147,0.0,0.0,2023-07-10
47,2023-07-10 10:18:00-04:00,1.1549999713897705,1.159999966621399,1.149999976158142,1.1541999578475952,13351,0.0,0.0,2023-07-10
48,2023-07-10 10:19:00-04:00,1.1507999897003174,1.159999966621399,1.1500999927520752,1.152899980545044,36138,0.0,0.0,2023-07-10
49,2023-07-10 10:20:00-04:00,1.159999966621399,1.1699999570846558,1.159999966621399,1.1699999570846558,61010,0.0,0.0,2023-07-10
50,2023-07-10 10:21:00-04:00,1.1699999570846558,1.1799999475479126,1.1649999618530273,1.1749999523162842,340926,0.0,0.0,2023-07-10
51,2023-07-10 10:22:00-04:00,1.1756000518798828,1.1799999475479126,1.1200000047683716,1.125,629122,0.0,0.0,2023-07-10
52,2023-07-10 10:23:00-04:00,1.125,1.1399999856948853,1.125,1.1299999952316284,469521,0.0,0.0,2023-07-10
53,2023-07-10 10:24:00-04:00,1.1399999856948853,1.1449999809265137,1.1299999952316284,1.1449999809265137,49193,0.0,0.0,2023-07-10
54,2023-07-10 10:25:00-04:00,1.1449999809265137,1.149999976158142,1.1399999856948853,1.1449999809265137,33103,0.0,0.0,2023-07-10
55,2023-07-10 10:26:00-04:00,1.1403000354766846,1.149999976158142,1.1399999856948853,1.1449999809265137,14559,0.0,0.0,2023-07-10
56,2023-07-10 10:27:00-04:00,1.149999976158142,1.1799999475479126,1.149999976158142,1.1649999618530273,124650,0.0,0.0,2023-07-10
57,2023-07-10 10:28:00-04:00,1.1612999439239502,1.1699999570846558,1.159999966621399,1.1614999771118164,20614,0.0,0.0,2023-07-10
58,2023-07-10 10:29:00-04:00,1.1649999618530273,1.1699999570846558,1.159999966621399,1.160599946975708,11513,0.0,0.0,2023-07-10
59,2023-07-10 10:30:00-04:00,1.1649999618530273,1.1699999570846558,1.159999966621399,1.159999966621399,16779,0.0,0.0,2023-07-10
60,2023-07-10 10:31:00-04:00,1.1694999933242798,1.1699999570846558,1.159999966621399,1.1614999771118164,13292,0.0,0.0,2023-07-10
61,2023-07-10 10:32:00-04:00,1.1682000160217285,1.1699999570846558,1.149999976158142,1.1549999713897705,83376,0.0,0.0,2023-07-10
62,2023-07-10 10:33:00-04:00,1.1549999713897705,1.1699999570846558,1.149999976158142,1.1649999618530273,59881,0.0,0.0,2023-07-10
63,2023-07-10 10:34:00-04:00,1.159999966621399,1.1699999570846558,1.159999966621399,1.1699999570846558,8764,0.0,0.0,2023-07-10
64,2023-07-10 10:35:00-04:00,1.1649999618530273,1.1749999523162842,1.1649999618530273,1.1699999570846558,90663,0.0,0.0,2023-07-10
65,2023-07-10 10:36:00-04:00,1.1699999570846558,1.1785000562667847,1.1619999408721924,1.1691999435424805,83550,0.0,0.0,2023-07-10
66,2023-07-10 10:37:00-04:00,1.1649999618530273,1.1785000562667847,1.1649999618530273,1.1749999523162842,48318,0.0,0.0,2023-07-10
67,2023-07-10 10:38:00-04:00,1.1785000562667847,1.1799999475479126,1.1699999570846558,1.1749999523162842,62831,0.0,0.0,2023-07-10
68,2023-07-10 10:39:00-04:00,1.1699999570846558,1.1799999475479126,1.1699999570846558,1.1699999570846558,30427,0.0,0.0,2023-07-10
69,2023-07-10 10:40:00-04:00,1.1749999523162842,1.190000057220459,1.1749999523162842,1.18149995803833,345134,0.0,0.0,2023-07-10
70,2023-07-10 10:41:00-04:00,1.1826000213623047,1.190000057220459,1.1799999475479126,1.184999942779541,48556,0.0,0.0,2023-07-10
71,2023-07-10 10:42:00-04:00,1.190000057220459,1.190000057220459,1.1799999475479126,1.1885000467300415,17436,0.0,0.0,2023-07-10
72,2023-07-10 10:43:00-04:00,1.184999942779541,1.190000057220459,1.1800999641418457,1.184999942779541,35103,0.0,0.0,2023-07-10
73,2023-07-10 10:44:00-04:00,1.190000057220459,1.190000057220459,1.1800999641418457,1.1800999641418457,19648,0.0,0.0,2023-07-10
74,2023-07-10 10:45:00-04:00,1.190000057220459,1.190000057220459,1.1799999475479126,1.184999942779541,31767,0.0,0.0,2023-07-10
75,2023-07-10 10:46:00-04:00,1.18149995803833,1.190000057220459,1.1799999475479126,1.1799999475479126,19672,0.0,0.0,2023-07-10
76,2023-07-10 10:47:00-04:00,1.1881999969482422,1.190000057220459,1.1800999641418457,1.1806000471115112,14880,0.0,0.0,2023-07-10
77,2023-07-10 10:48:00-04:00,1.184999942779541,1.190000057220459,1.1699999570846558,1.1749999523162842,57895,0.0,0.0,2023-07-10
78,2023-07-10 10:49:00-04:00,1.1706000566482544,1.1749999523162842,1.1699999570846558,1.1699999570846558,38622,0.0,0.0,2023-07-10
79,2023-07-10 10:50:00-04:00,1.1699999570846558,1.1791000366210938,1.1699999570846558,1.1699999570846558,4528,0.0,0.0,2023-07-10
80,2023-07-10 10:51:00-04:00,1.1699999570846558,1.1749999523162842,1.1699999570846558,1.1699999570846558,6472,0.0,0.0,2023-07-10
81,2023-07-10 10:52:00-04:00,1.1710000038146973,1.1749999523162842,1.1649999618530273,1.1699999570846558,64304,0.0,0.0,2023-07-10
82,2023-07-10 10:53:00-04:00,1.1799999475479126,1.1799999475479126,1.1699999570846558,1.1749999523162842,25989,0.0,0.0,2023-07-10
83,2023-07-10 10:54:00-04:00,1.1699999570846558,1.1799999475479126,1.1699999570846558,1.1699999570846558,4265,0.0,0.0,2023-07-10
84,2023-07-10 10:55:00-04:00,1.1799999475479126,1.1799999475479126,1.1699999570846558,1.1720000505447388,77928,0.0,0.0,2023-07-10
85,2023-07-10 10:56:00-04:00,1.1746000051498413,1.1799999475479126,1.1710000038146973,1.1799999475479126,6443,0.0,0.0,2023-07-10
86,2023-07-10 10:57:00-04:00,1.1699999570846558,1.1714999675750732,1.1699999570846558,1.1714999675750732,18662,0.0,0.0,2023-07-10
87,2023-07-10 10:58:00-04:00,1.1699999570846558,1.184999942779541,1.1699999570846558,1.184999942779541,76737,0.0,0.0,2023-07-10
88,2023-07-10 10:59:00-04:00,1.184999942779541,1.1883000135421753,1.1800999641418457,1.184999942779541,16965,0.0,0.0,2023-07-10
89,2023-07-10 11:00:00-04:00,1.184999942779541,1.190000057220459,1.1799999475479126,1.184999942779541,26839,0.0,0.0,2023-07-10
90,2023-07-10 11:01:00-04:00,1.1799999475479126,1.187999963760376,1.1749999523162842,1.184999942779541,127568,0.0,0.0,2023-07-10
91,2023-07-10 11:02:00-04:00,1.18149995803833,1.1830999851226807,1.1800999641418457,1.1800999641418457,3958,0.0,0.0,2023-07-10
92,2023-07-10 11:03:00-04:00,1.1800999641418457,1.190000057220459,1.1799999475479126,1.1799999475479126,7406,0.0,0.0,2023-07-10
93,2023-07-10 11:04:00-04:00,1.180999994277954,1.1821999549865723,1.1799999475479126,1.18149995803833,28704,0.0,0.0,2023-07-10
94,2023-07-10 11:05:00-04:00,1.190000057220459,1.190000057220459,1.1799999475479126,1.1825000047683716,8969,0.0,0.0,2023-07-10
95,2023-07-10 11:06:00-04:00,1.184999942779541,1.184999942779541,1.1799999475479126,1.1812000274658203,5980,0.0,0.0,2023-07-10
96,2023-07-10 11:07:00-04:00,1.1799999475479126,1.1835999488830566,1.1799999475479126,1.1799999475479126,8263,0.0,0.0,2023-07-10
97,2023-07-10 11:08:00-04:00,1.1799999475479126,1.1899000406265259,1.1799999475479126,1.1801999807357788,41452,0.0,0.0,2023-07-10
98,2023-07-10 11:09:00-04:00,1.1799999475479126,1.1827000379562378,1.1699999570846558,1.1775000095367432,60464,0.0,0.0,2023-07-10
99,2023-07-10 11:10:00-04:00,1.1749999523162842,1.190000057220459,1.1749999523162842,1.1800999641418457,32174,0.0,0.0,2023-07-10
100,2023-07-10 11:11:00-04:00,1.1799999475479126,1.1878000497817993,1.1799999475479126,1.1878000497817993,31587,0.0,0.0,2023-07-10
101,2023-07-10 11:12:00-04:00,1.18149995803833,1.1885000467300415,1.18149995803833,1.1885000467300415,3541,0.0,0.0,2023-07-10
102,2023-07-10 11:13:00-04:00,1.18149995803833,1.190000057220459,1.18149995803833,1.186400055885315,1208,0.0,0.0,2023-07-10
103,2023-07-10 11:14:00-04:00,1.1885000467300415,1.190000057220459,1.180400013923645,1.180400013923645,12514,0.0,0.0,2023-07-10
104,2023-07-10 11:15:00-04:00,1.190000057220459,1.190000057220459,1.1800999641418457,1.1828999519348145,4691,0.0,0.0,2023-07-10
105,2023-07-10 11:16:00-04:00,1.1799999475479126,1.190000057220459,1.1799999475479126,1.184999942779541,16616,0.0,0.0,2023-07-10
106,2023-07-10 11:17:00-04:00,1.1813000440597534,1.1868000030517578,1.1813000440597534,1.184999942779541,11657,0.0,0.0,2023-07-10
107,2023-07-10 11:18:00-04:00,1.180999994277954,1.186900019645691,1.180999994277954,1.186900019645691,3057,0.0,0.0,2023-07-10
108,2023-07-10 11:19:00-04:00,1.1799999475479126,1.1885000467300415,1.1799999475479126,1.1799999475479126,9758,0.0,0.0,2023-07-10
109,2023-07-10 11:20:00-04:00,1.1899000406265259,1.1899000406265259,1.1799999475479126,1.180999994277954,11391,0.0,0.0,2023-07-10
110,2023-07-10 11:21:00-04:00,1.1799999475479126,1.1799999475479126,1.1699999570846558,1.170300006866455,56011,0.0,0.0,2023-07-10
111,2023-07-10 11:22:00-04:00,1.1699999570846558,1.1713999509811401,1.1699999570846558,1.1699999570846558,6396,0.0,0.0,2023-07-10
112,2023-07-10 11:23:00-04:00,1.1699999570846558,1.1799999475479126,1.1699999570846558,1.1699999570846558,23584,0.0,0.0,2023-07-10
113,2023-07-10 11:24:00-04:00,1.1799999475479126,1.1799999475479126,1.1699999570846558,1.1699999570846558,4949,0.0,0.0,2023-07-10
114,2023-07-10 11:25:00-04:00,1.1714999675750732,1.1799999475479126,1.1699999570846558,1.1799999475479126,3674,0.0,0.0,2023-07-10
115,2023-07-10 11:26:00-04:00,1.1700999736785889,1.1799999475479126,1.1699999570846558,1.1799999475479126,64097,0.0,0.0,2023-07-10
116,2023-07-10 11:27:00-04:00,1.1699999570846558,1.1799999475479126,1.1699999570846558,1.1699999570846558,24429,0.0,0.0,2023-07-10
117,2023-07-10 11:28:00-04:00,1.1699999570846558,1.1799999475479126,1.1699999570846558,1.1699999570846558,7128,0.0,0.0,2023-07-10
118,2023-07-10 11:29:00-04:00,1.176800012588501,1.1799999475479126,1.1699999570846558,1.1700999736785889,6954,0.0,0.0,2023-07-10
119,2023-07-10 11:30:00-04:00,1.1699999570846558,1.1700999736785889,1.1699999570846558,1.1699999570846558,1844,0.0,0.0,2023-07-10
120,2023-07-10 11:31:00-04:00,1.1699999570846558,1.1785000562667847,1.1699999570846558,1.1699999570846558,1564,0.0,0.0,2023-07-10
121,2023-07-10 11:32:00-04:00,1.1749999523162842,1.1749999523162842,1.1699999570846558,1.1717000007629395,26424,0.0,0.0,2023-07-10
122,2023-07-10 11:33:00-04:00,1.1699999570846558,1.1699999570846558,1.1699999570846558,1.1699999570846558,2072,0.0,0.0,2023-07-10
123,2023-07-10 11:34:00-04:00,1.1700999736785889,1.1799999475479126,1.1699999570846558,1.1699999570846558,26616,0.0,0.0,2023-07-10
124,2023-07-10 11:35:00-04:00,1.1699999570846558,1.1749999523162842,1.1699999570846558,1.1708999872207642,2437,0.0,0.0,2023-07-10
125,2023-07-10 11:36:00-04:00,1.1699999570846558,1.1799999475479126,1.1699999570846558,1.170799970626831,10874,0.0,0.0,2023-07-10
126,2023-07-10 11:37:00-04:00,1.1749999523162842,1.176800012588501,1.1699999570846558,1.1699999570846558,2565,0.0,0.0,2023-07-10
127,2023-07-10 11:38:00-04:00,1.1699999570846558,1.1749999523162842,1.1699999570846558,1.1699999570846558,1333,0.0,0.0,2023-07-10
128,2023-07-10 11:39:00-04:00,1.1749999523162842,1.1749999523162842,1.1699999570846558,1.1699999570846558,1752,0.0,0.0,2023-07-10
129,2023-07-10 11:40:00-04:00,1.1749999523162842,1.1799999475479126,1.1699999570846558,1.1799999475479126,6661,0.0,0.0,2023-07-10
130,2023-07-10 11:41:00-04:00,1.1700999736785889,1.1700999736785889,1.1699999570846558,1.1699999570846558,14509,0.0,0.0,2023-07-10
131,2023-07-10 11:42:00-04:00,1.1749999523162842,1.1799999475479126,1.1699999570846558,1.1699999570846558,20105,0.0,0.0,2023-07-10
132,2023-07-10 11:43:00-04:00,1.1749999523162842,1.1799999475479126,1.1699999570846558,1.1706000566482544,17699,0.0,0.0,2023-07-10
133,2023-07-10 11:44:00-04:00,1.1699999570846558,1.1749999523162842,1.1699999570846558,1.1749999523162842,1717,0.0,0.0,2023-07-10
134,2023-07-10 11:45:00-04:00,1.179900050163269,1.1799999475479126,1.1649999618530273,1.1763999462127686,133037,0.0,0.0,2023-07-10
135,2023-07-10 11:46:00-04:00,1.1749999523162842,1.1749999523162842,1.1700999736785889,1.1713999509811401,20833,0.0,0.0,2023-07-10
136,2023-07-10 11:47:00-04:00,1.1749999523162842,1.1749999523162842,1.1749999523162842,1.1749999523162842,7421,0.0,0.0,2023-07-10
137,2023-07-10 11:48:00-04:00,1.1699999570846558,1.1785000562667847,1.1699999570846558,1.1785000562667847,11719,0.0,0.0,2023-07-10
138,2023-07-10 11:49:00-04:00,1.1799999475479126,1.1799999475479126,1.1749999523162842,1.1749999523162842,2964,0.0,0.0,2023-07-10
139,2023-07-10 11:50:00-04:00,1.179900050163269,1.1799999475479126,1.1699999570846558,1.1770000457763672,14792,0.0,0.0,2023-07-10
140,2023-07-10 11:51:00-04:00,1.1726000308990479,1.179900050163269,1.170300006866455,1.170300006866455,1182,0.0,0.0,2023-07-10
141,2023-07-10 11:52:00-04:00,1.1714999675750732,1.1749999523162842,1.170199990272522,1.1749999523162842,2066,0.0,0.0,2023-07-10
142,2023-07-10 11:53:00-04:00,1.1700999736785889,1.1749999523162842,1.1700999736785889,1.1749999523162842,1585,0.0,0.0,2023-07-10
143,2023-07-10 11:54:00-04:00,1.1714999675750732,1.1785000562667847,1.1714999675750732,1.1749999523162842,4719,0.0,0.0,2023-07-10
144,2023-07-10 11:55:00-04:00,1.1749999523162842,1.1799999475479126,1.1700999736785889,1.1799999475479126,2517,0.0,0.0,2023-07-10
145,2023-07-10 11:56:00-04:00,1.1749999523162842,1.190000057220459,1.1749999523162842,1.184999942779541,83493,0.0,0.0,2023-07-10
146,2023-07-10 11:57:00-04:00,1.18149995803833,1.190000057220459,1.1800999641418457,1.190000057220459,9927,0.0,0.0,2023-07-10
147,2023-07-10 11:58:00-04:00,1.184999942779541,1.2000000476837158,1.184999942779541,1.2000000476837158,125304,0.0,0.0,2023-07-10
148,2023-07-10 11:59:00-04:00,1.1950000524520874,1.2000000476837158,1.190000057220459,1.198699951171875,107914,0.0,0.0,2023-07-10
149,2023-07-10 12:00:00-04:00,1.1950000524520874,1.2000000476837158,1.190000057220459,1.1950000524520874,43619,0.0,0.0,2023-07-10
150,2023-07-10 12:01:00-04:00,1.1950000524520874,1.2000000476837158,1.190000057220459,1.1950000524520874,34044,0.0,0.0,2023-07-10
151,2023-07-10 12:02:00-04:00,1.1950000524520874,1.2000000476837158,1.1799999475479126,1.1799999475479126,82597,0.0,0.0,2023-07-10
152,2023-07-10 12:03:00-04:00,1.1881999969482422,1.190000057220459,1.1805000305175781,1.1805000305175781,14490,0.0,0.0,2023-07-10
153,2023-07-10 12:04:00-04:00,1.184999942779541,1.184999942779541,1.1800999641418457,1.184999942779541,13830,0.0,0.0,2023-07-10
154,2023-07-10 12:05:00-04:00,1.1884000301361084,1.2000000476837158,1.18149995803833,1.191499948501587,49676,0.0,0.0,2023-07-10
155,2023-07-10 12:06:00-04:00,1.1927000284194946,1.1950000524520874,1.190000057220459,1.1950000524520874,10968,0.0,0.0,2023-07-10
156,2023-07-10 12:07:00-04:00,1.1950000524520874,1.2000000476837158,1.190000057220459,1.1950000524520874,23991,0.0,0.0,2023-07-10
157,2023-07-10 12:08:00-04:00,1.1950000524520874,1.2000000476837158,1.1900999546051025,1.1966999769210815,55222,0.0,0.0,2023-07-10
158,2023-07-10 12:09:00-04:00,1.1950000524520874,1.2000000476837158,1.190000057220459,1.2000000476837158,26774,0.0,0.0,2023-07-10
159,2023-07-10 12:10:00-04:00,1.1950000524520874,1.2100000381469727,1.191499948501587,1.1985000371932983,250810,0.0,0.0,2023-07-10
160,2023-07-10 12:11:00-04:00,1.2000000476837158,1.2000000476837158,1.190000057220459,1.1950000524520874,8771,0.0,0.0,2023-07-10
161,2023-07-10 12:12:00-04:00,1.1950000524520874,1.2000000476837158,1.1950000524520874,1.1950000524520874,7404,0.0,0.0,2023-07-10
162,2023-07-10 12:13:00-04:00,1.1950000524520874,1.1950000524520874,1.190000057220459,1.1950000524520874,5681,0.0,0.0,2023-07-10
163,2023-07-10 12:14:00-04:00,1.1999000310897827,1.2000000476837158,1.190000057220459,1.1950000524520874,16430,0.0,0.0,2023-07-10
164,2023-07-10 12:15:00-04:00,1.1950000524520874,1.1950000524520874,1.1950000524520874,1.1950000524520874,2929,0.0,0.0,2023-07-10
165,2023-07-10 12:16:00-04:00,1.1950000524520874,1.2000000476837158,1.191499948501587,1.1950000524520874,4776,0.0,0.0,2023-07-10
166,2023-07-10 12:17:00-04:00,1.2000000476837158,1.2000000476837158,1.191499948501587,1.1950000524520874,13324,0.0,0.0,2023-07-10
167,2023-07-10 12:18:00-04:00,1.1950000524520874,1.2000000476837158,1.191499948501587,1.1950000524520874,2914,0.0,0.0,2023-07-10
168,2023-07-10 12:19:00-04:00,1.2000000476837158,1.2000000476837158,1.1950000524520874,1.1985000371932983,10587,0.0,0.0,2023-07-10
169,2023-07-10 12:20:00-04:00,1.1999000310897827,1.2000000476837158,1.1900999546051025,1.2000000476837158,23945,0.0,0.0,2023-07-10
170,2023-07-10 12:21:00-04:00,1.2000000476837158,1.2100000381469727,1.2000000476837158,1.2015000581741333,102252,0.0,0.0,2023-07-10
171,2023-07-10 12:22:00-04:00,1.2005000114440918,1.2100000381469727,1.2000000476837158,1.2015000581741333,37692,0.0,0.0,2023-07-10
172,2023-07-10 12:23:00-04:00,1.2009999752044678,1.2100000381469727,1.2000000476837158,1.2000999450683594,29683,0.0,0.0,2023-07-10
173,2023-07-10 12:24:00-04:00,1.2000999450683594,1.2100000381469727,1.2000000476837158,1.2015000581741333,129869,0.0,0.0,2023-07-10
174,2023-07-10 12:25:00-04:00,1.2000999450683594,1.2070000171661377,1.2000000476837158,1.2000999450683594,7749,0.0,0.0,2023-07-10
175,2023-07-10 12:26:00-04:00,1.2100000381469727,1.2100000381469727,1.2000000476837158,1.2000000476837158,37680,0.0,0.0,2023-07-10
176,2023-07-10 12:27:00-04:00,1.2099000215530396,1.2099000215530396,1.2000000476837158,1.2000000476837158,47010,0.0,0.0,2023-07-10
177,2023-07-10 12:28:00-04:00,1.2000000476837158,1.2093000411987305,1.2000000476837158,1.2050000429153442,8529,0.0,0.0,2023-07-10
178,2023-07-10 12:29:00-04:00,1.2000000476837158,1.2074999809265137,1.2000000476837158,1.2000999450683594,39586,0.0,0.0,2023-07-10
179,2023-07-10 12:30:00-04:00,1.2000999450683594,1.2100000381469727,1.1950000524520874,1.2000000476837158,137962,0.0,0.0,2023-07-10
180,2023-07-10 12:31:00-04:00,1.1950000524520874,1.2000000476837158,1.1900999546051025,1.2000000476837158,59354,0.0,0.0,2023-07-10
181,2023-07-10 12:32:00-04:00,1.1950000524520874,1.2000000476837158,1.194200038909912,1.1993000507354736,17805,0.0,0.0,2023-07-10
182,2023-07-10 12:33:00-04:00,1.1950000524520874,1.2000000476837158,1.1950000524520874,1.1986000537872314,3909,0.0,0.0,2023-07-10
183,2023-07-10 12:34:00-04:00,1.1991000175476074,1.2000000476837158,1.1900999546051025,1.2000000476837158,11287,0.0,0.0,2023-07-10
184,2023-07-10 12:35:00-04:00,1.1950000524520874,1.1950000524520874,1.190000057220459,1.190000057220459,1590,0.0,0.0,2023-07-10
185,2023-07-10 12:36:00-04:00,1.1950000524520874,1.2000000476837158,1.190000057220459,1.190000057220459,18228,0.0,0.0,2023-07-10
186,2023-07-10 12:37:00-04:00,1.1950000524520874,1.2000000476837158,1.1900999546051025,1.1907000541687012,19846,0.0,0.0,2023-07-10
187,2023-07-10 12:38:00-04:00,1.1923999786376953,1.1999000310897827,1.190000057220459,1.1950000524520874,21078,0.0,0.0,2023-07-10
188,2023-07-10 12:39:00-04:00,1.1999000310897827,1.2000000476837158,1.1950000524520874,1.1950000524520874,9780,0.0,0.0,2023-07-10
189,2023-07-10 12:41:00-04:00,1.1950000524520874,1.2100000381469727,1.190000057220459,1.190000057220459,281495,0.0,0.0,2023-07-10
190,2023-07-10 12:42:00-04:00,1.190000057220459,1.1950000524520874,1.1850999593734741,1.1878999471664429,122874,0.0,0.0,2023-07-10
191,2023-07-10 12:43:00-04:00,1.184999942779541,1.184999942779541,1.1799999475479126,1.184999942779541,66303,0.0,0.0,2023-07-10
192,2023-07-10 12:44:00-04:00,1.1875,1.1875,1.184999942779541,1.184999942779541,1491,0.0,0.0,2023-07-10
193,2023-07-10 12:45:00-04:00,1.184999942779541,1.1985000371932983,1.184999942779541,1.1985000371932983,37613,0.0,0.0,2023-07-10
194,2023-07-10 12:46:00-04:00,1.190000057220459,1.1985000371932983,1.190000057220459,1.190000057220459,2639,0.0,0.0,2023-07-10
195,2023-07-10 12:47:00-04:00,1.190000057220459,1.2000000476837158,1.190000057220459,1.190000057220459,1441,0.0,0.0,2023-07-10
196,2023-07-10 12:48:00-04:00,1.1950000524520874,1.2000000476837158,1.190000057220459,1.190000057220459,33158,0.0,0.0,2023-07-10
197,2023-07-10 12:49:00-04:00,1.190000057220459,1.190000057220459,1.190000057220459,1.190000057220459,716,0.0,0.0,2023-07-10
198,2023-07-10 12:50:00-04:00,1.1950000524520874,1.2000000476837158,1.190000057220459,1.2000000476837158,37920,0.0,0.0,2023-07-10
199,2023-07-10 12:51:00-04:00,1.1901999711990356,1.190999984741211,1.1900999546051025,1.1900999546051025,16300,0.0,0.0,2023-07-10
200,2023-07-10 12:52:00-04:00,1.190000057220459,1.1964000463485718,1.1799999475479126,1.1799999475479126,25346,0.0,0.0,2023-07-10
201,2023-07-10 12:53:00-04:00,1.184999942779541,1.184999942779541,1.1800999641418457,1.1800999641418457,10027,0.0,0.0,2023-07-10
202,2023-07-10 12:54:00-04:00,1.1799999475479126,1.180999994277954,1.1699999570846558,1.1749999523162842,105766,0.0,0.0,2023-07-10
203,2023-07-10 12:55:00-04:00,1.1749999523162842,1.1878999471664429,1.1749999523162842,1.184999942779541,18165,0.0,0.0,2023-07-10
204,2023-07-10 12:56:00-04:00,1.184999942779541,1.1885000467300415,1.184999942779541,1.184999942779541,3897,0.0,0.0,2023-07-10
205,2023-07-10 12:57:00-04:00,1.184999942779541,1.190000057220459,1.1799999475479126,1.184999942779541,37724,0.0,0.0,2023-07-10
206,2023-07-10 12:58:00-04:00,1.184999942779541,1.184999942779541,1.184999942779541,1.184999942779541,4052,0.0,0.0,2023-07-10
207,2023-07-10 12:59:00-04:00,1.1892000436782837,1.1892000436782837,1.1799999475479126,1.1885000467300415,6407,0.0,0.0,2023-07-10
208,2023-07-10 13:00:00-04:00,1.1885000467300415,1.1899000406265259,1.1885000467300415,1.1899000406265259,1157,0.0,0.0,2023-07-10
209,2023-07-10 13:01:00-04:00,1.1821000576019287,1.1892999410629272,1.1821000576019287,1.1821999549865723,1511,0.0,0.0,2023-07-10
210,2023-07-10 13:02:00-04:00,1.184999942779541,1.1899000406265259,1.184999942779541,1.1891000270843506,2401,0.0,0.0,2023-07-10
211,2023-07-10 13:03:00-04:00,1.1799999475479126,1.1857000589370728,1.1799999475479126,1.1857000589370728,670,0.0,0.0,2023-07-10
212,2023-07-10 13:04:00-04:00,1.1799999475479126,1.184999942779541,1.1799999475479126,1.184999942779541,1205,0.0,0.0,2023-07-10
213,2023-07-10 13:05:00-04:00,1.1799999475479126,1.1799999475479126,1.1799999475479126,1.1799999475479126,2017,0.0,0.0,2023-07-10
214,2023-07-10 13:06:00-04:00,1.18149995803833,1.18149995803833,1.1799999475479126,1.1799999475479126,9543,0.0,0.0,2023-07-10
215,2023-07-10 13:07:00-04:00,1.1799999475479126,1.184999942779541,1.1799999475479126,1.184999942779541,247,0.0,0.0,2023-07-10
216,2023-07-10 13:08:00-04:00,1.1805000305175781,1.1805000305175781,1.1805000305175781,1.1805000305175781,5311,0.0,0.0,2023-07-10
217,2023-07-10 13:09:00-04:00,1.184999942779541,1.184999942779541,1.1799999475479126,1.18149995803833,431,0.0,0.0,2023-07-10
218,2023-07-10 13:10:00-04:00,1.184999942779541,1.190000057220459,1.184999942779541,1.184999942779541,10327,0.0,0.0,2023-07-10
219,2023-07-10 13:11:00-04:00,1.1885000467300415,1.1885000467300415,1.1820000410079956,1.184999942779541,2975,0.0,0.0,2023-07-10
220,2023-07-10 13:12:00-04:00,1.1799999475479126,1.184999942779541,1.1799999475479126,1.184999942779541,1241,0.0,0.0,2023-07-10
221,2023-07-10 13:13:00-04:00,1.1799999475479126,1.1899000406265259,1.1799999475479126,1.1899000406265259,1341,0.0,0.0,2023-07-10
222,2023-07-10 13:14:00-04:00,1.1801999807357788,1.1899000406265259,1.1799999475479126,1.1899000406265259,1655,0.0,0.0,2023-07-10
223,2023-07-10 13:15:00-04:00,1.1799999475479126,1.184999942779541,1.1799999475479126,1.1799999475479126,2334,0.0,0.0,2023-07-10
224,2023-07-10 13:16:00-04:00,1.1799999475479126,1.1878000497817993,1.1799999475479126,1.1878000497817993,2386,0.0,0.0,2023-07-10
225,2023-07-10 13:17:00-04:00,1.18149995803833,1.18149995803833,1.18149995803833,1.18149995803833,802,0.0,0.0,2023-07-10
226,2023-07-10 13:18:00-04:00,1.1799999475479126,1.184999942779541,1.1799999475479126,1.184999942779541,4789,0.0,0.0,2023-07-10
227,2023-07-10 13:19:00-04:00,1.1800999641418457,1.187999963760376,1.1799999475479126,1.1800999641418457,3624,0.0,0.0,2023-07-10
228,2023-07-10 13:20:00-04:00,1.1799999475479126,1.184999942779541,1.1799999475479126,1.18149995803833,1980,0.0,0.0,2023-07-10
229,2023-07-10 13:21:00-04:00,1.1799999475479126,1.184999942779541,1.1799999475479126,1.184999942779541,1864,0.0,0.0,2023-07-10
230,2023-07-10 13:22:00-04:00,1.1799999475479126,1.184999942779541,1.1799999475479126,1.1799999475479126,9755,0.0,0.0,2023-07-10
231,2023-07-10 13:23:00-04:00,1.1799999475479126,1.184999942779541,1.1799999475479126,1.1800999641418457,6016,0.0,0.0,2023-07-10
232,2023-07-10 13:24:00-04:00,1.1799999475479126,1.1799999475479126,1.1799999475479126,1.1799999475479126,117,0.0,0.0,2023-07-10
233,2023-07-10 13:25:00-04:00,1.1799999475479126,1.1875,1.1799999475479126,1.18149995803833,1839,0.0,0.0,2023-07-10
234,2023-07-10 13:26:00-04:00,1.184999942779541,1.184999942779541,1.1799999475479126,1.184999942779541,6796,0.0,0.0,2023-07-10
235,2023-07-10 13:27:00-04:00,1.1875,1.1898000240325928,1.1799999475479126,1.1848000288009644,3332,0.0,0.0,2023-07-10
236,2023-07-10 13:28:00-04:00,1.1799999475479126,1.18149995803833,1.1799999475479126,1.1799999475479126,1338,0.0,0.0,2023-07-10
237,2023-07-10 13:29:00-04:00,1.1801999807357788,1.1885000467300415,1.1799999475479126,1.1885000467300415,3656,0.0,0.0,2023-07-10
238,2023-07-10 13:30:00-04:00,1.1799999475479126,1.1821999549865723,1.1799999475479126,1.1821999549865723,511,0.0,0.0,2023-07-10
239,2023-07-10 13:31:00-04:00,1.180999994277954,1.184999942779541,1.1799999475479126,1.1799999475479126,9560,0.0,0.0,2023-07-10
240,2023-07-10 13:32:00-04:00,1.1799999475479126,1.190000057220459,1.1799999475479126,1.1799999475479126,4942,0.0,0.0,2023-07-10
241,2023-07-10 13:33:00-04:00,1.184999942779541,1.190000057220459,1.184999942779541,1.190000057220459,6886,0.0,0.0,2023-07-10
242,2023-07-10 13:34:00-04:00,1.190000057220459,1.190000057220459,1.180999994277954,1.1875,32678,0.0,0.0,2023-07-10
243,2023-07-10 13:35:00-04:00,1.1837999820709229,1.1875,1.1837999820709229,1.1875,1471,0.0,0.0,2023-07-10
244,2023-07-10 13:36:00-04:00,1.1799999475479126,1.184999942779541,1.1799999475479126,1.18149995803833,666,0.0,0.0,2023-07-10
245,2023-07-10 13:37:00-04:00,1.190000057220459,1.190000057220459,1.184999942779541,1.1875,3444,0.0,0.0,2023-07-10
246,2023-07-10 13:38:00-04:00,1.184999942779541,1.1875,1.1799999475479126,1.1875,1895,0.0,0.0,2023-07-10
247,2023-07-10 13:39:00-04:00,1.184999942779541,1.1875,1.1799999475479126,1.1875,6068,0.0,0.0,2023-07-10
248,2023-07-10 13:40:00-04:00,1.184999942779541,1.1861000061035156,1.184999942779541,1.184999942779541,2202,0.0,0.0,2023-07-10
249,2023-07-10 13:41:00-04:00,1.184999942779541,1.1899000406265259,1.184999942779541,1.1899000406265259,10615,0.0,0.0,2023-07-10
250,2023-07-10 13:43:00-04:00,1.184999942779541,1.184999942779541,1.1800999641418457,1.1800999641418457,902,0.0,0.0,2023-07-10
251,2023-07-10 13:44:00-04:00,1.184999942779541,1.1875,1.1820000410079956,1.184999942779541,3026,0.0,0.0,2023-07-10
252,2023-07-10 13:45:00-04:00,1.184999942779541,1.190000057220459,1.1799999475479126,1.184999942779541,18160,0.0,0.0,2023-07-10
253,2023-07-10 13:46:00-04:00,1.184999942779541,1.2000000476837158,1.1799999475479126,1.1950000524520874,81975,0.0,0.0,2023-07-10
254,2023-07-10 13:47:00-04:00,1.1950000524520874,1.2000000476837158,1.190000057220459,1.2000000476837158,4387,0.0,0.0,2023-07-10
255,2023-07-10 13:48:00-04:00,1.191499948501587,1.191499948501587,1.190000057220459,1.190000057220459,655,0.0,0.0,2023-07-10
256,2023-07-10 13:50:00-04:00,1.1985000371932983,1.1985000371932983,1.1985000371932983,1.1985000371932983,223,0.0,0.0,2023-07-10
257,2023-07-10 13:51:00-04:00,1.1928999423980713,1.2000000476837158,1.190000057220459,1.190000057220459,815,0.0,0.0,2023-07-10
258,2023-07-10 13:52:00-04:00,1.1972999572753906,1.1995999813079834,1.190000057220459,1.190000057220459,2153,0.0,0.0,2023-07-10
259,2023-07-10 13:53:00-04:00,1.190999984741211,1.2000000476837158,1.190000057220459,1.193600058555603,13371,0.0,0.0,2023-07-10
260,2023-07-10 13:54:00-04:00,1.1950000524520874,1.1950000524520874,1.1950000524520874,1.1950000524520874,131,0.0,0.0,2023-07-10
261,2023-07-10 13:55:00-04:00,1.191499948501587,1.1999000310897827,1.1821000576019287,1.1959999799728394,117752,0.0,0.0,2023-07-10
262,2023-07-10 13:56:00-04:00,1.1950000524520874,1.1950000524520874,1.190000057220459,1.190000057220459,328,0.0,0.0,2023-07-10
263,2023-07-10 13:57:00-04:00,1.190600037574768,1.1950000524520874,1.190000057220459,1.190000057220459,32631,0.0,0.0,2023-07-10
264,2023-07-10 13:58:00-04:00,1.190000057220459,1.190000057220459,1.190000057220459,1.190000057220459,14170,0.0,0.0,2023-07-10
265,2023-07-10 13:59:00-04:00,1.1999000310897827,1.2000000476837158,1.1901999711990356,1.1901999711990356,1014,0.0,0.0,2023-07-10
266,2023-07-10 14:00:00-04:00,1.1902999877929688,1.1902999877929688,1.1902999877929688,1.1902999877929688,1010,0.0,0.0,2023-07-10
267,2023-07-10 14:01:00-04:00,1.190000057220459,1.2000000476837158,1.190000057220459,1.1950000524520874,10746,0.0,0.0,2023-07-10
268,2023-07-10 14:02:00-04:00,1.190000057220459,1.1974999904632568,1.190000057220459,1.1974999904632568,3564,0.0,0.0,2023-07-10
269,2023-07-10 14:03:00-04:00,1.190000057220459,1.190000057220459,1.190000057220459,1.190000057220459,345,0.0,0.0,2023-07-10
270,2023-07-10 14:04:00-04:00,1.190000057220459,1.1900999546051025,1.1799999475479126,1.1799999475479126,77846,0.0,0.0,2023-07-10
271,2023-07-10 14:05:00-04:00,1.1799999475479126,1.186900019645691,1.1799999475479126,1.1799999475479126,19514,0.0,0.0,2023-07-10
272,2023-07-10 14:06:00-04:00,1.1799999475479126,1.184999942779541,1.1799999475479126,1.1799999475479126,3010,0.0,0.0,2023-07-10
273,2023-07-10 14:07:00-04:00,1.1799999475479126,1.1799999475479126,1.1799999475479126,1.1799999475479126,555,0.0,0.0,2023-07-10
274,2023-07-10 14:08:00-04:00,1.1799999475479126,1.1799999475479126,1.1799999475479126,1.1799999475479126,1596,0.0,0.0,2023-07-10
275,2023-07-10 14:09:00-04:00,1.1799999475479126,1.1875,1.1799999475479126,1.1799999475479126,2227,0.0,0.0,2023-07-10
276,2023-07-10 14:10:00-04:00,1.184999942779541,1.184999942779541,1.1799999475479126,1.1800999641418457,3431,0.0,0.0,2023-07-10
277,2023-07-10 14:11:00-04:00,1.1799999475479126,1.184999942779541,1.1799999475479126,1.1799999475479126,6490,0.0,0.0,2023-07-10
278,2023-07-10 14:12:00-04:00,1.1799999475479126,1.1806000471115112,1.1799999475479126,1.1799999475479126,4114,0.0,0.0,2023-07-10
279,2023-07-10 14:13:00-04:00,1.1875,1.1875,1.1799999475479126,1.1799999475479126,2009,0.0,0.0,2023-07-10
280,2023-07-10 14:14:00-04:00,1.1799999475479126,1.1799999475479126,1.1799999475479126,1.1799999475479126,11613,0.0,0.0,2023-07-10
281,2023-07-10 14:15:00-04:00,1.1799999475479126,1.1899000406265259,1.1799999475479126,1.1899000406265259,666,0.0,0.0,2023-07-10
282,2023-07-10 14:16:00-04:00,1.1799999475479126,1.190000057220459,1.1799999475479126,1.190000057220459,3677,0.0,0.0,2023-07-10
283,2023-07-10 14:17:00-04:00,1.1799999475479126,1.1875,1.1799999475479126,1.1799999475479126,3973,0.0,0.0,2023-07-10
284,2023-07-10 14:18:00-04:00,1.1799999475479126,1.1800999641418457,1.1799999475479126,1.1799999475479126,14316,0.0,0.0,2023-07-10
285,2023-07-10 14:19:00-04:00,1.1799999475479126,1.190000057220459,1.1799999475479126,1.1799999475479126,3733,0.0,0.0,2023-07-10
286,2023-07-10 14:20:00-04:00,1.1799999475479126,1.1827000379562378,1.1799999475479126,1.1799999475479126,5626,0.0,0.0,2023-07-10
287,2023-07-10 14:21:00-04:00,1.1799999475479126,1.190000057220459,1.1799999475479126,1.1799999475479126,2930,0.0,0.0,2023-07-10
288,2023-07-10 14:22:00-04:00,1.1799999475479126,1.1799999475479126,1.1799999475479126,1.1799999475479126,1722,0.0,0.0,2023-07-10
289,2023-07-10 14:23:00-04:00,1.1799999475479126,1.190000057220459,1.1799999475479126,1.1799999475479126,13034,0.0,0.0,2023-07-10
290,2023-07-10 14:24:00-04:00,1.184999942779541,1.1875,1.1799999475479126,1.1799999475479126,16901,0.0,0.0,2023-07-10
291,2023-07-10 14:25:00-04:00,1.1799999475479126,1.1800999641418457,1.1799999475479126,1.1799999475479126,4388,0.0,0.0,2023-07-10
292,2023-07-10 14:26:00-04:00,1.1799999475479126,1.1875,1.1799999475479126,1.1799999475479126,2800,0.0,0.0,2023-07-10
293,2023-07-10 14:27:00-04:00,1.1799999475479126,1.184999942779541,1.1799999475479126,1.1799999475479126,2335,0.0,0.0,2023-07-10
294,2023-07-10 14:28:00-04:00,1.1799999475479126,1.184999942779541,1.1799999475479126,1.1799999475479126,2744,0.0,0.0,2023-07-10
295,2023-07-10 14:29:00-04:00,1.1799999475479126,1.1851999759674072,1.1799999475479126,1.1851999759674072,5893,0.0,0.0,2023-07-10
296,2023-07-10 14:30:00-04:00,1.1799999475479126,1.1885000467300415,1.1749999523162842,1.1749999523162842,62556,0.0,0.0,2023-07-10
297,2023-07-10 14:31:00-04:00,1.1749999523162842,1.1799999475479126,1.1699999570846558,1.1699999570846558,7742,0.0,0.0,2023-07-10
298,2023-07-10 14:32:00-04:00,1.1699999570846558,1.1785999536514282,1.1699999570846558,1.1699999570846558,4431,0.0,0.0,2023-07-10
299,2023-07-10 14:33:00-04:00,1.1699999570846558,1.1720999479293823,1.1699999570846558,1.1699999570846558,1668,0.0,0.0,2023-07-10
300,2023-07-10 14:34:00-04:00,1.1699999570846558,1.1799999475479126,1.1699999570846558,1.1699999570846558,5330,0.0,0.0,2023-07-10
301,2023-07-10 14:35:00-04:00,1.1699999570846558,1.1766999959945679,1.1699999570846558,1.1699999570846558,4445,0.0,0.0,2023-07-10
302,2023-07-10 14:36:00-04:00,1.1699999570846558,1.1777000427246094,1.1699999570846558,1.1699999570846558,3031,0.0,0.0,2023-07-10
303,2023-07-10 14:37:00-04:00,1.1699999570846558,1.179900050163269,1.1699999570846558,1.1699999570846558,8805,0.0,0.0,2023-07-10
304,2023-07-10 14:38:00-04:00,1.1699999570846558,1.1727999448776245,1.1699999570846558,1.1699999570846558,2346,0.0,0.0,2023-07-10
305,2023-07-10 14:39:00-04:00,1.1699999570846558,1.179900050163269,1.1699999570846558,1.1699999570846558,5894,0.0,0.0,2023-07-10
306,2023-07-10 14:40:00-04:00,1.1749999523162842,1.1749999523162842,1.1699999570846558,1.1699999570846558,4028,0.0,0.0,2023-07-10
307,2023-07-10 14:41:00-04:00,1.1785000562667847,1.1785000562667847,1.1699999570846558,1.1699999570846558,27918,0.0,0.0,2023-07-10
308,2023-07-10 14:42:00-04:00,1.1714999675750732,1.179900050163269,1.1699999570846558,1.1699999570846558,5733,0.0,0.0,2023-07-10
309,2023-07-10 14:43:00-04:00,1.1699999570846558,1.1729999780654907,1.1699999570846558,1.1699999570846558,2636,0.0,0.0,2023-07-10
310,2023-07-10 14:44:00-04:00,1.1699999570846558,1.1699999570846558,1.1699999570846558,1.1699999570846558,1135,0.0,0.0,2023-07-10
311,2023-07-10 14:45:00-04:00,1.1699999570846558,1.170300006866455,1.1699999570846558,1.1699999570846558,1185,0.0,0.0,2023-07-10
312,2023-07-10 14:46:00-04:00,1.1699999570846558,1.1749999523162842,1.1699999570846558,1.1699999570846558,1706,0.0,0.0,2023-07-10
313,2023-07-10 14:47:00-04:00,1.1735999584197998,1.1735999584197998,1.1699999570846558,1.1699999570846558,970,0.0,0.0,2023-07-10
314,2023-07-10 14:48:00-04:00,1.1699999570846558,1.1783000230789185,1.1699999570846558,1.1749999523162842,9919,0.0,0.0,2023-07-10
315,2023-07-10 14:49:00-04:00,1.1699999570846558,1.1875,1.1699999570846558,1.184999942779541,115053,0.0,0.0,2023-07-10
316,2023-07-10 14:50:00-04:00,1.1799999475479126,1.18149995803833,1.1799999475479126,1.18149995803833,5547,0.0,0.0,2023-07-10
317,2023-07-10 14:51:00-04:00,1.1799999475479126,1.180400013923645,1.1799999475479126,1.1799999475479126,3634,0.0,0.0,2023-07-10
318,2023-07-10 14:52:00-04:00,1.1805000305175781,1.190000057220459,1.1805000305175781,1.190000057220459,3326,0.0,0.0,2023-07-10
319,2023-07-10 14:53:00-04:00,1.18149995803833,1.1875,1.1799999475479126,1.1799999475479126,1442,0.0,0.0,2023-07-10
320,2023-07-10 14:54:00-04:00,1.1806000471115112,1.1806000471115112,1.1806000471115112,1.1806000471115112,103,0.0,0.0,2023-07-10
321,2023-07-10 14:55:00-04:00,1.1799999475479126,1.1805000305175781,1.1799999475479126,1.1805000305175781,24053,0.0,0.0,2023-07-10
322,2023-07-10 14:56:00-04:00,1.1875,1.1875,1.1799999475479126,1.180999994277954,12783,0.0,0.0,2023-07-10
323,2023-07-10 14:57:00-04:00,1.1799999475479126,1.1799999475479126,1.1699999570846558,1.1747000217437744,98910,0.0,0.0,2023-07-10
324,2023-07-10 14:58:00-04:00,1.1699999570846558,1.1792999505996704,1.1699999570846558,1.1718000173568726,7824,0.0,0.0,2023-07-10
325,2023-07-10 14:59:00-04:00,1.1699999570846558,1.1749999523162842,1.1699999570846558,1.1749999523162842,4763,0.0,0.0,2023-07-10
326,2023-07-10 15:00:00-04:00,1.1699999570846558,1.1710000038146973,1.1699999570846558,1.1699999570846558,2634,0.0,0.0,2023-07-10
327,2023-07-10 15:01:00-04:00,1.1699999570846558,1.1749999523162842,1.1699999570846558,1.1699999570846558,2675,0.0,0.0,2023-07-10
328,2023-07-10 15:02:00-04:00,1.1749999523162842,1.1799999475479126,1.1699999570846558,1.1699999570846558,7780,0.0,0.0,2023-07-10
329,2023-07-10 15:03:00-04:00,1.1699999570846558,1.1699999570846558,1.1699999570846558,1.1699999570846558,753,0.0,0.0,2023-07-10
330,2023-07-10 15:04:00-04:00,1.1699999570846558,1.1749999523162842,1.1699999570846558,1.1699999570846558,2225,0.0,0.0,2023-07-10
331,2023-07-10 15:05:00-04:00,1.1699999570846558,1.1793999671936035,1.1699999570846558,1.1699999570846558,1394,0.0,0.0,2023-07-10
332,2023-07-10 15:06:00-04:00,1.1699999570846558,1.1721999645233154,1.159999966621399,1.159999966621399,37693,0.0,0.0,2023-07-10
333,2023-07-10 15:07:00-04:00,1.169600009918213,1.169600009918213,1.159999966621399,1.159999966621399,36982,0.0,0.0,2023-07-10
334,2023-07-10 15:08:00-04:00,1.1649999618530273,1.1749999523162842,1.1649999618530273,1.1749999523162842,62486,0.0,0.0,2023-07-10
335,2023-07-10 15:09:00-04:00,1.1749999523162842,1.1785000562667847,1.1705000400543213,1.1749999523162842,9853,0.0,0.0,2023-07-10
336,2023-07-10 15:10:00-04:00,1.1749999523162842,1.1749999523162842,1.1749999523162842,1.1749999523162842,3108,0.0,0.0,2023-07-10
337,2023-07-10 15:11:00-04:00,1.1749999523162842,1.1749999523162842,1.1749999523162842,1.1749999523162842,357,0.0,0.0,2023-07-10
338,2023-07-10 15:12:00-04:00,1.1749999523162842,1.1749999523162842,1.1749999523162842,1.1749999523162842,597,0.0,0.0,2023-07-10
339,2023-07-10 15:13:00-04:00,1.170199990272522,1.1785000562667847,1.170199990272522,1.170699954032898,1806,0.0,0.0,2023-07-10
340,2023-07-10 15:14:00-04:00,1.1700999736785889,1.1749999523162842,1.1700999736785889,1.1749999523162842,4461,0.0,0.0,2023-07-10
341,2023-07-10 15:15:00-04:00,1.1714999675750732,1.1749999523162842,1.1714999675750732,1.1749999523162842,3455,0.0,0.0,2023-07-10
342,2023-07-10 15:16:00-04:00,1.1749999523162842,1.1749999523162842,1.1741000413894653,1.1741000413894653,428,0.0,0.0,2023-07-10
343,2023-07-10 15:17:00-04:00,1.1699999570846558,1.1749999523162842,1.1699999570846558,1.1700999736785889,8808,0.0,0.0,2023-07-10
344,2023-07-10 15:18:00-04:00,1.1699999570846558,1.1799999475479126,1.1699999570846558,1.1699999570846558,6179,0.0,0.0,2023-07-10
345,2023-07-10 15:19:00-04:00,1.1699999570846558,1.1749999523162842,1.1699999570846558,1.1699999570846558,1711,0.0,0.0,2023-07-10
346,2023-07-10 15:20:00-04:00,1.1699999570846558,1.1749999523162842,1.1699999570846558,1.1699999570846558,1103,0.0,0.0,2023-07-10
347,2023-07-10 15:21:00-04:00,1.1699999570846558,1.1799999475479126,1.1699999570846558,1.1699999570846558,9874,0.0,0.0,2023-07-10
348,2023-07-10 15:22:00-04:00,1.1699999570846558,1.1699999570846558,1.1699999570846558,1.1699999570846558,1398,0.0,0.0,2023-07-10
349,2023-07-10 15:23:00-04:00,1.1699999570846558,1.1699999570846558,1.1699999570846558,1.1699999570846558,2215,0.0,0.0,2023-07-10
350,2023-07-10 15:24:00-04:00,1.1699999570846558,1.1699999570846558,1.1699999570846558,1.1699999570846558,6723,0.0,0.0,2023-07-10
351,2023-07-10 15:25:00-04:00,1.1699999570846558,1.1779999732971191,1.1699999570846558,1.1699999570846558,48667,0.0,0.0,2023-07-10
352,2023-07-10 15:26:00-04:00,1.1699999570846558,1.1729999780654907,1.1699999570846558,1.1699999570846558,29154,0.0,0.0,2023-07-10
353,2023-07-10 15:27:00-04:00,1.1699999570846558,1.1699999570846558,1.1699999570846558,1.1699999570846558,3516,0.0,0.0,2023-07-10
354,2023-07-10 15:28:00-04:00,1.1699999570846558,1.1699999570846558,1.159999966621399,1.1649999618530273,80663,0.0,0.0,2023-07-10
355,2023-07-10 15:29:00-04:00,1.1649999618530273,1.184999942779541,1.159999966621399,1.1799999475479126,216455,0.0,0.0,2023-07-10
356,2023-07-10 15:30:00-04:00,1.184999942779541,1.184999942779541,1.18340003490448,1.184999942779541,4155,0.0,0.0,2023-07-10
357,2023-07-10 15:31:00-04:00,1.1799999475479126,1.184999942779541,1.1799999475479126,1.184999942779541,8843,0.0,0.0,2023-07-10
358,2023-07-10 15:32:00-04:00,1.184999942779541,1.184999942779541,1.1820000410079956,1.1820000410079956,1933,0.0,0.0,2023-07-10
359,2023-07-10 15:33:00-04:00,1.1832000017166138,1.1832000017166138,1.1799999475479126,1.1799999475479126,2102,0.0,0.0,2023-07-10
360,2023-07-10 15:34:00-04:00,1.1898000240325928,1.1898000240325928,1.184999942779541,1.184999942779541,3254,0.0,0.0,2023-07-10
361,2023-07-10 15:35:00-04:00,1.190000057220459,1.190000057220459,1.184999942779541,1.184999942779541,2518,0.0,0.0,2023-07-10
362,2023-07-10 15:36:00-04:00,1.190000057220459,1.190000057220459,1.1799999475479126,1.184999942779541,6387,0.0,0.0,2023-07-10
363,2023-07-10 15:37:00-04:00,1.190000057220459,1.190000057220459,1.1894999742507935,1.190000057220459,1212,0.0,0.0,2023-07-10
364,2023-07-10 15:38:00-04:00,1.1877000331878662,1.1877000331878662,1.1871999502182007,1.1871999502182007,15029,0.0,0.0,2023-07-10
365,2023-07-10 15:39:00-04:00,1.18149995803833,1.1885000467300415,1.1799999475479126,1.1800999641418457,5843,0.0,0.0,2023-07-10
366,2023-07-10 15:40:00-04:00,1.1799999475479126,1.184999942779541,1.1799999475479126,1.1801999807357788,2527,0.0,0.0,2023-07-10
367,2023-07-10 15:41:00-04:00,1.1799999475479126,1.1799999475479126,1.1699999570846558,1.1699999570846558,48901,0.0,0.0,2023-07-10
368,2023-07-10 15:42:00-04:00,1.1699999570846558,1.179900050163269,1.1699999570846558,1.1699999570846558,5216,0.0,0.0,2023-07-10
369,2023-07-10 15:43:00-04:00,1.1699999570846558,1.1780999898910522,1.1699999570846558,1.1749999523162842,7999,0.0,0.0,2023-07-10
370,2023-07-10 15:44:00-04:00,1.1749999523162842,1.1749999523162842,1.1699999570846558,1.1699999570846558,4307,0.0,0.0,2023-07-10
371,2023-07-10 15:45:00-04:00,1.1699999570846558,1.179900050163269,1.1699999570846558,1.1699999570846558,6817,0.0,0.0,2023-07-10
372,2023-07-10 15:46:00-04:00,1.1699999570846558,1.1720000505447388,1.1699999570846558,1.1699999570846558,8292,0.0,0.0,2023-07-10
373,2023-07-10 15:47:00-04:00,1.1699999570846558,1.1749999523162842,1.1699999570846558,1.1699999570846558,6268,0.0,0.0,2023-07-10
374,2023-07-10 15:48:00-04:00,1.1749999523162842,1.1749999523162842,1.1699999570846558,1.1699999570846558,17471,0.0,0.0,2023-07-10
375,2023-07-10 15:49:00-04:00,1.1699999570846558,1.1714999675750732,1.1649999618530273,1.1649999618530273,63078,0.0,0.0,2023-07-10
376,2023-07-10 15:50:00-04:00,1.1649999618530273,1.1749999523162842,1.159999966621399,1.1699999570846558,63179,0.0,0.0,2023-07-10
377,2023-07-10 15:51:00-04:00,1.1749999523162842,1.1749999523162842,1.1699999570846558,1.1699999570846558,2600,0.0,0.0,2023-07-10
378,2023-07-10 15:52:00-04:00,1.1749999523162842,1.1799999475479126,1.1699999570846558,1.1699999570846558,53082,0.0,0.0,2023-07-10
379,2023-07-10 15:53:00-04:00,1.1749999523162842,1.1799999475479126,1.1749999523162842,1.1749999523162842,15058,0.0,0.0,2023-07-10
380,2023-07-10 15:54:00-04:00,1.1749999523162842,1.1799999475479126,1.1699999570846558,1.1749999523162842,24275,0.0,0.0,2023-07-10
381,2023-07-10 15:55:00-04:00,1.1749999523162842,1.1799999475479126,1.1699999570846558,1.1749999523162842,37492,0.0,0.0,2023-07-10
382,2023-07-10 15:56:00-04:00,1.1749999523162842,1.1799999475479126,1.170799970626831,1.1749999523162842,60525,0.0,0.0,2023-07-10
383,2023-07-10 15:57:00-04:00,1.1749999523162842,1.1799999475479126,1.1699999570846558,1.1699999570846558,126793,0.0,0.0,2023-07-10
384,2023-07-10 15:58:00-04:00,1.1719000339508057,1.1799999475479126,1.1699999570846558,1.1749999523162842,76498,0.0,0.0,2023-07-10
385,2023-07-10 15:59:00-04:00,1.1799999475479126,1.1799999475479126,1.1699999570846558,1.1699999570846558,116102,0.0,0.0,2023-07-10
386,2023-07-11 09:30:00-04:00,1.190000057220459,1.2000000476837158,1.190000057220459,1.190000057220459,76898,0.0,0.0,2023-07-11
387,2023-07-11 09:31:00-04:00,1.1950000524520874,1.2000000476837158,1.1950000524520874,1.1950000524520874,142838,0.0,0.0,2023-07-11
388,2023-07-11 09:32:00-04:00,1.2000000476837158,1.2000000476837158,1.1799999475479126,1.184999942779541,42209,0.0,0.0,2023-07-11
389,2023-07-11 09:33:00-04:00,1.184999942779541,1.1895999908447266,1.1749999523162842,1.18149995803833,36921,0.0,0.0,2023-07-11
390,2023-07-11 09:34:00-04:00,1.187000036239624,1.190000057220459,1.180999994277954,1.190000057220459,4947,0.0,0.0,2023-07-11
391,2023-07-11 09:35:00-04:00,1.190000057220459,1.190000057220459,1.18149995803833,1.184999942779541,6029,0.0,0.0,2023-07-11
392,2023-07-11 09:36:00-04:00,1.184999942779541,1.1899000406265259,1.1799999475479126,1.1799999475479126,11645,0.0,0.0,2023-07-11
393,2023-07-11 09:37:00-04:00,1.1799999475479126,1.1895999908447266,1.1799999475479126,1.1799999475479126,6625,0.0,0.0,2023-07-11
394,2023-07-11 09:38:00-04:00,1.184999942779541,1.184999942779541,1.1699999570846558,1.1699999570846558,40564,0.0,0.0,2023-07-11
395,2023-07-11 09:39:00-04:00,1.159999966621399,1.1699999570846558,1.1505000591278076,1.1649999618530273,34572,0.0,0.0,2023-07-11
396,2023-07-11 09:40:00-04:00,1.1699999570846558,1.1699999570846558,1.159999966621399,1.1699999570846558,22790,0.0,0.0,2023-07-11
397,2023-07-11 09:41:00-04:00,1.169100046157837,1.1699999570846558,1.1672999858856201,1.1672999858856201,4522,0.0,0.0,2023-07-11
398,2023-07-11 09:42:00-04:00,1.1649999618530273,1.1699999570846558,1.159999966621399,1.1699999570846558,11713,0.0,0.0,2023-07-11
399,2023-07-11 09:43:00-04:00,1.1649999618530273,1.1699999570846558,1.1601999998092651,1.1614999771118164,6293,0.0,0.0,2023-07-11
400,2023-07-11 09:44:00-04:00,1.1603000164031982,1.1603000164031982,1.159999966621399,1.159999966621399,1549,0.0,0.0,2023-07-11
401,2023-07-11 09:45:00-04:00,1.159999966621399,1.1799999475479126,1.159999966621399,1.1699999570846558,14093,0.0,0.0,2023-07-11
402,2023-07-11 09:46:00-04:00,1.1699999570846558,1.1799999475479126,1.1699999570846558,1.1799999475479126,7953,0.0,0.0,2023-07-11
403,2023-07-11 09:47:00-04:00,1.1796000003814697,1.190000057220459,1.1796000003814697,1.190000057220459,9424,0.0,0.0,2023-07-11
404,2023-07-11 09:48:00-04:00,1.184999942779541,1.190000057220459,1.184999942779541,1.1899000406265259,5507,0.0,0.0,2023-07-11
405,2023-07-11 09:49:00-04:00,1.1885000467300415,1.190000057220459,1.1799999475479126,1.184999942779541,49672,0.0,0.0,2023-07-11
406,2023-07-11 09:50:00-04:00,1.184999942779541,1.190000057220459,1.1800999641418457,1.190000057220459,3482,0.0,0.0,2023-07-11
407,2023-07-11 09:51:00-04:00,1.1799999475479126,1.190000057220459,1.1799999475479126,1.1799999475479126,7206,0.0,0.0,2023-07-11
408,2023-07-11 09:52:00-04:00,1.190000057220459,1.190000057220459,1.184999942779541,1.190000057220459,5327,0.0,0.0,2023-07-11
409,2023-07-11 09:53:00-04:00,1.190000057220459,1.1950000524520874,1.190000057220459,1.1950000524520874,14105,0.0,0.0,2023-07-11
410,2023-07-11 09:54:00-04:00,1.1992000341415405,1.2000000476837158,1.1912000179290771,1.2000000476837158,7524,0.0,0.0,2023-07-11
411,2023-07-11 09:55:00-04:00,1.1985000371932983,1.2000000476837158,1.190000057220459,1.2000000476837158,1239,0.0,0.0,2023-07-11
412,2023-07-11 09:56:00-04:00,1.1950000524520874,1.1964999437332153,1.190000057220459,1.1964999437332153,14843,0.0,0.0,2023-07-11
413,2023-07-11 09:57:00-04:00,1.1950000524520874,1.2000000476837158,1.1907000541687012,1.2000000476837158,13028,0.0,0.0,2023-07-11
414,2023-07-11 09:58:00-04:00,1.2000000476837158,1.2000000476837158,1.190000057220459,1.2000000476837158,3356,0.0,0.0,2023-07-11
415,2023-07-11 09:59:00-04:00,1.1950000524520874,1.2000000476837158,1.1950000524520874,1.1950000524520874,32081,0.0,0.0,2023-07-11
416,2023-07-11 10:00:00-04:00,1.1950000524520874,1.2000000476837158,1.1950000524520874,1.1950000524520874,12531,0.0,0.0,2023-07-11
417,2023-07-11 10:01:00-04:00,1.1999000310897827,1.2000000476837158,1.1999000310897827,1.2000000476837158,2198,0.0,0.0,2023-07-11
418,2023-07-11 10:02:00-04:00,1.2000000476837158,1.2000000476837158,1.1974999904632568,1.2000000476837158,3334,0.0,0.0,2023-07-11
419,2023-07-11 10:03:00-04:00,1.1950000524520874,1.1999000310897827,1.190000057220459,1.1999000310897827,12890,0.0,0.0,2023-07-11
420,2023-07-11 10:04:00-04:00,1.1985000371932983,1.2000000476837158,1.1950000524520874,1.1950000524520874,1069,0.0,0.0,2023-07-11
421,2023-07-11 10:05:00-04:00,1.1950000524520874,1.1993999481201172,1.190000057220459,1.1993999481201172,9707,0.0,0.0,2023-07-11
422,2023-07-11 10:06:00-04:00,1.2000000476837158,1.2000000476837158,1.190000057220459,1.2000000476837158,2825,0.0,0.0,2023-07-11
423,2023-07-11 10:07:00-04:00,1.2000000476837158,1.2000000476837158,1.1950000524520874,1.2000000476837158,4250,0.0,0.0,2023-07-11
424,2023-07-11 10:08:00-04:00,1.190000057220459,1.2000000476837158,1.190000057220459,1.2000000476837158,4394,0.0,0.0,2023-07-11
425,2023-07-11 10:09:00-04:00,1.2000000476837158,1.2100000381469727,1.2000000476837158,1.2000999450683594,61268,0.0,0.0,2023-07-11
426,2023-07-11 10:10:00-04:00,1.2100000381469727,1.219499945640564,1.2096999883651733,1.218500018119812,77097,0.0,0.0,2023-07-11
427,2023-07-11 10:11:00-04:00,1.215000033378601,1.2199000120162964,1.2101000547409058,1.2117999792099,9383,0.0,0.0,2023-07-11
428,2023-07-11 10:12:00-04:00,1.215000033378601,1.2300000190734863,1.215000033378601,1.2200000286102295,198751,0.0,0.0,2023-07-11
429,2023-07-11 10:13:00-04:00,1.225000023841858,1.2400000095367432,1.2200000286102295,1.2345000505447388,71069,0.0,0.0,2023-07-11
430,2023-07-11 10:14:00-04:00,1.231600046157837,1.2400000095367432,1.231600046157837,1.2350000143051147,24471,0.0,0.0,2023-07-11
431,2023-07-11 10:15:00-04:00,1.2350000143051147,1.2389999628067017,1.2300000190734863,1.2342000007629395,24374,0.0,0.0,2023-07-11
432,2023-07-11 10:16:00-04:00,1.2350000143051147,1.2400000095367432,1.2300000190734863,1.2311999797821045,41230,0.0,0.0,2023-07-11
433,2023-07-11 10:17:00-04:00,1.2315000295639038,1.2400000095367432,1.2315000295639038,1.2350000143051147,14554,0.0,0.0,2023-07-11
434,2023-07-11 10:18:00-04:00,1.2400000095367432,1.2400000095367432,1.2300000190734863,1.2350000143051147,18002,0.0,0.0,2023-07-11
435,2023-07-11 10:19:00-04:00,1.2311999797821045,1.2400000095367432,1.2300000190734863,1.2350000143051147,48441,0.0,0.0,2023-07-11
436,2023-07-11 10:20:00-04:00,1.2400000095367432,1.2400000095367432,1.2300000190734863,1.2400000095367432,17197,0.0,0.0,2023-07-11
437,2023-07-11 10:21:00-04:00,1.2400000095367432,1.2450000047683716,1.2300000190734863,1.2450000047683716,107901,0.0,0.0,2023-07-11
438,2023-07-11 10:22:00-04:00,1.2400000095367432,1.25,1.2400000095367432,1.25,118535,0.0,0.0,2023-07-11
439,2023-07-11 10:23:00-04:00,1.25,1.2549999952316284,1.2400000095367432,1.2400000095367432,372093,0.0,0.0,2023-07-11
440,2023-07-11 10:24:00-04:00,1.2415000200271606,1.25,1.2400000095367432,1.2450000047683716,39201,0.0,0.0,2023-07-11
441,2023-07-11 10:25:00-04:00,1.2450000047683716,1.25,1.2400000095367432,1.2400000095367432,10205,0.0,0.0,2023-07-11
442,2023-07-11 10:26:00-04:00,1.25,1.2599999904632568,1.25,1.2549999952316284,59262,0.0,0.0,2023-07-11
443,2023-07-11 10:27:00-04:00,1.2549999952316284,1.2599999904632568,1.250100016593933,1.2584999799728394,16886,0.0,0.0,2023-07-11
444,2023-07-11 10:28:00-04:00,1.2599999904632568,1.2599999904632568,1.2511999607086182,1.2549999952316284,11389,0.0,0.0,2023-07-11
445,2023-07-11 10:29:00-04:00,1.2599999904632568,1.2599999904632568,1.25,1.2599999904632568,33198,0.0,0.0,2023-07-11
446,2023-07-11 10:30:00-04:00,1.2599999904632568,1.2599999904632568,1.2503999471664429,1.2598999738693237,11057,0.0,0.0,2023-07-11
447,2023-07-11 10:31:00-04:00,1.25,1.2599999904632568,1.25,1.2549999952316284,24086,0.0,0.0,2023-07-11
448,2023-07-11 10:32:00-04:00,1.2549999952316284,1.2549999952316284,1.2415000200271606,1.25,122156,0.0,0.0,2023-07-11
449,2023-07-11 10:33:00-04:00,1.2450000047683716,1.2599999904632568,1.2450000047683716,1.2549999952316284,43259,0.0,0.0,2023-07-11
450,2023-07-11 10:34:00-04:00,1.2584999799728394,1.2595000267028809,1.25,1.2549999952316284,59549,0.0,0.0,2023-07-11
451,2023-07-11 10:35:00-04:00,1.2549999952316284,1.2599999904632568,1.250100016593933,1.2599999904632568,13376,0.0,0.0,2023-07-11
452,2023-07-11 10:36:00-04:00,1.2599999904632568,1.2699999809265137,1.2599999904632568,1.2649999856948853,63976,0.0,0.0,2023-07-11
453,2023-07-11 10:37:00-04:00,1.2698999643325806,1.2699999809265137,1.2599999904632568,1.2599999904632568,27886,0.0,0.0,2023-07-11
454,2023-07-11 10:38:00-04:00,1.2615000009536743,1.2799999713897705,1.2615000009536743,1.2799999713897705,113924,0.0,0.0,2023-07-11
455,2023-07-11 10:39:00-04:00,1.2799999713897705,1.2869999408721924,1.2699999809265137,1.2799999713897705,112845,0.0,0.0,2023-07-11
456,2023-07-11 10:40:00-04:00,1.2799999713897705,1.2799999713897705,1.2599999904632568,1.2599999904632568,119396,0.0,0.0,2023-07-11
457,2023-07-11 10:41:00-04:00,1.2599999904632568,1.2699999809265137,1.2599999904632568,1.2699999809265137,43063,0.0,0.0,2023-07-11
458,2023-07-11 10:42:00-04:00,1.2649999856948853,1.2699999809265137,1.2599999904632568,1.2699999809265137,19340,0.0,0.0,2023-07-11
459,2023-07-11 10:43:00-04:00,1.2649999856948853,1.2699999809265137,1.2599999904632568,1.2647000551223755,25730,0.0,0.0,2023-07-11
460,2023-07-11 10:44:00-04:00,1.2699999809265137,1.2699999809265137,1.2599999904632568,1.2699999809265137,7647,0.0,0.0,2023-07-11
461,2023-07-11 10:45:00-04:00,1.2649999856948853,1.2699999809265137,1.2618999481201172,1.2618999481201172,12214,0.0,0.0,2023-07-11
462,2023-07-11 10:46:00-04:00,1.2649999856948853,1.2699999809265137,1.2649999856948853,1.2649999856948853,7814,0.0,0.0,2023-07-11
463,2023-07-11 10:47:00-04:00,1.2649999856948853,1.2699999809265137,1.2599999904632568,1.2699999809265137,28324,0.0,0.0,2023-07-11
464,2023-07-11 10:48:00-04:00,1.2649999856948853,1.2699999809265137,1.2599999904632568,1.2649999856948853,14002,0.0,0.0,2023-07-11
465,2023-07-11 10:49:00-04:00,1.2699999809265137,1.2699999809265137,1.2617000341415405,1.2699999809265137,15443,0.0,0.0,2023-07-11
466,2023-07-11 10:50:00-04:00,1.2699999809265137,1.2699999809265137,1.2684999704360962,1.2699999809265137,18152,0.0,0.0,2023-07-11
467,2023-07-11 10:51:00-04:00,1.2699999809265137,1.2699999809265137,1.26010000705719,1.2699999809265137,6826,0.0,0.0,2023-07-11
468,2023-07-11 10:52:00-04:00,1.268399953842163,1.2699999809265137,1.2599999904632568,1.2699999809265137,10384,0.0,0.0,2023-07-11
469,2023-07-11 10:53:00-04:00,1.2699999809265137,1.2699999809265137,1.2615000009536743,1.2699999809265137,14828,0.0,0.0,2023-07-11
470,2023-07-11 10:54:00-04:00,1.2699999809265137,1.2699999809265137,1.2599999904632568,1.2699999809265137,8983,0.0,0.0,2023-07-11
471,2023-07-11 10:55:00-04:00,1.2699999809265137,1.2699999809265137,1.2599999904632568,1.2699999809265137,24977,0.0,0.0,2023-07-11
472,2023-07-11 10:56:00-04:00,1.2599999904632568,1.2699999809265137,1.2599999904632568,1.2649999856948853,3588,0.0,0.0,2023-07-11
473,2023-07-11 10:57:00-04:00,1.2649999856948853,1.2699999809265137,1.2599999904632568,1.2599999904632568,119837,0.0,0.0,2023-07-11
474,2023-07-11 10:58:00-04:00,1.2699999809265137,1.2699999809265137,1.26010000705719,1.2699999809265137,6441,0.0,0.0,2023-07-11
475,2023-07-11 10:59:00-04:00,1.2699999809265137,1.2699999809265137,1.2599999904632568,1.2699999809265137,32960,0.0,0.0,2023-07-11
476,2023-07-11 11:00:00-04:00,1.2699999809265137,1.2699999809265137,1.2649999856948853,1.2697999477386475,34492,0.0,0.0,2023-07-11
477,2023-07-11 11:01:00-04:00,1.2699999809265137,1.2799999713897705,1.2684999704360962,1.2699999809265137,41454,0.0,0.0,2023-07-11
478,2023-07-11 11:02:00-04:00,1.274999976158142,1.2799999713897705,1.274999976158142,1.274999976158142,2089,0.0,0.0,2023-07-11
479,2023-07-11 11:03:00-04:00,1.278499960899353,1.278499960899353,1.2699999809265137,1.278499960899353,34022,0.0,0.0,2023-07-11
480,2023-07-11 11:04:00-04:00,1.278499960899353,1.2799999713897705,1.274999976158142,1.2799999713897705,18652,0.0,0.0,2023-07-11
481,2023-07-11 11:05:00-04:00,1.2798999547958374,1.2798999547958374,1.2699999809265137,1.274999976158142,4922,0.0,0.0,2023-07-11
482,2023-07-11 11:06:00-04:00,1.274999976158142,1.2799999713897705,1.2649999856948853,1.2649999856948853,34721,0.0,0.0,2023-07-11
483,2023-07-11 11:07:00-04:00,1.2699999809265137,1.2699999809265137,1.25,1.2599999904632568,46718,0.0,0.0,2023-07-11
484,2023-07-11 11:08:00-04:00,1.2529000043869019,1.2599999904632568,1.25,1.25,5446,0.0,0.0,2023-07-11
485,2023-07-11 11:09:00-04:00,1.2508000135421753,1.2599999904632568,1.2400000095367432,1.2421000003814697,49241,0.0,0.0,2023-07-11
486,2023-07-11 11:10:00-04:00,1.25,1.25,1.2430000305175781,1.2430000305175781,10154,0.0,0.0,2023-07-11
487,2023-07-11 11:11:00-04:00,1.2418999671936035,1.25,1.2400000095367432,1.2450000047683716,11533,0.0,0.0,2023-07-11
488,2023-07-11 11:12:00-04:00,1.240399956703186,1.2489999532699585,1.2401000261306763,1.2401000261306763,2011,0.0,0.0,2023-07-11
489,2023-07-11 11:13:00-04:00,1.247499942779541,1.25,1.2400000095367432,1.25,8769,0.0,0.0,2023-07-11
490,2023-07-11 11:14:00-04:00,1.25,1.25,1.2415000200271606,1.2415000200271606,4472,0.0,0.0,2023-07-11
491,2023-07-11 11:15:00-04:00,1.2450000047683716,1.2450000047683716,1.2400000095367432,1.2400000095367432,5341,0.0,0.0,2023-07-11
492,2023-07-11 11:16:00-04:00,1.2400000095367432,1.2450000047683716,1.2300000190734863,1.2300000190734863,73763,0.0,0.0,2023-07-11
493,2023-07-11 11:17:00-04:00,1.2302000522613525,1.2350000143051147,1.2300000190734863,1.2315000295639038,7896,0.0,0.0,2023-07-11
494,2023-07-11 11:18:00-04:00,1.2300000190734863,1.2400000095367432,1.2300000190734863,1.2400000095367432,18169,0.0,0.0,2023-07-11
495,2023-07-11 11:19:00-04:00,1.2350000143051147,1.2350000143051147,1.2300000190734863,1.2300000190734863,12745,0.0,0.0,2023-07-11
496,2023-07-11 11:20:00-04:00,1.2350000143051147,1.2365000247955322,1.2300000190734863,1.2350000143051147,3619,0.0,0.0,2023-07-11
497,2023-07-11 11:21:00-04:00,1.2350000143051147,1.2400000095367432,1.2304999828338623,1.2304999828338623,3324,0.0,0.0,2023-07-11
498,2023-07-11 11:22:00-04:00,1.2400000095367432,1.2400000095367432,1.2300000190734863,1.2400000095367432,5997,0.0,0.0,2023-07-11
499,2023-07-11 11:23:00-04:00,1.2400000095367432,1.2400000095367432,1.2300000190734863,1.2350000143051147,2828,0.0,0.0,2023-07-11
500,2023-07-11 11:24:00-04:00,1.2350000143051147,1.2350000143051147,1.2350000143051147,1.2350000143051147,761,0.0,0.0,2023-07-11
501,2023-07-11 11:25:00-04:00,1.2350000143051147,1.2350000143051147,1.2300000190734863,1.2300000190734863,470,0.0,0.0,2023-07-11
502,2023-07-11 11:26:00-04:00,1.2309000492095947,1.23989999294281,1.2300000190734863,1.2300000190734863,11807,0.0,0.0,2023-07-11
503,2023-07-11 11:27:00-04:00,1.2350000143051147,1.2374999523162842,1.2350000143051147,1.2374999523162842,393,0.0,0.0,2023-07-11
504,2023-07-11 11:28:00-04:00,1.2381000518798828,1.2381000518798828,1.2315000295639038,1.2315000295639038,41513,0.0,0.0,2023-07-11
505,2023-07-11 11:29:00-04:00,1.2315000295639038,1.2315000295639038,1.2315000295639038,1.2315000295639038,510,0.0,0.0,2023-07-11
506,2023-07-11 11:30:00-04:00,1.2350000143051147,1.2400000095367432,1.2300000190734863,1.2300000190734863,8159,0.0,0.0,2023-07-11
507,2023-07-11 11:31:00-04:00,1.2300000190734863,1.2350000143051147,1.2300000190734863,1.2350000143051147,1401,0.0,0.0,2023-07-11
508,2023-07-11 11:32:00-04:00,1.2300000190734863,1.2400000095367432,1.2300000190734863,1.23989999294281,3964,0.0,0.0,2023-07-11
509,2023-07-11 11:33:00-04:00,1.2369999885559082,1.2371000051498413,1.2300000190734863,1.2366000413894653,3735,0.0,0.0,2023-07-11
510,2023-07-11 11:34:00-04:00,1.2301000356674194,1.2400000095367432,1.2301000356674194,1.2331000566482544,2999,0.0,0.0,2023-07-11
511,2023-07-11 11:35:00-04:00,1.2314000129699707,1.2549999952316284,1.2314000129699707,1.25,32933,0.0,0.0,2023-07-11
512,2023-07-11 11:36:00-04:00,1.25,1.2599999904632568,1.25,1.2549999952316284,17714,0.0,0.0,2023-07-11
513,2023-07-11 11:37:00-04:00,1.2538000345230103,1.2599999904632568,1.2510000467300415,1.2522000074386597,3671,0.0,0.0,2023-07-11
514,2023-07-11 11:38:00-04:00,1.2549999952316284,1.2575000524520874,1.25,1.2541999816894531,15309,0.0,0.0,2023-07-11
515,2023-07-11 11:39:00-04:00,1.25,1.25,1.25,1.25,8545,0.0,0.0,2023-07-11
516,2023-07-11 11:40:00-04:00,1.25,1.2532999515533447,1.25,1.25,12026,0.0,0.0,2023-07-11
517,2023-07-11 11:41:00-04:00,1.2598999738693237,1.2598999738693237,1.25,1.2549999952316284,13010,0.0,0.0,2023-07-11
518,2023-07-11 11:42:00-04:00,1.25,1.25,1.2400000095367432,1.2415000200271606,6828,0.0,0.0,2023-07-11
519,2023-07-11 11:44:00-04:00,1.2450000047683716,1.25,1.2400000095367432,1.2450000047683716,8944,0.0,0.0,2023-07-11
520,2023-07-11 11:45:00-04:00,1.246899962425232,1.246899962425232,1.2450000047683716,1.2467000484466553,2389,0.0,0.0,2023-07-11
521,2023-07-11 11:46:00-04:00,1.2400000095367432,1.25,1.2400000095367432,1.2400000095367432,2567,0.0,0.0,2023-07-11
522,2023-07-11 11:47:00-04:00,1.2412999868392944,1.25,1.2400000095367432,1.25,10641,0.0,0.0,2023-07-11
523,2023-07-11 11:48:00-04:00,1.2417999505996704,1.2450000047683716,1.2400000095367432,1.2401000261306763,3791,0.0,0.0,2023-07-11
524,2023-07-11 11:49:00-04:00,1.2450000047683716,1.2480000257492065,1.2450000047683716,1.246399998664856,8136,0.0,0.0,2023-07-11
525,2023-07-11 11:50:00-04:00,1.249899983406067,1.249899983406067,1.2450000047683716,1.2450000047683716,6617,0.0,0.0,2023-07-11
526,2023-07-11 11:51:00-04:00,1.25,1.25,1.2450000047683716,1.2450000047683716,6836,0.0,0.0,2023-07-11
527,2023-07-11 11:52:00-04:00,1.25,1.25,1.2400000095367432,1.25,9008,0.0,0.0,2023-07-11
528,2023-07-11 11:53:00-04:00,1.25,1.25,1.2400000095367432,1.2450000047683716,3085,0.0,0.0,2023-07-11
529,2023-07-11 11:54:00-04:00,1.2450000047683716,1.2450000047683716,1.2419999837875366,1.2450000047683716,2765,0.0,0.0,2023-07-11
530,2023-07-11 11:55:00-04:00,1.24590003490448,1.24590003490448,1.2400000095367432,1.2450000047683716,4353,0.0,0.0,2023-07-11
531,2023-07-11 11:56:00-04:00,1.2450000047683716,1.25,1.2450000047683716,1.2450000047683716,25235,0.0,0.0,2023-07-11
532,2023-07-11 11:57:00-04:00,1.2450000047683716,1.25,1.2437000274658203,1.2437000274658203,9920,0.0,0.0,2023-07-11
533,2023-07-11 11:58:00-04:00,1.25,1.25,1.2450000047683716,1.25,12970,0.0,0.0,2023-07-11
534,2023-07-11 11:59:00-04:00,1.25,1.25,1.2400000095367432,1.2400000095367432,36433,0.0,0.0,2023-07-11
535,2023-07-11 12:00:00-04:00,1.25,1.25,1.2400000095367432,1.2400000095367432,7169,0.0,0.0,2023-07-11
536,2023-07-11 12:01:00-04:00,1.249500036239624,1.25,1.2450000047683716,1.2450000047683716,1254,0.0,0.0,2023-07-11
537,2023-07-11 12:02:00-04:00,1.249500036239624,1.25,1.2400000095367432,1.2457000017166138,1323,0.0,0.0,2023-07-11
538,2023-07-11 12:03:00-04:00,1.2450000047683716,1.249500036239624,1.2450000047683716,1.2450000047683716,988,0.0,0.0,2023-07-11
539,2023-07-11 12:04:00-04:00,1.25,1.25,1.25,1.25,752,0.0,0.0,2023-07-11
540,2023-07-11 12:05:00-04:00,1.2450000047683716,1.25,1.2450000047683716,1.25,954,0.0,0.0,2023-07-11
541,2023-07-11 12:06:00-04:00,1.2450000047683716,1.25,1.242900013923645,1.25,2285,0.0,0.0,2023-07-11
542,2023-07-11 12:07:00-04:00,1.2450000047683716,1.25,1.2450000047683716,1.25,6242,0.0,0.0,2023-07-11
543,2023-07-11 12:08:00-04:00,1.25,1.25,1.2400000095367432,1.242400050163269,4474,0.0,0.0,2023-07-11
544,2023-07-11 12:09:00-04:00,1.25,1.2599999904632568,1.25,1.2517000436782837,283852,0.0,0.0,2023-07-11
545,2023-07-11 12:10:00-04:00,1.2549999952316284,1.2549999952316284,1.25,1.2549999952316284,7686,0.0,0.0,2023-07-11
546,2023-07-11 12:11:00-04:00,1.2549999952316284,1.2549999952316284,1.25,1.2549999952316284,27656,0.0,0.0,2023-07-11
547,2023-07-11 12:12:00-04:00,1.2549999952316284,1.2556999921798706,1.2549999952316284,1.2549999952316284,2511,0.0,0.0,2023-07-11
548,2023-07-11 12:13:00-04:00,1.2549999952316284,1.2599999904632568,1.2549999952316284,1.2549999952316284,2456,0.0,0.0,2023-07-11
549,2023-07-11 12:14:00-04:00,1.25,1.2599999904632568,1.25,1.2549999952316284,3149,0.0,0.0,2023-07-11
550,2023-07-11 12:15:00-04:00,1.252500057220459,1.2575000524520874,1.252500057220459,1.2549999952316284,27141,0.0,0.0,2023-07-11
551,2023-07-11 12:16:00-04:00,1.2599999904632568,1.2599999904632568,1.2549999952316284,1.2549999952316284,373,0.0,0.0,2023-07-11
552,2023-07-11 12:17:00-04:00,1.2549999952316284,1.2599999904632568,1.25,1.25,10852,0.0,0.0,2023-07-11
553,2023-07-11 12:18:00-04:00,1.2549999952316284,1.2575000524520874,1.25,1.2575000524520874,12464,0.0,0.0,2023-07-11
554,2023-07-11 12:19:00-04:00,1.25,1.2599999904632568,1.25,1.250100016593933,15615,0.0,0.0,2023-07-11
555,2023-07-11 12:20:00-04:00,1.2549999952316284,1.2598999738693237,1.2549999952316284,1.2549999952316284,4419,0.0,0.0,2023-07-11
556,2023-07-11 12:21:00-04:00,1.253499984741211,1.2599999904632568,1.253499984741211,1.2599999904632568,1171,0.0,0.0,2023-07-11
557,2023-07-11 12:22:00-04:00,1.25,1.2549999952316284,1.25,1.2549999952316284,440,0.0,0.0,2023-07-11
558,2023-07-11 12:23:00-04:00,1.25,1.250100016593933,1.25,1.250100016593933,4409,0.0,0.0,2023-07-11
559,2023-07-11 12:24:00-04:00,1.2539000511169434,1.2589999437332153,1.25,1.2549999952316284,7658,0.0,0.0,2023-07-11
560,2023-07-11 12:25:00-04:00,1.2549999952316284,1.2599999904632568,1.25,1.25,1012,0.0,0.0,2023-07-11
561,2023-07-11 12:26:00-04:00,1.2549999952316284,1.2599999904632568,1.2549999952316284,1.2599999904632568,1181,0.0,0.0,2023-07-11
562,2023-07-11 12:27:00-04:00,1.2549999952316284,1.2549999952316284,1.2517000436782837,1.2549999952316284,582,0.0,0.0,2023-07-11
563,2023-07-11 12:28:00-04:00,1.25,1.25,1.2401000261306763,1.2450000047683716,74511,0.0,0.0,2023-07-11
564,2023-07-11 12:29:00-04:00,1.2402000427246094,1.2415000200271606,1.2402000427246094,1.2415000200271606,10290,0.0,0.0,2023-07-11
565,2023-07-11 12:30:00-04:00,1.2486000061035156,1.2486000061035156,1.2400000095367432,1.2450000047683716,12402,0.0,0.0,2023-07-11
566,2023-07-11 12:31:00-04:00,1.2400000095367432,1.2450000047683716,1.2400000095367432,1.2450000047683716,10753,0.0,0.0,2023-07-11
567,2023-07-11 12:32:00-04:00,1.2450000047683716,1.2457000017166138,1.2415000200271606,1.2415000200271606,4258,0.0,0.0,2023-07-11
568,2023-07-11 12:33:00-04:00,1.2455999851226807,1.2457000017166138,1.2417000532150269,1.2417000532150269,11816,0.0,0.0,2023-07-11
569,2023-07-11 12:34:00-04:00,1.2450000047683716,1.2450000047683716,1.2401000261306763,1.240399956703186,2447,0.0,0.0,2023-07-11
570,2023-07-11 12:35:00-04:00,1.2400000095367432,1.2457000017166138,1.2400000095367432,1.2450000047683716,13966,0.0,0.0,2023-07-11
571,2023-07-11 12:37:00-04:00,1.2400000095367432,1.249899983406067,1.2400000095367432,1.2400000095367432,3666,0.0,0.0,2023-07-11
572,2023-07-11 12:38:00-04:00,1.2400000095367432,1.2407000064849854,1.2400000095367432,1.2400000095367432,15296,0.0,0.0,2023-07-11
573,2023-07-11 12:40:00-04:00,1.2450000047683716,1.2450000047683716,1.2450000047683716,1.2450000047683716,1437,0.0,0.0,2023-07-11
574,2023-07-11 12:41:00-04:00,1.2450000047683716,1.2450000047683716,1.2450000047683716,1.2450000047683716,417,0.0,0.0,2023-07-11
575,2023-07-11 12:42:00-04:00,1.2450000047683716,1.2450000047683716,1.2400000095367432,1.2400000095367432,269,0.0,0.0,2023-07-11
576,2023-07-11 12:43:00-04:00,1.2450000047683716,1.249899983406067,1.2450000047683716,1.249899983406067,487,0.0,0.0,2023-07-11
577,2023-07-11 12:45:00-04:00,1.2450000047683716,1.2450000047683716,1.2400000095367432,1.2400000095367432,692,0.0,0.0,2023-07-11
578,2023-07-11 12:46:00-04:00,1.2400000095367432,1.2400000095367432,1.2400000095367432,1.2400000095367432,149,0.0,0.0,2023-07-11
579,2023-07-11 12:47:00-04:00,1.2404999732971191,1.25,1.2400000095367432,1.2450000047683716,10379,0.0,0.0,2023-07-11
580,2023-07-11 12:48:00-04:00,1.249899983406067,1.249899983406067,1.2401000261306763,1.2401000261306763,4432,0.0,0.0,2023-07-11
581,2023-07-11 12:49:00-04:00,1.2422000169754028,1.2450000047683716,1.2422000169754028,1.2450000047683716,2872,0.0,0.0,2023-07-11
582,2023-07-11 12:50:00-04:00,1.2450000047683716,1.2450000047683716,1.2450000047683716,1.2450000047683716,674,0.0,0.0,2023-07-11
583,2023-07-11 12:51:00-04:00,1.2400000095367432,1.25,1.2400000095367432,1.2450000047683716,669,0.0,0.0,2023-07-11
584,2023-07-11 12:52:00-04:00,1.2450000047683716,1.25,1.2450000047683716,1.2450000047683716,1916,0.0,0.0,2023-07-11
585,2023-07-11 12:53:00-04:00,1.2450000047683716,1.2450000047683716,1.2450000047683716,1.2450000047683716,705,0.0,0.0,2023-07-11
586,2023-07-11 12:54:00-04:00,1.2450000047683716,1.25,1.2400000095367432,1.2430000305175781,3436,0.0,0.0,2023-07-11
587,2023-07-11 12:55:00-04:00,1.2450000047683716,1.25,1.2450000047683716,1.2450000047683716,2018,0.0,0.0,2023-07-11
588,2023-07-11 12:56:00-04:00,1.2450000047683716,1.25,1.2400000095367432,1.2400000095367432,5806,0.0,0.0,2023-07-11
589,2023-07-11 12:57:00-04:00,1.2450000047683716,1.25,1.2450000047683716,1.25,5876,0.0,0.0,2023-07-11
590,2023-07-11 12:58:00-04:00,1.2450000047683716,1.25,1.2400000095367432,1.25,8445,0.0,0.0,2023-07-11
591,2023-07-11 12:59:00-04:00,1.2450000047683716,1.25,1.242799997329712,1.242799997329712,3176,0.0,0.0,2023-07-11
592,2023-07-11 13:00:00-04:00,1.2450000047683716,1.25,1.2450000047683716,1.25,2458,0.0,0.0,2023-07-11
593,2023-07-11 13:01:00-04:00,1.2450000047683716,1.25,1.2450000047683716,1.25,756,0.0,0.0,2023-07-11
594,2023-07-11 13:02:00-04:00,1.2400000095367432,1.25,1.2400000095367432,1.2450000047683716,10393,0.0,0.0,2023-07-11
595,2023-07-11 13:03:00-04:00,1.2450000047683716,1.2462999820709229,1.2400000095367432,1.2400000095367432,3474,0.0,0.0,2023-07-11
596,2023-07-11 13:04:00-04:00,1.25,1.25,1.2400000095367432,1.2450000047683716,47394,0.0,0.0,2023-07-11
597,2023-07-11 13:05:00-04:00,1.2450000047683716,1.249899983406067,1.2400000095367432,1.2425999641418457,3140,0.0,0.0,2023-07-11
598,2023-07-11 13:06:00-04:00,1.25,1.25,1.25,1.25,823,0.0,0.0,2023-07-11
599,2023-07-11 13:07:00-04:00,1.2450000047683716,1.2450000047683716,1.2400000095367432,1.2400000095367432,1876,0.0,0.0,2023-07-11
600,2023-07-11 13:08:00-04:00,1.2450000047683716,1.25,1.2400000095367432,1.25,7148,0.0,0.0,2023-07-11
601,2023-07-11 13:09:00-04:00,1.2450000047683716,1.25,1.2450000047683716,1.25,2388,0.0,0.0,2023-07-11
602,2023-07-11 13:10:00-04:00,1.2400000095367432,1.2450000047683716,1.2400000095367432,1.2450000047683716,964,0.0,0.0,2023-07-11
603,2023-07-11 13:11:00-04:00,1.2450000047683716,1.2450000047683716,1.2417000532150269,1.2417000532150269,3456,0.0,0.0,2023-07-11
604,2023-07-11 13:12:00-04:00,1.2416000366210938,1.25,1.2300000190734863,1.2350000143051147,70519,0.0,0.0,2023-07-11
605,2023-07-11 13:13:00-04:00,1.2400000095367432,1.2400000095367432,1.2319999933242798,1.2319999933242798,2961,0.0,0.0,2023-07-11
606,2023-07-11 13:14:00-04:00,1.2400000095367432,1.2400000095367432,1.2300000190734863,1.232200026512146,6432,0.0,0.0,2023-07-11
607,2023-07-11 13:15:00-04:00,1.2374999523162842,1.2383999824523926,1.2300000190734863,1.2300000190734863,1333,0.0,0.0,2023-07-11
608,2023-07-11 13:16:00-04:00,1.2400000095367432,1.2400000095367432,1.2300000190734863,1.2400000095367432,7800,0.0,0.0,2023-07-11
609,2023-07-11 13:17:00-04:00,1.2350000143051147,1.2350000143051147,1.2350000143051147,1.2350000143051147,1301,0.0,0.0,2023-07-11
610,2023-07-11 13:18:00-04:00,1.2400000095367432,1.2400000095367432,1.2300000190734863,1.2300000190734863,1268,0.0,0.0,2023-07-11
611,2023-07-11 13:19:00-04:00,1.2350000143051147,1.2350000143051147,1.2350000143051147,1.2350000143051147,182,0.0,0.0,2023-07-11
612,2023-07-11 13:20:00-04:00,1.2331000566482544,1.2400000095367432,1.2331000566482544,1.2400000095367432,8248,0.0,0.0,2023-07-11
613,2023-07-11 13:21:00-04:00,1.2400000095367432,1.2400000095367432,1.2308000326156616,1.2400000095367432,13095,0.0,0.0,2023-07-11
614,2023-07-11 13:22:00-04:00,1.2400000095367432,1.2400000095367432,1.2350000143051147,1.2400000095367432,807,0.0,0.0,2023-07-11
615,2023-07-11 13:23:00-04:00,1.2400000095367432,1.25,1.2400000095367432,1.2418999671936035,87934,0.0,0.0,2023-07-11
616,2023-07-11 13:24:00-04:00,1.249500036239624,1.249899983406067,1.2400000095367432,1.249899983406067,22775,0.0,0.0,2023-07-11
617,2023-07-11 13:25:00-04:00,1.2450000047683716,1.2490999698638916,1.2450000047683716,1.2450000047683716,959,0.0,0.0,2023-07-11
618,2023-07-11 13:26:00-04:00,1.25,1.25,1.2400000095367432,1.25,5389,0.0,0.0,2023-07-11
619,2023-07-11 13:27:00-04:00,1.2450000047683716,1.25,1.2450000047683716,1.25,2318,0.0,0.0,2023-07-11
620,2023-07-11 13:28:00-04:00,1.2480000257492065,1.2480000257492065,1.2418999671936035,1.2418999671936035,2988,0.0,0.0,2023-07-11
621,2023-07-11 13:29:00-04:00,1.2461999654769897,1.25,1.2461999654769897,1.25,1201,0.0,0.0,2023-07-11
622,2023-07-11 13:31:00-04:00,1.25,1.25,1.2450000047683716,1.2450000047683716,6074,0.0,0.0,2023-07-11
623,2023-07-11 13:32:00-04:00,1.2450000047683716,1.249500036239624,1.2450000047683716,1.2450000047683716,13605,0.0,0.0,2023-07-11
624,2023-07-11 13:33:00-04:00,1.2450000047683716,1.25,1.2415000200271606,1.2450000047683716,21329,0.0,0.0,2023-07-11
625,2023-07-11 13:34:00-04:00,1.2450000047683716,1.25,1.2450000047683716,1.25,3331,0.0,0.0,2023-07-11
626,2023-07-11 13:35:00-04:00,1.2450000047683716,1.2450000047683716,1.2450000047683716,1.2450000047683716,1936,0.0,0.0,2023-07-11
627,2023-07-11 13:36:00-04:00,1.2450000047683716,1.25,1.2450000047683716,1.2450000047683716,1620,0.0,0.0,2023-07-11
628,2023-07-11 13:37:00-04:00,1.2450000047683716,1.246000051498413,1.2400000095367432,1.2400000095367432,17362,0.0,0.0,2023-07-11
629,2023-07-11 13:38:00-04:00,1.2400000095367432,1.25,1.2400000095367432,1.25,5577,0.0,0.0,2023-07-11
630,2023-07-11 13:39:00-04:00,1.2400000095367432,1.2450000047683716,1.2400000095367432,1.242300033569336,5578,0.0,0.0,2023-07-11
631,2023-07-11 13:40:00-04:00,1.2450000047683716,1.247499942779541,1.2300000190734863,1.2300000190734863,108509,0.0,0.0,2023-07-11
632,2023-07-11 13:41:00-04:00,1.2300000190734863,1.2300000190734863,1.2201000452041626,1.225000023841858,79915,0.0,0.0,2023-07-11
633,2023-07-11 13:42:00-04:00,1.2201000452041626,1.225000023841858,1.2200000286102295,1.2200000286102295,4069,0.0,0.0,2023-07-11
634,2023-07-11 13:43:00-04:00,1.2200000286102295,1.225000023841858,1.2200000286102295,1.225000023841858,632,0.0,0.0,2023-07-11
635,2023-07-11 13:44:00-04:00,1.2299000024795532,1.2300000190734863,1.2200000286102295,1.225000023841858,11283,0.0,0.0,2023-07-11
636,2023-07-11 13:45:00-04:00,1.225000023841858,1.225000023841858,1.225000023841858,1.225000023841858,2263,0.0,0.0,2023-07-11
637,2023-07-11 13:46:00-04:00,1.225000023841858,1.225000023841858,1.225000023841858,1.225000023841858,730,0.0,0.0,2023-07-11
638,2023-07-11 13:48:00-04:00,1.2280999422073364,1.2299000024795532,1.225000023841858,1.2299000024795532,3772,0.0,0.0,2023-07-11
639,2023-07-11 13:49:00-04:00,1.2300000190734863,1.2300000190734863,1.2229000329971313,1.2229000329971313,720,0.0,0.0,2023-07-11
640,2023-07-11 13:50:00-04:00,1.225000023841858,1.2400000095367432,1.225000023841858,1.2350000143051147,156109,0.0,0.0,2023-07-11
641,2023-07-11 13:51:00-04:00,1.2350000143051147,1.2350000143051147,1.2350000143051147,1.2350000143051147,4615,0.0,0.0,2023-07-11
642,2023-07-11 13:52:00-04:00,1.2300000190734863,1.2319999933242798,1.2300000190734863,1.2300000190734863,1890,0.0,0.0,2023-07-11
643,2023-07-11 13:53:00-04:00,1.2315000295639038,1.2350000143051147,1.2315000295639038,1.2350000143051147,3188,0.0,0.0,2023-07-11
644,2023-07-11 13:54:00-04:00,1.2360999584197998,1.2360999584197998,1.2300000190734863,1.232300043106079,2162,0.0,0.0,2023-07-11
645,2023-07-11 13:55:00-04:00,1.2350000143051147,1.2350000143051147,1.2350000143051147,1.2350000143051147,3000,0.0,0.0,2023-07-11
646,2023-07-11 13:56:00-04:00,1.2300000190734863,1.2300000190734863,1.2300000190734863,1.2300000190734863,550,0.0,0.0,2023-07-11
647,2023-07-11 13:57:00-04:00,1.2350000143051147,1.2400000095367432,1.2300000190734863,1.2300000190734863,4419,0.0,0.0,2023-07-11
648,2023-07-11 13:58:00-04:00,1.2400000095367432,1.2400000095367432,1.2350000143051147,1.2350000143051147,1101,0.0,0.0,2023-07-11
649,2023-07-11 13:59:00-04:00,1.2395000457763672,1.2400000095367432,1.2350000143051147,1.2400000095367432,1730,0.0,0.0,2023-07-11
650,2023-07-11 14:00:00-04:00,1.2400000095367432,1.2400000095367432,1.2300000190734863,1.2350000143051147,3528,0.0,0.0,2023-07-11
651,2023-07-11 14:01:00-04:00,1.2300000190734863,1.2384999990463257,1.2300000190734863,1.2350000143051147,7672,0.0,0.0,2023-07-11
652,2023-07-11 14:02:00-04:00,1.2300000190734863,1.2350000143051147,1.2300000190734863,1.2350000143051147,619,0.0,0.0,2023-07-11
653,2023-07-11 14:03:00-04:00,1.2350000143051147,1.2350000143051147,1.2350000143051147,1.2350000143051147,678,0.0,0.0,2023-07-11
654,2023-07-11 14:04:00-04:00,1.2317999601364136,1.2350000143051147,1.2317999601364136,1.2350000143051147,760,0.0,0.0,2023-07-11
655,2023-07-11 14:05:00-04:00,1.2300000190734863,1.2350000143051147,1.2300000190734863,1.2350000143051147,200,0.0,0.0,2023-07-11
656,2023-07-11 14:06:00-04:00,1.2350000143051147,1.2350000143051147,1.2350000143051147,1.2350000143051147,305,0.0,0.0,2023-07-11
657,2023-07-11 14:07:00-04:00,1.2350000143051147,1.2350000143051147,1.2350000143051147,1.2350000143051147,1253,0.0,0.0,2023-07-11
658,2023-07-11 14:08:00-04:00,1.2350000143051147,1.2350000143051147,1.2300000190734863,1.2300000190734863,437,0.0,0.0,2023-07-11
659,2023-07-11 14:09:00-04:00,1.2300000190734863,1.2350000143051147,1.2300000190734863,1.2350000143051147,1730,0.0,0.0,2023-07-11
660,2023-07-11 14:10:00-04:00,1.2350000143051147,1.2350000143051147,1.2350000143051147,1.2350000143051147,853,0.0,0.0,2023-07-11
661,2023-07-11 14:11:00-04:00,1.2350000143051147,1.2350000143051147,1.2330000400543213,1.2330000400543213,4301,0.0,0.0,2023-07-11
662,2023-07-11 14:12:00-04:00,1.2350000143051147,1.2350000143051147,1.2300000190734863,1.2300000190734863,813,0.0,0.0,2023-07-11
663,2023-07-11 14:13:00-04:00,1.2300000190734863,1.2350000143051147,1.2300000190734863,1.2350000143051147,2242,0.0,0.0,2023-07-11
664,2023-07-11 14:14:00-04:00,1.2350000143051147,1.2350000143051147,1.2350000143051147,1.2350000143051147,1414,0.0,0.0,2023-07-11
665,2023-07-11 14:15:00-04:00,1.235700011253357,1.2384999990463257,1.2300000190734863,1.2384999990463257,1127,0.0,0.0,2023-07-11
666,2023-07-11 14:16:00-04:00,1.2350000143051147,1.2350000143051147,1.2350000143051147,1.2350000143051147,5190,0.0,0.0,2023-07-11
667,2023-07-11 14:17:00-04:00,1.2300000190734863,1.2350000143051147,1.2300000190734863,1.2307000160217285,2036,0.0,0.0,2023-07-11
668,2023-07-11 14:18:00-04:00,1.2300000190734863,1.2350000143051147,1.2300000190734863,1.2350000143051147,1694,0.0,0.0,2023-07-11
669,2023-07-11 14:19:00-04:00,1.2350000143051147,1.2400000095367432,1.2300000190734863,1.2350000143051147,58514,0.0,0.0,2023-07-11
670,2023-07-11 14:20:00-04:00,1.2350000143051147,1.2350000143051147,1.2350000143051147,1.2350000143051147,708,0.0,0.0,2023-07-11
671,2023-07-11 14:21:00-04:00,1.233299970626831,1.233299970626831,1.233299970626831,1.233299970626831,193,0.0,0.0,2023-07-11
672,2023-07-11 14:22:00-04:00,1.2300000190734863,1.2400000095367432,1.2300000190734863,1.2400000095367432,1545,0.0,0.0,2023-07-11
673,2023-07-11 14:23:00-04:00,1.2350000143051147,1.2400000095367432,1.2350000143051147,1.2350000143051147,2503,0.0,0.0,2023-07-11
674,2023-07-11 14:24:00-04:00,1.2346999645233154,1.2400000095367432,1.2300000190734863,1.2400000095367432,1516,0.0,0.0,2023-07-11
675,2023-07-11 14:25:00-04:00,1.2338000535964966,1.2400000095367432,1.2300000190734863,1.2350000143051147,1668,0.0,0.0,2023-07-11
676,2023-07-11 14:26:00-04:00,1.2350000143051147,1.2400000095367432,1.2300000190734863,1.2400000095367432,13158,0.0,0.0,2023-07-11
677,2023-07-11 14:27:00-04:00,1.2350000143051147,1.2400000095367432,1.2350000143051147,1.2400000095367432,210,0.0,0.0,2023-07-11
678,2023-07-11 14:28:00-04:00,1.2400000095367432,1.2400000095367432,1.2350000143051147,1.2400000095367432,3690,0.0,0.0,2023-07-11
679,2023-07-11 14:29:00-04:00,1.2343000173568726,1.2400000095367432,1.2343000173568726,1.2350000143051147,3824,0.0,0.0,2023-07-11
680,2023-07-11 14:30:00-04:00,1.2400000095367432,1.2400000095367432,1.2400000095367432,1.2400000095367432,105,0.0,0.0,2023-07-11
681,2023-07-11 14:31:00-04:00,1.2400000095367432,1.2400000095367432,1.2315000295639038,1.23989999294281,19676,0.0,0.0,2023-07-11
682,2023-07-11 14:32:00-04:00,1.2400000095367432,1.2400000095367432,1.2350000143051147,1.2350000143051147,410,0.0,0.0,2023-07-11
683,2023-07-11 14:33:00-04:00,1.2400000095367432,1.2400000095367432,1.2400000095367432,1.2400000095367432,1277,0.0,0.0,2023-07-11
684,2023-07-11 14:34:00-04:00,1.2400000095367432,1.2400000095367432,1.2400000095367432,1.2400000095367432,220,0.0,0.0,2023-07-11
685,2023-07-11 14:35:00-04:00,1.2350000143051147,1.25,1.2350000143051147,1.25,61362,0.0,0.0,2023-07-11
686,2023-07-11 14:36:00-04:00,1.2482000589370728,1.25,1.2417999505996704,1.2450000047683716,13019,0.0,0.0,2023-07-11
687,2023-07-11 14:37:00-04:00,1.25,1.2599999904632568,1.2431999444961548,1.2599999904632568,71674,0.0,0.0,2023-07-11
688,2023-07-11 14:38:00-04:00,1.2549999952316284,1.2599999904632568,1.2502000331878662,1.2502000331878662,11092,0.0,0.0,2023-07-11
689,2023-07-11 14:39:00-04:00,1.2599999904632568,1.2599999904632568,1.2549999952316284,1.2549999952316284,3849,0.0,0.0,2023-07-11
690,2023-07-11 14:40:00-04:00,1.2599999904632568,1.2599999904632568,1.2549999952316284,1.2549999952316284,300,0.0,0.0,2023-07-11
691,2023-07-11 14:41:00-04:00,1.2599999904632568,1.2599999904632568,1.2599999904632568,1.2599999904632568,567,0.0,0.0,2023-07-11
692,2023-07-11 14:42:00-04:00,1.2599999904632568,1.2599999904632568,1.2599999904632568,1.2599999904632568,234,0.0,0.0,2023-07-11
693,2023-07-11 14:43:00-04:00,1.2599999904632568,1.2599999904632568,1.2584999799728394,1.2599999904632568,800,0.0,0.0,2023-07-11
694,2023-07-11 14:44:00-04:00,1.2599999904632568,1.2599999904632568,1.253100037574768,1.2599999904632568,1821,0.0,0.0,2023-07-11
695,2023-07-11 14:45:00-04:00,1.2549999952316284,1.2599999904632568,1.25,1.2599999904632568,27093,0.0,0.0,2023-07-11
696,2023-07-11 14:46:00-04:00,1.2599999904632568,1.2599999904632568,1.2515000104904175,1.2599999904632568,1397,0.0,0.0,2023-07-11
697,2023-07-11 14:47:00-04:00,1.25,1.2599999904632568,1.25,1.2515000104904175,3359,0.0,0.0,2023-07-11
698,2023-07-11 14:48:00-04:00,1.2549999952316284,1.2599999904632568,1.2549999952316284,1.2599999904632568,2225,0.0,0.0,2023-07-11
699,2023-07-11 14:49:00-04:00,1.2599999904632568,1.2599999904632568,1.252500057220459,1.2599999904632568,2088,0.0,0.0,2023-07-11
700,2023-07-11 14:50:00-04:00,1.2589999437332153,1.2599999904632568,1.2537000179290771,1.2599999904632568,2030,0.0,0.0,2023-07-11
701,2023-07-11 14:51:00-04:00,1.2599999904632568,1.2599999904632568,1.2532000541687012,1.2549999952316284,1443,0.0,0.0,2023-07-11
702,2023-07-11 14:52:00-04:00,1.256500005722046,1.2599999904632568,1.2533999681472778,1.2533999681472778,600,0.0,0.0,2023-07-11
703,2023-07-11 14:53:00-04:00,1.2599999904632568,1.2599999904632568,1.2599999904632568,1.2599999904632568,1245,0.0,0.0,2023-07-11
704,2023-07-11 14:54:00-04:00,1.2549999952316284,1.2599999904632568,1.2549999952316284,1.2599999904632568,1536,0.0,0.0,2023-07-11
705,2023-07-11 14:55:00-04:00,1.2599999904632568,1.2599999904632568,1.250100016593933,1.2553999423980713,1907,0.0,0.0,2023-07-11
706,2023-07-11 14:56:00-04:00,1.2599999904632568,1.2599999904632568,1.2549999952316284,1.2599999904632568,7541,0.0,0.0,2023-07-11
707,2023-07-11 14:57:00-04:00,1.2599999904632568,1.2599999904632568,1.2549999952316284,1.2599999904632568,553,0.0,0.0,2023-07-11
708,2023-07-11 14:58:00-04:00,1.2599999904632568,1.2599999904632568,1.2549999952316284,1.2599999904632568,1640,0.0,0.0,2023-07-11
709,2023-07-11 14:59:00-04:00,1.2599999904632568,1.2599999904632568,1.2549999952316284,1.2599999904632568,3462,0.0,0.0,2023-07-11
710,2023-07-11 15:00:00-04:00,1.2599999904632568,1.2599999904632568,1.2549999952316284,1.2599999904632568,12932,0.0,0.0,2023-07-11
711,2023-07-11 15:01:00-04:00,1.2599999904632568,1.2599999904632568,1.25,1.2599999904632568,2212,0.0,0.0,2023-07-11
712,2023-07-11 15:02:00-04:00,1.2549999952316284,1.2599999904632568,1.2515000104904175,1.2599999904632568,718,0.0,0.0,2023-07-11
713,2023-07-11 15:03:00-04:00,1.2599999904632568,1.2599999904632568,1.2599999904632568,1.2599999904632568,392,0.0,0.0,2023-07-11
714,2023-07-11 15:04:00-04:00,1.2599999904632568,1.2599999904632568,1.2537000179290771,1.2599999904632568,1470,0.0,0.0,2023-07-11
715,2023-07-11 15:05:00-04:00,1.2598999738693237,1.2599999904632568,1.2549999952316284,1.2599999904632568,13675,0.0,0.0,2023-07-11
716,2023-07-11 15:06:00-04:00,1.2599999904632568,1.2599999904632568,1.2517000436782837,1.2549999952316284,31583,0.0,0.0,2023-07-11
717,2023-07-11 15:07:00-04:00,1.2549999952316284,1.2599999904632568,1.2549999952316284,1.2599999904632568,1268,0.0,0.0,2023-07-11
718,2023-07-11 15:08:00-04:00,1.2549999952316284,1.2599999904632568,1.2549999952316284,1.2549999952316284,1160,0.0,0.0,2023-07-11
719,2023-07-11 15:09:00-04:00,1.2549999952316284,1.2599999904632568,1.2549999952316284,1.2597999572753906,821,0.0,0.0,2023-07-11
720,2023-07-11 15:10:00-04:00,1.2599999904632568,1.2599999904632568,1.25,1.25,3838,0.0,0.0,2023-07-11
721,2023-07-11 15:11:00-04:00,1.2599999904632568,1.2599999904632568,1.2549999952316284,1.2582999467849731,3598,0.0,0.0,2023-07-11
722,2023-07-11 15:12:00-04:00,1.2549999952316284,1.2599999904632568,1.2549999952316284,1.2599999904632568,975,0.0,0.0,2023-07-11
723,2023-07-11 15:13:00-04:00,1.2599999904632568,1.2599999904632568,1.2515000104904175,1.2598999738693237,37849,0.0,0.0,2023-07-11
724,2023-07-11 15:14:00-04:00,1.2533999681472778,1.2599999904632568,1.2533999681472778,1.2599999904632568,735,0.0,0.0,2023-07-11
725,2023-07-11 15:15:00-04:00,1.2599999904632568,1.2599999904632568,1.25,1.2599999904632568,2665,0.0,0.0,2023-07-11
726,2023-07-11 15:16:00-04:00,1.25,1.2599999904632568,1.25,1.2599999904632568,2197,0.0,0.0,2023-07-11
727,2023-07-11 15:17:00-04:00,1.2599999904632568,1.2599999904632568,1.2549999952316284,1.2599999904632568,1854,0.0,0.0,2023-07-11
728,2023-07-11 15:18:00-04:00,1.2549999952316284,1.2599999904632568,1.2549999952316284,1.2599999904632568,3840,0.0,0.0,2023-07-11
729,2023-07-11 15:19:00-04:00,1.2549999952316284,1.2599999904632568,1.2549999952316284,1.2549999952316284,1705,0.0,0.0,2023-07-11
730,2023-07-11 15:20:00-04:00,1.2549999952316284,1.2599999904632568,1.25,1.2599999904632568,4442,0.0,0.0,2023-07-11
731,2023-07-11 15:21:00-04:00,1.2598999738693237,1.2599999904632568,1.2549999952316284,1.2599999904632568,23243,0.0,0.0,2023-07-11
732,2023-07-11 15:22:00-04:00,1.25,1.2599999904632568,1.25,1.2549999952316284,1189,0.0,0.0,2023-07-11
733,2023-07-11 15:23:00-04:00,1.2549999952316284,1.2599999904632568,1.2549999952316284,1.2599999904632568,2470,0.0,0.0,2023-07-11
734,2023-07-11 15:24:00-04:00,1.2549999952316284,1.2549999952316284,1.2549999952316284,1.2549999952316284,100,0.0,0.0,2023-07-11
735,2023-07-11 15:25:00-04:00,1.2515000104904175,1.2599999904632568,1.2515000104904175,1.253600001335144,5666,0.0,0.0,2023-07-11
736,2023-07-11 15:26:00-04:00,1.250100016593933,1.2599999904632568,1.250100016593933,1.2549999952316284,3042,0.0,0.0,2023-07-11
737,2023-07-11 15:27:00-04:00,1.2549999952316284,1.2599999904632568,1.2549999952316284,1.2549999952316284,7904,0.0,0.0,2023-07-11
738,2023-07-11 15:28:00-04:00,1.2599999904632568,1.2599999904632568,1.25,1.2599999904632568,2379,0.0,0.0,2023-07-11
739,2023-07-11 15:29:00-04:00,1.2584999799728394,1.2584999799728394,1.25,1.25,346,0.0,0.0,2023-07-11
740,2023-07-11 15:30:00-04:00,1.2549999952316284,1.2599999904632568,1.2515000104904175,1.2599999904632568,3739,0.0,0.0,2023-07-11
741,2023-07-11 15:31:00-04:00,1.25,1.2549999952316284,1.25,1.2549999952316284,2010,0.0,0.0,2023-07-11
742,2023-07-11 15:32:00-04:00,1.2549999952316284,1.2599999904632568,1.25,1.2599999904632568,2967,0.0,0.0,2023-07-11
743,2023-07-11 15:33:00-04:00,1.2549999952316284,1.2599999904632568,1.25,1.2549999952316284,14544,0.0,0.0,2023-07-11
744,2023-07-11 15:34:00-04:00,1.2549999952316284,1.2599999904632568,1.2515000104904175,1.2599999904632568,14743,0.0,0.0,2023-07-11
745,2023-07-11 15:35:00-04:00,1.25,1.2599999904632568,1.25,1.2599999904632568,6929,0.0,0.0,2023-07-11
746,2023-07-11 15:36:00-04:00,1.25,1.2599999904632568,1.25,1.2549999952316284,1070,0.0,0.0,2023-07-11
747,2023-07-11 15:37:00-04:00,1.2599999904632568,1.2599999904632568,1.2549999952316284,1.2599999904632568,2452,0.0,0.0,2023-07-11
748,2023-07-11 15:38:00-04:00,1.2549999952316284,1.2599999904632568,1.2549999952316284,1.2599999904632568,1524,0.0,0.0,2023-07-11
749,2023-07-11 15:39:00-04:00,1.2599999904632568,1.2599999904632568,1.2549999952316284,1.2599999904632568,3868,0.0,0.0,2023-07-11
750,2023-07-11 15:40:00-04:00,1.2549999952316284,1.2599999904632568,1.25,1.2599999904632568,18079,0.0,0.0,2023-07-11
751,2023-07-11 15:41:00-04:00,1.256500005722046,1.256500005722046,1.2549999952316284,1.2549999952316284,8490,0.0,0.0,2023-07-11
752,2023-07-11 15:42:00-04:00,1.2549999952316284,1.2599999904632568,1.25,1.2549999952316284,5756,0.0,0.0,2023-07-11
753,2023-07-11 15:43:00-04:00,1.2549999952316284,1.2599999904632568,1.2549999952316284,1.2549999952316284,3704,0.0,0.0,2023-07-11
754,2023-07-11 15:44:00-04:00,1.2549999952316284,1.2599999904632568,1.25,1.2549999952316284,9863,0.0,0.0,2023-07-11
755,2023-07-11 15:45:00-04:00,1.25,1.2599999904632568,1.25,1.2549999952316284,19902,0.0,0.0,2023-07-11
756,2023-07-11 15:46:00-04:00,1.2549999952316284,1.2599999904632568,1.2549999952316284,1.2599999904632568,6037,0.0,0.0,2023-07-11
757,2023-07-11 15:47:00-04:00,1.2599999904632568,1.2599999904632568,1.2549999952316284,1.2599999904632568,17071,0.0,0.0,2023-07-11
758,2023-07-11 15:48:00-04:00,1.2598999738693237,1.2599999904632568,1.2532999515533447,1.2599999904632568,60382,0.0,0.0,2023-07-11
759,2023-07-11 15:49:00-04:00,1.2549999952316284,1.2599999904632568,1.2549999952316284,1.2549999952316284,3858,0.0,0.0,2023-07-11
760,2023-07-11 15:50:00-04:00,1.2549999952316284,1.2599999904632568,1.2526999711990356,1.2549999952316284,6583,0.0,0.0,2023-07-11
761,2023-07-11 15:51:00-04:00,1.25,1.2599999904632568,1.25,1.2549999952316284,2976,0.0,0.0,2023-07-11
762,2023-07-11 15:52:00-04:00,1.2549999952316284,1.2599999904632568,1.2549999952316284,1.2549999952316284,7564,0.0,0.0,2023-07-11
763,2023-07-11 15:53:00-04:00,1.2549999952316284,1.2599999904632568,1.2549999952316284,1.2599999904632568,12752,0.0,0.0,2023-07-11
764,2023-07-11 15:54:00-04:00,1.2549999952316284,1.2599999904632568,1.2526999711990356,1.2599999904632568,19259,0.0,0.0,2023-07-11
765,2023-07-11 15:55:00-04:00,1.25,1.2599999904632568,1.2450000047683716,1.2599999904632568,162661,0.0,0.0,2023-07-11
766,2023-07-11 15:56:00-04:00,1.2549999952316284,1.2599999904632568,1.25,1.2599999904632568,24524,0.0,0.0,2023-07-11
767,2023-07-11 15:57:00-04:00,1.2549999952316284,1.2599999904632568,1.25,1.2549999952316284,47479,0.0,0.0,2023-07-11
768,2023-07-11 15:58:00-04:00,1.2549999952316284,1.2599999904632568,1.25,1.2599999904632568,104155,0.0,0.0,2023-07-11
769,2023-07-11 15:59:00-04:00,1.2549999952316284,1.2599999904632568,1.25,1.2599999904632568,149484,0.0,0.0,2023-07-11
770,2023-07-12 09:30:00-04:00,1.2899999618530273,1.2999999523162842,1.2899999618530273,1.2899999618530273,246697,0.0,0.0,2023-07-12
771,2023-07-12 09:31:00-04:00,1.2903000116348267,1.2903000116348267,1.2903000116348267,1.2903000116348267,103,0.0,0.0,2023-07-12
772,2023-07-12 09:32:00-04:00,1.2899999618530273,1.2899999618530273,1.2649999856948853,1.2684999704360962,164373,0.0,0.0,2023-07-12
773,2023-07-12 09:33:00-04:00,1.2649999856948853,1.2699999809265137,1.2599999904632568,1.2699999809265137,39395,0.0,0.0,2023-07-12
774,2023-07-12 09:34:00-04:00,1.2699999809265137,1.2799999713897705,1.2699999809265137,1.2788000106811523,42676,0.0,0.0,2023-07-12
775,2023-07-12 09:35:00-04:00,1.2714999914169312,1.2799999713897705,1.2699999809265137,1.274999976158142,18538,0.0,0.0,2023-07-12
776,2023-07-12 09:36:00-04:00,1.2699999809265137,1.2796000242233276,1.2699999809265137,1.277500033378601,17242,0.0,0.0,2023-07-12
777,2023-07-12 09:37:00-04:00,1.274999976158142,1.2797000408172607,1.2699999809265137,1.2699999809265137,4162,0.0,0.0,2023-07-12
778,2023-07-12 09:38:00-04:00,1.274999976158142,1.2799999713897705,1.2699999809265137,1.277400016784668,7318,0.0,0.0,2023-07-12
779,2023-07-12 09:39:00-04:00,1.2799999713897705,1.2899999618530273,1.2799999713897705,1.284999966621399,34504,0.0,0.0,2023-07-12
780,2023-07-12 09:40:00-04:00,1.284999966621399,1.2883000373840332,1.2699999809265137,1.2799999713897705,36022,0.0,0.0,2023-07-12
781,2023-07-12 09:41:00-04:00,1.2714999914169312,1.2899999618530273,1.2714999914169312,1.289199948310852,15286,0.0,0.0,2023-07-12
782,2023-07-12 09:42:00-04:00,1.2899999618530273,1.2899999618530273,1.2799999713897705,1.280500054359436,19943,0.0,0.0,2023-07-12
783,2023-07-12 09:43:00-04:00,1.2799999713897705,1.2899999618530273,1.2799999713897705,1.2799999713897705,5281,0.0,0.0,2023-07-12
784,2023-07-12 09:44:00-04:00,1.2800999879837036,1.2879999876022339,1.2799999713897705,1.284999966621399,31193,0.0,0.0,2023-07-12
785,2023-07-12 09:45:00-04:00,1.2884999513626099,1.2884999513626099,1.2699999809265137,1.274999976158142,28260,0.0,0.0,2023-07-12
786,2023-07-12 09:46:00-04:00,1.274999976158142,1.2799999713897705,1.2699999809265137,1.274999976158142,21154,0.0,0.0,2023-07-12
787,2023-07-12 09:47:00-04:00,1.274999976158142,1.2799999713897705,1.2699999809265137,1.2799999713897705,6205,0.0,0.0,2023-07-12
788,2023-07-12 09:48:00-04:00,1.274999976158142,1.2799999713897705,1.2699999809265137,1.2799999713897705,5315,0.0,0.0,2023-07-12
789,2023-07-12 09:49:00-04:00,1.2799999713897705,1.2799999713897705,1.2699999809265137,1.2699999809265137,29108,0.0,0.0,2023-07-12
790,2023-07-12 09:50:00-04:00,1.2705999612808228,1.2799999713897705,1.2705999612808228,1.274999976158142,10203,0.0,0.0,2023-07-12
791,2023-07-12 09:51:00-04:00,1.2799999713897705,1.2999999523162842,1.2799999713897705,1.2999999523162842,134419,0.0,0.0,2023-07-12
792,2023-07-12 09:52:00-04:00,1.2999999523162842,1.2999999523162842,1.2899999618530273,1.2949999570846558,15905,0.0,0.0,2023-07-12
793,2023-07-12 09:53:00-04:00,1.2999999523162842,1.309999942779541,1.2899999618530273,1.2999999523162842,553347,0.0,0.0,2023-07-12
794,2023-07-12 09:54:00-04:00,1.2999999523162842,1.309999942779541,1.2914999723434448,1.2999999523162842,90616,0.0,0.0,2023-07-12
795,2023-07-12 09:55:00-04:00,1.308500051498413,1.309999942779541,1.2999999523162842,1.3000999689102173,23043,0.0,0.0,2023-07-12
796,2023-07-12 09:56:00-04:00,1.3099000453948975,1.309999942779541,1.2999999523162842,1.309999942779541,80116,0.0,0.0,2023-07-12
797,2023-07-12 09:57:00-04:00,1.3099000453948975,1.3200000524520874,1.3098000288009644,1.3200000524520874,57389,0.0,0.0,2023-07-12
798,2023-07-12 09:58:00-04:00,1.309999942779541,1.3300000429153442,1.309999942779541,1.3216999769210815,103016,0.0,0.0,2023-07-12
799,2023-07-12 09:59:00-04:00,1.3250000476837158,1.3300000429153442,1.3200000524520874,1.3250000476837158,29284,0.0,0.0,2023-07-12
800,2023-07-12 10:00:00-04:00,1.3200000524520874,1.3300000429153442,1.3200000524520874,1.3217999935150146,10227,0.0,0.0,2023-07-12
801,2023-07-12 10:01:00-04:00,1.3238999843597412,1.3300000429153442,1.3200000524520874,1.3299000263214111,14708,0.0,0.0,2023-07-12
802,2023-07-12 10:02:00-04:00,1.3250000476837158,1.3300000429153442,1.3200000524520874,1.3250000476837158,27402,0.0,0.0,2023-07-12
803,2023-07-12 10:03:00-04:00,1.3219000101089478,1.3250000476837158,1.3100999593734741,1.3174999952316284,71084,0.0,0.0,2023-07-12
804,2023-07-12 10:04:00-04:00,1.315000057220459,1.3200000524520874,1.309999942779541,1.3163000345230103,44253,0.0,0.0,2023-07-12
805,2023-07-12 10:05:00-04:00,1.3136999607086182,1.315000057220459,1.309999942779541,1.315000057220459,23352,0.0,0.0,2023-07-12
806,2023-07-12 10:06:00-04:00,1.309999942779541,1.3200000524520874,1.309999942779541,1.315000057220459,16318,0.0,0.0,2023-07-12
807,2023-07-12 10:07:00-04:00,1.3200000524520874,1.3200000524520874,1.3133000135421753,1.313599944114685,11260,0.0,0.0,2023-07-12
808,2023-07-12 10:08:00-04:00,1.3152999877929688,1.3200000524520874,1.309999942779541,1.309999942779541,11423,0.0,0.0,2023-07-12
809,2023-07-12 10:09:00-04:00,1.315000057220459,1.3200000524520874,1.309999942779541,1.3200000524520874,75279,0.0,0.0,2023-07-12
810,2023-07-12 10:10:00-04:00,1.3250000476837158,1.340000033378601,1.3200000524520874,1.3350000381469727,137404,0.0,0.0,2023-07-12
811,2023-07-12 10:11:00-04:00,1.3350000381469727,1.350000023841858,1.3350000381469727,1.3401000499725342,293574,0.0,0.0,2023-07-12
812,2023-07-12 10:12:00-04:00,1.3450000286102295,1.350000023841858,1.340000033378601,1.3450000286102295,38518,0.0,0.0,2023-07-12
813,2023-07-12 10:13:00-04:00,1.350000023841858,1.350000023841858,1.340000033378601,1.3415000438690186,30656,0.0,0.0,2023-07-12
814,2023-07-12 10:14:00-04:00,1.3450000286102295,1.350000023841858,1.340000033378601,1.3401000499725342,43069,0.0,0.0,2023-07-12
815,2023-07-12 10:15:00-04:00,1.350000023841858,1.350000023841858,1.3401000499725342,1.3485000133514404,20543,0.0,0.0,2023-07-12
816,2023-07-12 10:16:00-04:00,1.3450000286102295,1.350000023841858,1.340000033378601,1.340000033378601,14366,0.0,0.0,2023-07-12
817,2023-07-12 10:17:00-04:00,1.340000033378601,1.350000023841858,1.340000033378601,1.3450000286102295,24102,0.0,0.0,2023-07-12
818,2023-07-12 10:18:00-04:00,1.3450000286102295,1.350000023841858,1.340000033378601,1.347499966621399,21207,0.0,0.0,2023-07-12
819,2023-07-12 10:19:00-04:00,1.3499000072479248,1.350000023841858,1.3406000137329102,1.3450000286102295,21015,0.0,0.0,2023-07-12
820,2023-07-12 10:20:00-04:00,1.3450000286102295,1.350000023841858,1.340000033378601,1.350000023841858,31132,0.0,0.0,2023-07-12
821,2023-07-12 10:21:00-04:00,1.3417999744415283,1.350000023841858,1.340000033378601,1.350000023841858,12044,0.0,0.0,2023-07-12
822,2023-07-12 10:22:00-04:00,1.340000033378601,1.350000023841858,1.340000033378601,1.350000023841858,36308,0.0,0.0,2023-07-12
823,2023-07-12 10:23:00-04:00,1.340000033378601,1.340000033378601,1.3200000524520874,1.3300000429153442,91635,0.0,0.0,2023-07-12
824,2023-07-12 10:24:00-04:00,1.3250000476837158,1.3299000263214111,1.3200000524520874,1.3299000263214111,13405,0.0,0.0,2023-07-12
825,2023-07-12 10:25:00-04:00,1.3200000524520874,1.3281999826431274,1.3200000524520874,1.3281999826431274,6430,0.0,0.0,2023-07-12
826,2023-07-12 10:26:00-04:00,1.3270000219345093,1.3300000429153442,1.3200000524520874,1.3250000476837158,13504,0.0,0.0,2023-07-12
827,2023-07-12 10:27:00-04:00,1.3300000429153442,1.3300000429153442,1.3207000494003296,1.3260999917984009,8010,0.0,0.0,2023-07-12
828,2023-07-12 10:28:00-04:00,1.3282999992370605,1.3385000228881836,1.3200000524520874,1.3350000381469727,56946,0.0,0.0,2023-07-12
829,2023-07-12 10:29:00-04:00,1.3350000381469727,1.3385000228881836,1.3300000429153442,1.3309999704360962,12017,0.0,0.0,2023-07-12
830,2023-07-12 10:30:00-04:00,1.3385000228881836,1.340000033378601,1.3315999507904053,1.340000033378601,8904,0.0,0.0,2023-07-12
831,2023-07-12 10:31:00-04:00,1.340000033378601,1.340000033378601,1.3300000429153442,1.3317999839782715,27610,0.0,0.0,2023-07-12
832,2023-07-12 10:32:00-04:00,1.340000033378601,1.340000033378601,1.3300000429153442,1.3350000381469727,19434,0.0,0.0,2023-07-12
833,2023-07-12 10:33:00-04:00,1.3350000381469727,1.3450000286102295,1.3300000429153442,1.3450000286102295,30876,0.0,0.0,2023-07-12
834,2023-07-12 10:34:00-04:00,1.3450000286102295,1.350000023841858,1.340000033378601,1.350000023841858,22099,0.0,0.0,2023-07-12
835,2023-07-12 10:35:00-04:00,1.3450000286102295,1.350000023841858,1.340000033378601,1.3401000499725342,13425,0.0,0.0,2023-07-12
836,2023-07-12 10:36:00-04:00,1.3401000499725342,1.350000023841858,1.340000033378601,1.350000023841858,16812,0.0,0.0,2023-07-12
837,2023-07-12 10:37:00-04:00,1.340399980545044,1.350000023841858,1.340000033378601,1.3415000438690186,26895,0.0,0.0,2023-07-12
838,2023-07-12 10:38:00-04:00,1.3450000286102295,1.350000023841858,1.340000033378601,1.3401000499725342,11744,0.0,0.0,2023-07-12
839,2023-07-12 10:39:00-04:00,1.340000033378601,1.350000023841858,1.340000033378601,1.3450000286102295,10095,0.0,0.0,2023-07-12
840,2023-07-12 10:40:00-04:00,1.3402999639511108,1.350000023841858,1.3401000499725342,1.350000023841858,6816,0.0,0.0,2023-07-12
841,2023-07-12 10:41:00-04:00,1.3499000072479248,1.350000023841858,1.340000033378601,1.3450000286102295,4432,0.0,0.0,2023-07-12
842,2023-07-12 10:42:00-04:00,1.3418999910354614,1.350000023841858,1.340000033378601,1.3450000286102295,8411,0.0,0.0,2023-07-12
843,2023-07-12 10:43:00-04:00,1.340000033378601,1.350000023841858,1.340000033378601,1.3450000286102295,19701,0.0,0.0,2023-07-12
844,2023-07-12 10:44:00-04:00,1.3451999425888062,1.350000023841858,1.340000033378601,1.3415000438690186,5838,0.0,0.0,2023-07-12
845,2023-07-12 10:45:00-04:00,1.3450000286102295,1.350000023841858,1.340000033378601,1.3450000286102295,5097,0.0,0.0,2023-07-12
846,2023-07-12 10:46:00-04:00,1.3450000286102295,1.3499000072479248,1.340000033378601,1.3415000438690186,14053,0.0,0.0,2023-07-12
847,2023-07-12 10:47:00-04:00,1.340000033378601,1.350000023841858,1.340000033378601,1.347499966621399,9277,0.0,0.0,2023-07-12
848,2023-07-12 10:48:00-04:00,1.3450000286102295,1.350000023841858,1.340000033378601,1.3450000286102295,18438,0.0,0.0,2023-07-12
849,2023-07-12 10:49:00-04:00,1.3450000286102295,1.350000023841858,1.340000033378601,1.3450000286102295,9722,0.0,0.0,2023-07-12
850,2023-07-12 10:50:00-04:00,1.350000023841858,1.350000023841858,1.340000033378601,1.3450000286102295,13292,0.0,0.0,2023-07-12
851,2023-07-12 10:51:00-04:00,1.3450000286102295,1.350000023841858,1.340000033378601,1.3450000286102295,1797,0.0,0.0,2023-07-12
852,2023-07-12 10:53:00-04:00,1.340499997138977,1.340499997138977,1.340000033378601,1.340000033378601,45141,0.0,0.0,2023-07-12
853,2023-07-12 10:54:00-04:00,1.3450000286102295,1.3450000286102295,1.340000033378601,1.340000033378601,18468,0.0,0.0,2023-07-12
854,2023-07-12 10:55:00-04:00,1.340000033378601,1.3450000286102295,1.3300000429153442,1.340000033378601,35268,0.0,0.0,2023-07-12
855,2023-07-12 10:56:00-04:00,1.3350000381469727,1.340000033378601,1.3300000429153442,1.3300000429153442,5378,0.0,0.0,2023-07-12
856,2023-07-12 10:57:00-04:00,1.340000033378601,1.340000033378601,1.3300000429153442,1.3350000381469727,2112,0.0,0.0,2023-07-12
857,2023-07-12 10:58:00-04:00,1.3300000429153442,1.3387000560760498,1.3300000429153442,1.3350000381469727,2510,0.0,0.0,2023-07-12
858,2023-07-12 10:59:00-04:00,1.3350000381469727,1.340000033378601,1.3300000429153442,1.3315000534057617,4666,0.0,0.0,2023-07-12
859,2023-07-12 11:00:00-04:00,1.3395999670028687,1.340000033378601,1.3300000429153442,1.340000033378601,37783,0.0,0.0,2023-07-12
860,2023-07-12 11:02:00-04:00,1.3395999670028687,1.340000033378601,1.3321000337600708,1.3380999565124512,2518,0.0,0.0,2023-07-12
861,2023-07-12 11:03:00-04:00,1.339900016784668,1.340000033378601,1.3300000429153442,1.3350000381469727,6433,0.0,0.0,2023-07-12
862,2023-07-12 11:04:00-04:00,1.3380999565124512,1.340000033378601,1.3300000429153442,1.3300000429153442,1766,0.0,0.0,2023-07-12
863,2023-07-12 11:05:00-04:00,1.3327000141143799,1.3350000381469727,1.3327000141143799,1.333400011062622,1416,0.0,0.0,2023-07-12
864,2023-07-12 11:06:00-04:00,1.3350000381469727,1.340000033378601,1.3325999975204468,1.3384000062942505,5719,0.0,0.0,2023-07-12
865,2023-07-12 11:07:00-04:00,1.3300000429153442,1.340000033378601,1.3300000429153442,1.3350000381469727,2191,0.0,0.0,2023-07-12
866,2023-07-12 11:08:00-04:00,1.339900016784668,1.340000033378601,1.3350000381469727,1.3350000381469727,3273,0.0,0.0,2023-07-12
867,2023-07-12 11:09:00-04:00,1.3350000381469727,1.340000033378601,1.3300000429153442,1.3300000429153442,6733,0.0,0.0,2023-07-12
868,2023-07-12 11:10:00-04:00,1.3350000381469727,1.350000023841858,1.3350000381469727,1.3450000286102295,106444,0.0,0.0,2023-07-12
869,2023-07-12 11:11:00-04:00,1.3450000286102295,1.3450000286102295,1.340000033378601,1.3450000286102295,15727,0.0,0.0,2023-07-12
870,2023-07-12 11:12:00-04:00,1.340000033378601,1.340000033378601,1.3300000429153442,1.3300000429153442,37608,0.0,0.0,2023-07-12
871,2023-07-12 11:13:00-04:00,1.3331999778747559,1.340000033378601,1.3331999778747559,1.340000033378601,10597,0.0,0.0,2023-07-12
872,2023-07-12 11:14:00-04:00,1.340000033378601,1.340000033378601,1.3300000429153442,1.3300000429153442,18510,0.0,0.0,2023-07-12
873,2023-07-12 11:15:00-04:00,1.340000033378601,1.340000033378601,1.3300000429153442,1.3300000429153442,16121,0.0,0.0,2023-07-12
874,2023-07-12 11:16:00-04:00,1.3300000429153442,1.3300000429153442,1.3300000429153442,1.3300000429153442,2009,0.0,0.0,2023-07-12
875,2023-07-12 11:17:00-04:00,1.340000033378601,1.340000033378601,1.3300000429153442,1.3350000381469727,2323,0.0,0.0,2023-07-12
876,2023-07-12 11:18:00-04:00,1.3350000381469727,1.340000033378601,1.3300000429153442,1.3315000534057617,5784,0.0,0.0,2023-07-12
877,2023-07-12 11:19:00-04:00,1.340000033378601,1.340000033378601,1.3300000429153442,1.3350000381469727,15966,0.0,0.0,2023-07-12
878,2023-07-12 11:20:00-04:00,1.340000033378601,1.340000033378601,1.3300000429153442,1.3300000429153442,6907,0.0,0.0,2023-07-12
879,2023-07-12 11:21:00-04:00,1.3325999975204468,1.340000033378601,1.3325999975204468,1.3350000381469727,2628,0.0,0.0,2023-07-12
880,2023-07-12 11:22:00-04:00,1.3350000381469727,1.340000033378601,1.332200050354004,1.3350000381469727,2599,0.0,0.0,2023-07-12
881,2023-07-12 11:23:00-04:00,1.340000033378601,1.340000033378601,1.3300000429153442,1.3350000381469727,3452,0.0,0.0,2023-07-12
882,2023-07-12 11:24:00-04:00,1.3361999988555908,1.3361999988555908,1.3323999643325806,1.3323999643325806,1789,0.0,0.0,2023-07-12
883,2023-07-12 11:25:00-04:00,1.3350000381469727,1.340000033378601,1.3300000429153442,1.3350000381469727,15155,0.0,0.0,2023-07-12
884,2023-07-12 11:26:00-04:00,1.340000033378601,1.340000033378601,1.3350000381469727,1.3350000381469727,761,0.0,0.0,2023-07-12
885,2023-07-12 11:27:00-04:00,1.340000033378601,1.340000033378601,1.3315000534057617,1.340000033378601,4685,0.0,0.0,2023-07-12
886,2023-07-12 11:28:00-04:00,1.3325999975204468,1.3394999504089355,1.3300000429153442,1.3394999504089355,6494,0.0,0.0,2023-07-12
887,2023-07-12 11:29:00-04:00,1.340000033378601,1.340000033378601,1.3301000595092773,1.3301000595092773,9778,0.0,0.0,2023-07-12
888,2023-07-12 11:30:00-04:00,1.339900016784668,1.340000033378601,1.3300000429153442,1.340000033378601,4583,0.0,0.0,2023-07-12
889,2023-07-12 11:31:00-04:00,1.3389999866485596,1.340000033378601,1.3350000381469727,1.340000033378601,2131,0.0,0.0,2023-07-12
890,2023-07-12 11:32:00-04:00,1.340000033378601,1.340000033378601,1.3320000171661377,1.340000033378601,6626,0.0,0.0,2023-07-12
891,2023-07-12 11:33:00-04:00,1.3350000381469727,1.340000033378601,1.3350000381469727,1.337499976158142,7706,0.0,0.0,2023-07-12
892,2023-07-12 11:34:00-04:00,1.3389999866485596,1.340000033378601,1.3312000036239624,1.3350000381469727,13163,0.0,0.0,2023-07-12
893,2023-07-12 11:35:00-04:00,1.3378000259399414,1.340000033378601,1.3300000429153442,1.3350000381469727,35026,0.0,0.0,2023-07-12
894,2023-07-12 11:36:00-04:00,1.340000033378601,1.340000033378601,1.3300000429153442,1.339900016784668,3800,0.0,0.0,2023-07-12
895,2023-07-12 11:37:00-04:00,1.340000033378601,1.340000033378601,1.3315000534057617,1.3350000381469727,3586,0.0,0.0,2023-07-12
896,2023-07-12 11:38:00-04:00,1.3350000381469727,1.337399959564209,1.3350000381469727,1.3350000381469727,1770,0.0,0.0,2023-07-12
897,2023-07-12 11:39:00-04:00,1.340000033378601,1.340000033378601,1.3200000524520874,1.3250000476837158,31398,0.0,0.0,2023-07-12
898,2023-07-12 11:40:00-04:00,1.3200000524520874,1.3250000476837158,1.3200000524520874,1.32260000705719,26811,0.0,0.0,2023-07-12
899,2023-07-12 11:41:00-04:00,1.3220000267028809,1.3251999616622925,1.3200000524520874,1.320099949836731,10411,0.0,0.0,2023-07-12
900,2023-07-12 11:42:00-04:00,1.3250000476837158,1.3250000476837158,1.3200000524520874,1.3200000524520874,5661,0.0,0.0,2023-07-12
901,2023-07-12 11:43:00-04:00,1.3284000158309937,1.3299000263214111,1.3216999769210815,1.3216999769210815,6447,0.0,0.0,2023-07-12
902,2023-07-12 11:44:00-04:00,1.3250000476837158,1.3250000476837158,1.3250000476837158,1.3250000476837158,290,0.0,0.0,2023-07-12
903,2023-07-12 11:45:00-04:00,1.3200000524520874,1.3200000524520874,1.309999942779541,1.315000057220459,56192,0.0,0.0,2023-07-12
904,2023-07-12 11:46:00-04:00,1.315000057220459,1.3183000087738037,1.3114999532699585,1.3128999471664429,8192,0.0,0.0,2023-07-12
905,2023-07-12 11:47:00-04:00,1.3193000555038452,1.3193000555038452,1.3128999471664429,1.3128999471664429,1182,0.0,0.0,2023-07-12
906,2023-07-12 11:48:00-04:00,1.315000057220459,1.3200000524520874,1.309999942779541,1.3200000524520874,7153,0.0,0.0,2023-07-12
907,2023-07-12 11:49:00-04:00,1.3200000524520874,1.3200000524520874,1.3151999711990356,1.3151999711990356,2559,0.0,0.0,2023-07-12
908,2023-07-12 11:51:00-04:00,1.3181999921798706,1.3200000524520874,1.315000057220459,1.315000057220459,9751,0.0,0.0,2023-07-12
909,2023-07-12 11:52:00-04:00,1.315000057220459,1.3199000358581543,1.315000057220459,1.315000057220459,6200,0.0,0.0,2023-07-12
910,2023-07-12 11:53:00-04:00,1.309999942779541,1.315000057220459,1.309999942779541,1.3114999532699585,5550,0.0,0.0,2023-07-12
911,2023-07-12 11:54:00-04:00,1.312999963760376,1.3200000524520874,1.309999942779541,1.3122999668121338,17558,0.0,0.0,2023-07-12
912,2023-07-12 11:55:00-04:00,1.3101999759674072,1.3200000524520874,1.3101999759674072,1.315000057220459,8340,0.0,0.0,2023-07-12
913,2023-07-12 11:56:00-04:00,1.3180999755859375,1.3180999755859375,1.3049999475479126,1.3049999475479126,90956,0.0,0.0,2023-07-12
914,2023-07-12 11:57:00-04:00,1.2999999523162842,1.309999942779541,1.2999999523162842,1.309999942779541,26442,0.0,0.0,2023-07-12
915,2023-07-12 11:58:00-04:00,1.3049999475479126,1.309999942779541,1.2999999523162842,1.2999999523162842,34515,0.0,0.0,2023-07-12
916,2023-07-12 11:59:00-04:00,1.3033000230789185,1.309999942779541,1.3033000230789185,1.309999942779541,731,0.0,0.0,2023-07-12
917,2023-07-12 12:00:00-04:00,1.3027000427246094,1.309999942779541,1.2999999523162842,1.309999942779541,28126,0.0,0.0,2023-07-12
918,2023-07-12 12:01:00-04:00,1.309999942779541,1.309999942779541,1.2999999523162842,1.3049999475479126,9454,0.0,0.0,2023-07-12
919,2023-07-12 12:02:00-04:00,1.3033000230789185,1.309999942779541,1.3014999628067017,1.3049999475479126,2746,0.0,0.0,2023-07-12
920,2023-07-12 12:03:00-04:00,1.3027000427246094,1.309999942779541,1.3014999628067017,1.3028000593185425,7332,0.0,0.0,2023-07-12
921,2023-07-12 12:04:00-04:00,1.3046000003814697,1.3092999458312988,1.3014999628067017,1.3092999458312988,3528,0.0,0.0,2023-07-12
922,2023-07-12 12:05:00-04:00,1.3020999431610107,1.3049999475479126,1.3020999431610107,1.3049999475479126,13600,0.0,0.0,2023-07-12
923,2023-07-12 12:06:00-04:00,1.3014999628067017,1.3099000453948975,1.2999999523162842,1.308500051498413,9556,0.0,0.0,2023-07-12
924,2023-07-12 12:07:00-04:00,1.3014999628067017,1.3049999475479126,1.3000999689102173,1.3014999628067017,4129,0.0,0.0,2023-07-12
925,2023-07-12 12:08:00-04:00,1.3049999475479126,1.309999942779541,1.3014999628067017,1.3049999475479126,6515,0.0,0.0,2023-07-12
926,2023-07-12 12:09:00-04:00,1.305799961090088,1.309999942779541,1.2999999523162842,1.3000999689102173,58828,0.0,0.0,2023-07-12
927,2023-07-12 12:10:00-04:00,1.3049999475479126,1.309999942779541,1.2999999523162842,1.3025000095367432,50049,0.0,0.0,2023-07-12
928,2023-07-12 12:11:00-04:00,1.309999942779541,1.309999942779541,1.3000999689102173,1.3001999855041504,1476,0.0,0.0,2023-07-12
929,2023-07-12 12:12:00-04:00,1.307800054550171,1.309999942779541,1.3000999689102173,1.3049999475479126,2780,0.0,0.0,2023-07-12
930,2023-07-12 12:13:00-04:00,1.3049999475479126,1.309999942779541,1.2999999523162842,1.2999999523162842,3640,0.0,0.0,2023-07-12
931,2023-07-12 12:14:00-04:00,1.2999999523162842,1.3049999475479126,1.2999999523162842,1.2999999523162842,5567,0.0,0.0,2023-07-12
932,2023-07-12 12:15:00-04:00,1.3092999458312988,1.309999942779541,1.2999999523162842,1.309999942779541,38546,0.0,0.0,2023-07-12
933,2023-07-12 12:16:00-04:00,1.3025000095367432,1.3049999475479126,1.3025000095367432,1.3049999475479126,5383,0.0,0.0,2023-07-12
934,2023-07-12 12:17:00-04:00,1.309999942779541,1.309999942779541,1.3016999959945679,1.3016999959945679,2709,0.0,0.0,2023-07-12
935,2023-07-12 12:18:00-04:00,1.3014999628067017,1.3049999475479126,1.2999999523162842,1.2999999523162842,1598,0.0,0.0,2023-07-12
936,2023-07-12 12:19:00-04:00,1.309999942779541,1.309999942779541,1.3049999475479126,1.309999942779541,17668,0.0,0.0,2023-07-12
937,2023-07-12 12:20:00-04:00,1.2999999523162842,1.309999942779541,1.2999999523162842,1.308500051498413,2732,0.0,0.0,2023-07-12
938,2023-07-12 12:21:00-04:00,1.3049999475479126,1.309999942779541,1.3049999475479126,1.3049999475479126,2036,0.0,0.0,2023-07-12
939,2023-07-12 12:22:00-04:00,1.3014999628067017,1.309999942779541,1.2999999523162842,1.3049999475479126,7976,0.0,0.0,2023-07-12
940,2023-07-12 12:23:00-04:00,1.3049999475479126,1.309999942779541,1.3049999475479126,1.3049999475479126,4970,0.0,0.0,2023-07-12
941,2023-07-12 12:24:00-04:00,1.2999999523162842,1.309999942779541,1.2999999523162842,1.3097000122070312,5440,0.0,0.0,2023-07-12
942,2023-07-12 12:25:00-04:00,1.3049999475479126,1.309999942779541,1.3025000095367432,1.3075000047683716,4164,0.0,0.0,2023-07-12
943,2023-07-12 12:26:00-04:00,1.3049999475479126,1.309999942779541,1.2999999523162842,1.309999942779541,10985,0.0,0.0,2023-07-12
944,2023-07-12 12:27:00-04:00,1.3076000213623047,1.309999942779541,1.2999999523162842,1.2999999523162842,1182,0.0,0.0,2023-07-12
945,2023-07-12 12:28:00-04:00,1.3092999458312988,1.3200000524520874,1.3049999475479126,1.315000057220459,91237,0.0,0.0,2023-07-12
946,2023-07-12 12:29:00-04:00,1.3100999593734741,1.3200000524520874,1.3100999593734741,1.3200000524520874,2845,0.0,0.0,2023-07-12
947,2023-07-12 12:30:00-04:00,1.315000057220459,1.3200000524520874,1.315000057220459,1.315000057220459,9052,0.0,0.0,2023-07-12
948,2023-07-12 12:31:00-04:00,1.309999942779541,1.315000057220459,1.309999942779541,1.315000057220459,1009,0.0,0.0,2023-07-12
949,2023-07-12 12:32:00-04:00,1.318600058555603,1.3200000524520874,1.315000057220459,1.315000057220459,1527,0.0,0.0,2023-07-12
950,2023-07-12 12:33:00-04:00,1.3102999925613403,1.319599986076355,1.3102999925613403,1.319599986076355,9124,0.0,0.0,2023-07-12
951,2023-07-12 12:34:00-04:00,1.3200000524520874,1.3200000524520874,1.309999942779541,1.3200000524520874,79869,0.0,0.0,2023-07-12
952,2023-07-12 12:35:00-04:00,1.3200000524520874,1.3250000476837158,1.3200000524520874,1.3250000476837158,45695,0.0,0.0,2023-07-12
953,2023-07-12 12:36:00-04:00,1.3200000524520874,1.3274999856948853,1.3200000524520874,1.3274999856948853,1040,0.0,0.0,2023-07-12
954,2023-07-12 12:37:00-04:00,1.3300000429153442,1.3300000429153442,1.3215999603271484,1.3300000429153442,41327,0.0,0.0,2023-07-12
955,2023-07-12 12:38:00-04:00,1.3200000524520874,1.3300000429153442,1.3200000524520874,1.3300000429153442,1100,0.0,0.0,2023-07-12
956,2023-07-12 12:39:00-04:00,1.3300000429153442,1.3300000429153442,1.3209999799728394,1.3300000429153442,29457,0.0,0.0,2023-07-12
957,2023-07-12 12:40:00-04:00,1.3250000476837158,1.3300000429153442,1.3200000524520874,1.3200000524520874,72030,0.0,0.0,2023-07-12
958,2023-07-12 12:41:00-04:00,1.3285000324249268,1.3300000429153442,1.3200000524520874,1.3250000476837158,7880,0.0,0.0,2023-07-12
959,2023-07-12 12:42:00-04:00,1.3200000524520874,1.3300000429153442,1.3200000524520874,1.3200000524520874,53088,0.0,0.0,2023-07-12
960,2023-07-12 12:43:00-04:00,1.3250000476837158,1.3274999856948853,1.3200000524520874,1.3274999856948853,47023,0.0,0.0,2023-07-12
961,2023-07-12 12:44:00-04:00,1.3214999437332153,1.3279000520706177,1.3200000524520874,1.3279000520706177,2021,0.0,0.0,2023-07-12
962,2023-07-12 12:45:00-04:00,1.3200000524520874,1.3300000429153442,1.3200000524520874,1.3250000476837158,3716,0.0,0.0,2023-07-12
963,2023-07-12 12:46:00-04:00,1.3200000524520874,1.3274999856948853,1.3200000524520874,1.3274999856948853,5212,0.0,0.0,2023-07-12
964,2023-07-12 12:47:00-04:00,1.3250000476837158,1.3300000429153442,1.3200000524520874,1.3250000476837158,612,0.0,0.0,2023-07-12
965,2023-07-12 12:48:00-04:00,1.3250000476837158,1.3300000429153442,1.3250000476837158,1.3250000476837158,3378,0.0,0.0,2023-07-12
966,2023-07-12 12:49:00-04:00,1.3300000429153442,1.3300000429153442,1.3200000524520874,1.3250000476837158,7976,0.0,0.0,2023-07-12
967,2023-07-12 12:50:00-04:00,1.3300000429153442,1.3300000429153442,1.3200000524520874,1.3200000524520874,2800,0.0,0.0,2023-07-12
968,2023-07-12 12:51:00-04:00,1.3214999437332153,1.3300000429153442,1.3214999437332153,1.3300000429153442,5849,0.0,0.0,2023-07-12
969,2023-07-12 12:52:00-04:00,1.325700044631958,1.3300000429153442,1.3250000476837158,1.3300000429153442,6198,0.0,0.0,2023-07-12
970,2023-07-12 12:53:00-04:00,1.3250000476837158,1.3300000429153442,1.3250000476837158,1.3300000429153442,1040,0.0,0.0,2023-07-12
971,2023-07-12 12:54:00-04:00,1.3250000476837158,1.3300000429153442,1.3212000131607056,1.3250000476837158,11200,0.0,0.0,2023-07-12
972,2023-07-12 12:55:00-04:00,1.3250000476837158,1.3299000263214111,1.3200000524520874,1.3200000524520874,9868,0.0,0.0,2023-07-12
973,2023-07-12 12:56:00-04:00,1.3299000263214111,1.3299000263214111,1.3200000524520874,1.3200000524520874,40531,0.0,0.0,2023-07-12
974,2023-07-12 12:57:00-04:00,1.3250000476837158,1.3285000324249268,1.3200000524520874,1.3285000324249268,3235,0.0,0.0,2023-07-12
975,2023-07-12 12:58:00-04:00,1.3250000476837158,1.3250000476837158,1.3200000524520874,1.3202999830245972,18750,0.0,0.0,2023-07-12
976,2023-07-12 12:59:00-04:00,1.320099949836731,1.3269000053405762,1.3200000524520874,1.3200000524520874,19302,0.0,0.0,2023-07-12
977,2023-07-12 13:00:00-04:00,1.3200000524520874,1.3300000429153442,1.3200000524520874,1.3200000524520874,4681,0.0,0.0,2023-07-12
978,2023-07-12 13:01:00-04:00,1.3250000476837158,1.3300000429153442,1.3200000524520874,1.3200000524520874,10863,0.0,0.0,2023-07-12
979,2023-07-12 13:03:00-04:00,1.3250000476837158,1.3285000324249268,1.3200000524520874,1.3274999856948853,748,0.0,0.0,2023-07-12
980,2023-07-12 13:04:00-04:00,1.3200000524520874,1.3300000429153442,1.3200000524520874,1.3300000429153442,1854,0.0,0.0,2023-07-12
981,2023-07-12 13:05:00-04:00,1.3299000263214111,1.3299000263214111,1.3250000476837158,1.3250000476837158,8015,0.0,0.0,2023-07-12
982,2023-07-12 13:06:00-04:00,1.3200000524520874,1.3300000429153442,1.3200000524520874,1.3206000328063965,14697,0.0,0.0,2023-07-12
983,2023-07-12 13:07:00-04:00,1.3203999996185303,1.3274999856948853,1.3203999996185303,1.3274999856948853,1450,0.0,0.0,2023-07-12
984,2023-07-12 13:08:00-04:00,1.3214999437332153,1.3300000429153442,1.3214999437332153,1.3299000263214111,1493,0.0,0.0,2023-07-12
985,2023-07-12 13:09:00-04:00,1.3200000524520874,1.3300000429153442,1.3200000524520874,1.3299000263214111,2556,0.0,0.0,2023-07-12
986,2023-07-12 13:10:00-04:00,1.3200000524520874,1.3200000524520874,1.3200000524520874,1.3200000524520874,238,0.0,0.0,2023-07-12
987,2023-07-12 13:11:00-04:00,1.3205000162124634,1.3300000429153442,1.3200000524520874,1.3200000524520874,4060,0.0,0.0,2023-07-12
988,2023-07-12 13:12:00-04:00,1.3200000524520874,1.3250000476837158,1.3200000524520874,1.3250000476837158,706,0.0,0.0,2023-07-12
989,2023-07-12 13:13:00-04:00,1.3200000524520874,1.3250000476837158,1.309999942779541,1.315000057220459,50481,0.0,0.0,2023-07-12
990,2023-07-12 13:14:00-04:00,1.315000057220459,1.3174999952316284,1.3114999532699585,1.3114999532699585,3314,0.0,0.0,2023-07-12
991,2023-07-12 13:15:00-04:00,1.3200000524520874,1.3200000524520874,1.315000057220459,1.315000057220459,35665,0.0,0.0,2023-07-12
992,2023-07-12 13:16:00-04:00,1.3200000524520874,1.3200000524520874,1.309999942779541,1.3143999576568604,928,0.0,0.0,2023-07-12
993,2023-07-12 13:17:00-04:00,1.3200000524520874,1.3200000524520874,1.315000057220459,1.315000057220459,2255,0.0,0.0,2023-07-12
994,2023-07-12 13:18:00-04:00,1.315000057220459,1.31850004196167,1.315000057220459,1.315000057220459,1566,0.0,0.0,2023-07-12
995,2023-07-12 13:19:00-04:00,1.3200000524520874,1.3200000524520874,1.3114999532699585,1.315000057220459,2013,0.0,0.0,2023-07-12
996,2023-07-12 13:20:00-04:00,1.309999942779541,1.3148000240325928,1.309999942779541,1.313599944114685,361,0.0,0.0,2023-07-12
997,2023-07-12 13:21:00-04:00,1.319599986076355,1.3200000524520874,1.3193999528884888,1.3193999528884888,25099,0.0,0.0,2023-07-12
998,2023-07-12 13:22:00-04:00,1.3100999593734741,1.3200000524520874,1.3100999593734741,1.315000057220459,2079,0.0,0.0,2023-07-12
999,2023-07-12 13:23:00-04:00,1.3200000524520874,1.3200000524520874,1.3100999593734741,1.3100999593734741,3298,0.0,0.0,2023-07-12
1000,2023-07-12 13:24:00-04:00,1.319100022315979,1.3200000524520874,1.319100022315979,1.3200000524520874,1725,0.0,0.0,2023-07-12
1001,2023-07-12 13:25:00-04:00,1.309999942779541,1.3200000524520874,1.309999942779541,1.3200000524520874,18739,0.0,0.0,2023-07-12
1002,2023-07-12 13:26:00-04:00,1.315000057220459,1.315000057220459,1.309999942779541,1.3104000091552734,3311,0.0,0.0,2023-07-12
1003,2023-07-12 13:27:00-04:00,1.3200000524520874,1.3200000524520874,1.3181999921798706,1.3199000358581543,4646,0.0,0.0,2023-07-12
1004,2023-07-12 13:28:00-04:00,1.315000057220459,1.3200000524520874,1.315000057220459,1.3200000524520874,2956,0.0,0.0,2023-07-12
1005,2023-07-12 13:29:00-04:00,1.3200000524520874,1.3200000524520874,1.315000057220459,1.315000057220459,3663,0.0,0.0,2023-07-12
1006,2023-07-12 13:30:00-04:00,1.3200000524520874,1.3200000524520874,1.31850004196167,1.3200000524520874,1149,0.0,0.0,2023-07-12
1007,2023-07-12 13:31:00-04:00,1.315000057220459,1.315000057220459,1.315000057220459,1.315000057220459,1962,0.0,0.0,2023-07-12
1008,2023-07-12 13:32:00-04:00,1.3200000524520874,1.3200000524520874,1.315000057220459,1.3200000524520874,2806,0.0,0.0,2023-07-12
1009,2023-07-12 13:33:00-04:00,1.309999942779541,1.3200000524520874,1.309999942779541,1.3200000524520874,3155,0.0,0.0,2023-07-12
1010,2023-07-12 13:34:00-04:00,1.3200000524520874,1.3200000524520874,1.3200000524520874,1.3200000524520874,233,0.0,0.0,2023-07-12
1011,2023-07-12 13:35:00-04:00,1.315000057220459,1.3200000524520874,1.315000057220459,1.3200000524520874,4214,0.0,0.0,2023-07-12
1012,2023-07-12 13:36:00-04:00,1.315000057220459,1.3200000524520874,1.309999942779541,1.31850004196167,10634,0.0,0.0,2023-07-12
1013,2023-07-12 13:37:00-04:00,1.3131999969482422,1.315000057220459,1.3131999969482422,1.315000057220459,2348,0.0,0.0,2023-07-12
1014,2023-07-12 13:38:00-04:00,1.315000057220459,1.3200000524520874,1.315000057220459,1.3200000524520874,760,0.0,0.0,2023-07-12
1015,2023-07-12 13:39:00-04:00,1.309999942779541,1.309999942779541,1.309999942779541,1.309999942779541,3000,0.0,0.0,2023-07-12
1016,2023-07-12 13:40:00-04:00,1.3200000524520874,1.3200000524520874,1.3200000524520874,1.3200000524520874,201,0.0,0.0,2023-07-12
1017,2023-07-12 13:41:00-04:00,1.315000057220459,1.3200000524520874,1.309999942779541,1.3200000524520874,4113,0.0,0.0,2023-07-12
1018,2023-07-12 13:42:00-04:00,1.3200000524520874,1.3200000524520874,1.309999942779541,1.309999942779541,1605,0.0,0.0,2023-07-12
1019,2023-07-12 13:43:00-04:00,1.3200000524520874,1.3200000524520874,1.3200000524520874,1.3200000524520874,313,0.0,0.0,2023-07-12
1020,2023-07-12 13:44:00-04:00,1.3200000524520874,1.3200000524520874,1.3200000524520874,1.3200000524520874,235,0.0,0.0,2023-07-12
1021,2023-07-12 13:45:00-04:00,1.313599944114685,1.313599944114685,1.313599944114685,1.313599944114685,250,0.0,0.0,2023-07-12
1022,2023-07-12 13:46:00-04:00,1.315000057220459,1.315000057220459,1.315000057220459,1.315000057220459,168,0.0,0.0,2023-07-12
1023,2023-07-12 13:47:00-04:00,1.316499948501587,1.3250000476837158,1.315000057220459,1.3250000476837158,81773,0.0,0.0,2023-07-12
1024,2023-07-12 13:48:00-04:00,1.3250000476837158,1.3300000429153442,1.320099949836731,1.3250000476837158,10651,0.0,0.0,2023-07-12
1025,2023-07-12 13:49:00-04:00,1.320099949836731,1.3300000429153442,1.320099949836731,1.3250000476837158,15535,0.0,0.0,2023-07-12
1026,2023-07-12 13:50:00-04:00,1.3250000476837158,1.3250000476837158,1.3250000476837158,1.3250000476837158,1858,0.0,0.0,2023-07-12
1027,2023-07-12 13:51:00-04:00,1.3250000476837158,1.3250000476837158,1.3200000524520874,1.3200000524520874,635,0.0,0.0,2023-07-12
1028,2023-07-12 13:52:00-04:00,1.3300000429153442,1.3300000429153442,1.3200000524520874,1.3250000476837158,2390,0.0,0.0,2023-07-12
1029,2023-07-12 13:53:00-04:00,1.3234000205993652,1.3300000429153442,1.3234000205993652,1.3300000429153442,3531,0.0,0.0,2023-07-12
1030,2023-07-12 13:54:00-04:00,1.3236000537872314,1.3236000537872314,1.3236000537872314,1.3236000537872314,160,0.0,0.0,2023-07-12
1031,2023-07-12 13:55:00-04:00,1.3300000429153442,1.3300000429153442,1.3200000524520874,1.3277000188827515,4350,0.0,0.0,2023-07-12
1032,2023-07-12 13:56:00-04:00,1.3234000205993652,1.3300000429153442,1.3234000205993652,1.3300000429153442,882,0.0,0.0,2023-07-12
1033,2023-07-12 13:57:00-04:00,1.3300000429153442,1.3300000429153442,1.3250000476837158,1.3300000429153442,582,0.0,0.0,2023-07-12
1034,2023-07-12 13:58:00-04:00,1.3200000524520874,1.3300000429153442,1.3200000524520874,1.3300000429153442,17422,0.0,0.0,2023-07-12
1035,2023-07-12 13:59:00-04:00,1.3300000429153442,1.3300000429153442,1.3250000476837158,1.3300000429153442,4579,0.0,0.0,2023-07-12
1036,2023-07-12 14:00:00-04:00,1.3300000429153442,1.3300000429153442,1.3250000476837158,1.3250000476837158,2652,0.0,0.0,2023-07-12
1037,2023-07-12 14:01:00-04:00,1.3300000429153442,1.340000033378601,1.3250000476837158,1.340000033378601,356878,0.0,0.0,2023-07-12
1038,2023-07-12 14:02:00-04:00,1.340000033378601,1.340000033378601,1.3301000595092773,1.3350000381469727,7792,0.0,0.0,2023-07-12
1039,2023-07-12 14:03:00-04:00,1.340000033378601,1.340000033378601,1.3300000429153442,1.3324999809265137,17118,0.0,0.0,2023-07-12
1040,2023-07-12 14:04:00-04:00,1.3350000381469727,1.3350000381469727,1.3350000381469727,1.3350000381469727,8322,0.0,0.0,2023-07-12
1041,2023-07-12 14:05:00-04:00,1.340000033378601,1.340000033378601,1.3350000381469727,1.3350000381469727,4061,0.0,0.0,2023-07-12
1042,2023-07-12 14:06:00-04:00,1.340000033378601,1.340000033378601,1.3300000429153442,1.3350000381469727,52877,0.0,0.0,2023-07-12
1043,2023-07-12 14:07:00-04:00,1.3300000429153442,1.3350000381469727,1.3224999904632568,1.3250000476837158,104733,0.0,0.0,2023-07-12
1044,2023-07-12 14:08:00-04:00,1.32260000705719,1.3285000324249268,1.3200000524520874,1.3250000476837158,5600,0.0,0.0,2023-07-12
1045,2023-07-12 14:09:00-04:00,1.3250000476837158,1.3250000476837158,1.3250000476837158,1.3250000476837158,1992,0.0,0.0,2023-07-12
1046,2023-07-12 14:10:00-04:00,1.3200000524520874,1.3294999599456787,1.3200000524520874,1.3250000476837158,2578,0.0,0.0,2023-07-12
1047,2023-07-12 14:11:00-04:00,1.3300000429153442,1.3300000429153442,1.3200000524520874,1.3300000429153442,1507,0.0,0.0,2023-07-12
1048,2023-07-12 14:12:00-04:00,1.3234000205993652,1.329699993133545,1.3200000524520874,1.3200000524520874,20028,0.0,0.0,2023-07-12
1049,2023-07-12 14:13:00-04:00,1.3300000429153442,1.3300000429153442,1.3250000476837158,1.3250000476837158,2138,0.0,0.0,2023-07-12
1050,2023-07-12 14:14:00-04:00,1.3200000524520874,1.3200000524520874,1.3200000524520874,1.3200000524520874,954,0.0,0.0,2023-07-12
1051,2023-07-12 14:15:00-04:00,1.3200000524520874,1.3200000524520874,1.3200000524520874,1.3200000524520874,206,0.0,0.0,2023-07-12
1052,2023-07-12 14:16:00-04:00,1.3300000429153442,1.3300000429153442,1.3200000524520874,1.3300000429153442,2188,0.0,0.0,2023-07-12
1053,2023-07-12 14:17:00-04:00,1.3286000490188599,1.3300000429153442,1.3250000476837158,1.3300000429153442,2662,0.0,0.0,2023-07-12
1054,2023-07-12 14:18:00-04:00,1.3300000429153442,1.3300000429153442,1.3200000524520874,1.3200000524520874,1462,0.0,0.0,2023-07-12
1055,2023-07-12 14:19:00-04:00,1.3200000524520874,1.3300000429153442,1.3200000524520874,1.3300000429153442,5845,0.0,0.0,2023-07-12
1056,2023-07-12 14:20:00-04:00,1.3200000524520874,1.3300000429153442,1.3200000524520874,1.3200000524520874,1445,0.0,0.0,2023-07-12
1057,2023-07-12 14:21:00-04:00,1.3200000524520874,1.3300000429153442,1.3200000524520874,1.3270000219345093,1228,0.0,0.0,2023-07-12
1058,2023-07-12 14:22:00-04:00,1.3200000524520874,1.3299000263214111,1.3200000524520874,1.3200000524520874,1869,0.0,0.0,2023-07-12
1059,2023-07-12 14:23:00-04:00,1.3300000429153442,1.3300000429153442,1.3200000524520874,1.3200000524520874,36964,0.0,0.0,2023-07-12
1060,2023-07-12 14:24:00-04:00,1.3200000524520874,1.3250000476837158,1.3200000524520874,1.3200000524520874,20226,0.0,0.0,2023-07-12
1061,2023-07-12 14:25:00-04:00,1.3200000524520874,1.3300000429153442,1.3200000524520874,1.3200000524520874,21779,0.0,0.0,2023-07-12
1062,2023-07-12 14:26:00-04:00,1.3299000263214111,1.3299000263214111,1.3200000524520874,1.3200000524520874,6050,0.0,0.0,2023-07-12
1063,2023-07-12 14:27:00-04:00,1.3200000524520874,1.3200000524520874,1.3200000524520874,1.3200000524520874,243,0.0,0.0,2023-07-12
1064,2023-07-12 14:28:00-04:00,1.32260000705719,1.3300000429153442,1.32260000705719,1.3300000429153442,24672,0.0,0.0,2023-07-12
1065,2023-07-12 14:29:00-04:00,1.3233000040054321,1.3300000429153442,1.3233000040054321,1.3300000429153442,1535,0.0,0.0,2023-07-12
1066,2023-07-12 14:30:00-04:00,1.3200000524520874,1.3299000263214111,1.3200000524520874,1.3250000476837158,2268,0.0,0.0,2023-07-12
1067,2023-07-12 14:31:00-04:00,1.3276000022888184,1.3276000022888184,1.3200000524520874,1.3200000524520874,1558,0.0,0.0,2023-07-12
1068,2023-07-12 14:32:00-04:00,1.3250000476837158,1.3250000476837158,1.3200000524520874,1.3200000524520874,738,0.0,0.0,2023-07-12
1069,2023-07-12 14:33:00-04:00,1.3200000524520874,1.3300000429153442,1.3200000524520874,1.323099970817566,4409,0.0,0.0,2023-07-12
1070,2023-07-12 14:34:00-04:00,1.3200000524520874,1.3250000476837158,1.3200000524520874,1.3200000524520874,1101,0.0,0.0,2023-07-12
1071,2023-07-12 14:35:00-04:00,1.3200000524520874,1.3250000476837158,1.3200000524520874,1.320099949836731,1049,0.0,0.0,2023-07-12
1072,2023-07-12 14:36:00-04:00,1.3250000476837158,1.3289999961853027,1.3200000524520874,1.3250000476837158,5512,0.0,0.0,2023-07-12
1073,2023-07-12 14:37:00-04:00,1.3250000476837158,1.3300000429153442,1.3200000524520874,1.3200000524520874,10090,0.0,0.0,2023-07-12
1074,2023-07-12 14:38:00-04:00,1.3300000429153442,1.3300000429153442,1.3200000524520874,1.3200000524520874,7110,0.0,0.0,2023-07-12
1075,2023-07-12 14:39:00-04:00,1.329300045967102,1.3300000429153442,1.3250000476837158,1.3250000476837158,43526,0.0,0.0,2023-07-12
1076,2023-07-12 14:40:00-04:00,1.3300000429153442,1.3300000429153442,1.3250000476837158,1.3250000476837158,3847,0.0,0.0,2023-07-12
1077,2023-07-12 14:41:00-04:00,1.3250000476837158,1.3300000429153442,1.3200000524520874,1.3250000476837158,2310,0.0,0.0,2023-07-12
1078,2023-07-12 14:42:00-04:00,1.3250000476837158,1.329699993133545,1.3250000476837158,1.3250000476837158,1074,0.0,0.0,2023-07-12
1079,2023-07-12 14:43:00-04:00,1.3250000476837158,1.3300000429153442,1.3240000009536743,1.3300000429153442,3456,0.0,0.0,2023-07-12
1080,2023-07-12 14:44:00-04:00,1.3250000476837158,1.3300000429153442,1.3250000476837158,1.3250000476837158,1148,0.0,0.0,2023-07-12
1081,2023-07-12 14:45:00-04:00,1.3250000476837158,1.3299000263214111,1.3200000524520874,1.3250000476837158,1437,0.0,0.0,2023-07-12
1082,2023-07-12 14:46:00-04:00,1.3300000429153442,1.3300000429153442,1.3250000476837158,1.3250000476837158,1328,0.0,0.0,2023-07-12
1083,2023-07-12 14:47:00-04:00,1.3250000476837158,1.3300000429153442,1.3200000524520874,1.3250000476837158,6373,0.0,0.0,2023-07-12
1084,2023-07-12 14:48:00-04:00,1.3250000476837158,1.3250000476837158,1.3214999437332153,1.3250000476837158,6569,0.0,0.0,2023-07-12
1085,2023-07-12 14:49:00-04:00,1.3200000524520874,1.3300000429153442,1.3200000524520874,1.3250000476837158,11512,0.0,0.0,2023-07-12
1086,2023-07-12 14:50:00-04:00,1.3299000263214111,1.3299000263214111,1.3200000524520874,1.3250000476837158,3545,0.0,0.0,2023-07-12
1087,2023-07-12 14:51:00-04:00,1.3250000476837158,1.3250000476837158,1.3200000524520874,1.3250000476837158,49524,0.0,0.0,2023-07-12
1088,2023-07-12 14:52:00-04:00,1.3200000524520874,1.3300000429153442,1.3200000524520874,1.3250000476837158,2918,0.0,0.0,2023-07-12
1089,2023-07-12 14:53:00-04:00,1.3200000524520874,1.326200008392334,1.3200000524520874,1.3200000524520874,1010,0.0,0.0,2023-07-12
1090,2023-07-12 14:54:00-04:00,1.3200000524520874,1.3250000476837158,1.3200000524520874,1.3250000476837158,12993,0.0,0.0,2023-07-12
1091,2023-07-12 14:55:00-04:00,1.3200000524520874,1.3250000476837158,1.3200000524520874,1.3200000524520874,7297,0.0,0.0,2023-07-12
1092,2023-07-12 14:56:00-04:00,1.3200000524520874,1.3250000476837158,1.3200000524520874,1.3200000524520874,4596,0.0,0.0,2023-07-12
1093,2023-07-12 14:57:00-04:00,1.3250000476837158,1.3250000476837158,1.3200000524520874,1.3200000524520874,8718,0.0,0.0,2023-07-12
1094,2023-07-12 14:58:00-04:00,1.3200000524520874,1.3250000476837158,1.3200000524520874,1.3250000476837158,2753,0.0,0.0,2023-07-12
1095,2023-07-12 14:59:00-04:00,1.3200000524520874,1.3250000476837158,1.3200000524520874,1.3200000524520874,582,0.0,0.0,2023-07-12
1096,2023-07-12 15:00:00-04:00,1.3200000524520874,1.3250000476837158,1.3200000524520874,1.3200000524520874,1322,0.0,0.0,2023-07-12
1097,2023-07-12 15:01:00-04:00,1.3200000524520874,1.3250000476837158,1.315000057220459,1.315000057220459,84510,0.0,0.0,2023-07-12
1098,2023-07-12 15:02:00-04:00,1.3200000524520874,1.3250000476837158,1.309999942779541,1.3250000476837158,76168,0.0,0.0,2023-07-12
1099,2023-07-12 15:03:00-04:00,1.3250000476837158,1.3250000476837158,1.3200000524520874,1.3250000476837158,6030,0.0,0.0,2023-07-12
1100,2023-07-12 15:04:00-04:00,1.3300000429153442,1.3300000429153442,1.3300000429153442,1.3300000429153442,909,0.0,0.0,2023-07-12
1101,2023-07-12 15:05:00-04:00,1.329300045967102,1.3300000429153442,1.3200000524520874,1.3300000429153442,3496,0.0,0.0,2023-07-12
1102,2023-07-12 15:06:00-04:00,1.3250000476837158,1.3250000476837158,1.3200000524520874,1.323799967765808,1714,0.0,0.0,2023-07-12
1103,2023-07-12 15:07:00-04:00,1.3250000476837158,1.3250000476837158,1.3250000476837158,1.3250000476837158,13943,0.0,0.0,2023-07-12
1104,2023-07-12 15:08:00-04:00,1.3291000127792358,1.3291000127792358,1.3285000324249268,1.3285000324249268,750,0.0,0.0,2023-07-12
1105,2023-07-12 15:09:00-04:00,1.3250000476837158,1.3250000476837158,1.3250000476837158,1.3250000476837158,149,0.0,0.0,2023-07-12
1106,2023-07-12 15:10:00-04:00,1.3285000324249268,1.3285000324249268,1.3200000524520874,1.3250000476837158,1256,0.0,0.0,2023-07-12
1107,2023-07-12 15:11:00-04:00,1.3299000263214111,1.3300000429153442,1.3250000476837158,1.3250000476837158,3147,0.0,0.0,2023-07-12
1108,2023-07-12 15:12:00-04:00,1.3200000524520874,1.329699993133545,1.3200000524520874,1.3250000476837158,5197,0.0,0.0,2023-07-12
1109,2023-07-12 15:13:00-04:00,1.3300000429153442,1.3300000429153442,1.3200000524520874,1.3300000429153442,53406,0.0,0.0,2023-07-12
1110,2023-07-12 15:14:00-04:00,1.3300000429153442,1.340000033378601,1.3293999433517456,1.340000033378601,63687,0.0,0.0,2023-07-12
1111,2023-07-12 15:15:00-04:00,1.340000033378601,1.340000033378601,1.3331999778747559,1.3331999778747559,34655,0.0,0.0,2023-07-12
1112,2023-07-12 15:16:00-04:00,1.340000033378601,1.340000033378601,1.3320000171661377,1.3372999429702759,22813,0.0,0.0,2023-07-12
1113,2023-07-12 15:17:00-04:00,1.340000033378601,1.340000033378601,1.3315000534057617,1.340000033378601,7577,0.0,0.0,2023-07-12
1114,2023-07-12 15:18:00-04:00,1.340000033378601,1.3450000286102295,1.3350000381469727,1.340000033378601,189789,0.0,0.0,2023-07-12
1115,2023-07-12 15:19:00-04:00,1.340000033378601,1.340000033378601,1.3350000381469727,1.3350000381469727,6494,0.0,0.0,2023-07-12
1116,2023-07-12 15:20:00-04:00,1.3350000381469727,1.3350000381469727,1.3348000049591064,1.3350000381469727,3539,0.0,0.0,2023-07-12
1117,2023-07-12 15:21:00-04:00,1.3301000595092773,1.3381999731063843,1.3301000595092773,1.3350000381469727,15860,0.0,0.0,2023-07-12
1118,2023-07-12 15:22:00-04:00,1.3350000381469727,1.3398000001907349,1.3300000429153442,1.3300000429153442,20423,0.0,0.0,2023-07-12
1119,2023-07-12 15:23:00-04:00,1.3300000429153442,1.3300000429153442,1.3250000476837158,1.3250000476837158,55983,0.0,0.0,2023-07-12
1120,2023-07-12 15:24:00-04:00,1.3250000476837158,1.3255000114440918,1.3250000476837158,1.3255000114440918,3300,0.0,0.0,2023-07-12
1121,2023-07-12 15:25:00-04:00,1.3200000524520874,1.3285000324249268,1.309999942779541,1.3198000192642212,31239,0.0,0.0,2023-07-12
1122,2023-07-12 15:26:00-04:00,1.315000057220459,1.315000057220459,1.309999942779541,1.309999942779541,1118,0.0,0.0,2023-07-12
1123,2023-07-12 15:27:00-04:00,1.3154000043869019,1.3154000043869019,1.3154000043869019,1.3154000043869019,510,0.0,0.0,2023-07-12
1124,2023-07-12 15:28:00-04:00,1.309999942779541,1.309999942779541,1.309999942779541,1.309999942779541,821,0.0,0.0,2023-07-12
1125,2023-07-12 15:29:00-04:00,1.3100999593734741,1.31850004196167,1.309999942779541,1.31850004196167,8307,0.0,0.0,2023-07-12
1126,2023-07-12 15:30:00-04:00,1.315000057220459,1.315000057220459,1.309999942779541,1.3114999532699585,2124,0.0,0.0,2023-07-12
1127,2023-07-12 15:31:00-04:00,1.309999942779541,1.3152999877929688,1.309999942779541,1.309999942779541,13315,0.0,0.0,2023-07-12
1128,2023-07-12 15:32:00-04:00,1.309999942779541,1.315000057220459,1.309999942779541,1.315000057220459,2902,0.0,0.0,2023-07-12
1129,2023-07-12 15:33:00-04:00,1.309999942779541,1.309999942779541,1.309999942779541,1.309999942779541,2472,0.0,0.0,2023-07-12
1130,2023-07-12 15:34:00-04:00,1.309999942779541,1.31850004196167,1.309999942779541,1.31850004196167,6658,0.0,0.0,2023-07-12
1131,2023-07-12 15:35:00-04:00,1.3152999877929688,1.3200000524520874,1.309999942779541,1.309999942779541,4005,0.0,0.0,2023-07-12
1132,2023-07-12 15:36:00-04:00,1.309999942779541,1.31850004196167,1.309999942779541,1.309999942779541,4529,0.0,0.0,2023-07-12
1133,2023-07-12 15:37:00-04:00,1.309999942779541,1.3131999969482422,1.309999942779541,1.3106000423431396,5388,0.0,0.0,2023-07-12
1134,2023-07-12 15:38:00-04:00,1.309999942779541,1.315000057220459,1.309999942779541,1.312999963760376,3687,0.0,0.0,2023-07-12
1135,2023-07-12 15:39:00-04:00,1.309999942779541,1.309999942779541,1.309999942779541,1.309999942779541,744,0.0,0.0,2023-07-12
1136,2023-07-12 15:40:00-04:00,1.309999942779541,1.3200000524520874,1.309999942779541,1.3200000524520874,6717,0.0,0.0,2023-07-12
1137,2023-07-12 15:41:00-04:00,1.315000057220459,1.315000057220459,1.2999999523162842,1.3040000200271606,108039,0.0,0.0,2023-07-12
1138,2023-07-12 15:42:00-04:00,1.2999999523162842,1.3049999475479126,1.2999999523162842,1.2999999523162842,18256,0.0,0.0,2023-07-12
1139,2023-07-12 15:43:00-04:00,1.3049999475479126,1.3049999475479126,1.2999999523162842,1.3049999475479126,2771,0.0,0.0,2023-07-12
1140,2023-07-12 15:44:00-04:00,1.2999999523162842,1.2999999523162842,1.2999999523162842,1.2999999523162842,2894,0.0,0.0,2023-07-12
1141,2023-07-12 15:45:00-04:00,1.2999999523162842,1.3049999475479126,1.2999999523162842,1.2999999523162842,19647,0.0,0.0,2023-07-12
1142,2023-07-12 15:46:00-04:00,1.2999999523162842,1.3049999475479126,1.2999999523162842,1.3049999475479126,53209,0.0,0.0,2023-07-12
1143,2023-07-12 15:47:00-04:00,1.2999999523162842,1.3049999475479126,1.2999999523162842,1.3049999475479126,34834,0.0,0.0,2023-07-12
1144,2023-07-12 15:48:00-04:00,1.3049999475479126,1.309999942779541,1.2999999523162842,1.2999999523162842,12485,0.0,0.0,2023-07-12
1145,2023-07-12 15:49:00-04:00,1.3049999475479126,1.3049999475479126,1.2999999523162842,1.2999999523162842,3926,0.0,0.0,2023-07-12
1146,2023-07-12 15:50:00-04:00,1.2999999523162842,1.3055000305175781,1.2999999523162842,1.2999999523162842,17765,0.0,0.0,2023-07-12
1147,2023-07-12 15:51:00-04:00,1.2999999523162842,1.3099000453948975,1.2999999523162842,1.3049999475479126,28143,0.0,0.0,2023-07-12
1148,2023-07-12 15:52:00-04:00,1.2999999523162842,1.309999942779541,1.2999999523162842,1.3049999475479126,25805,0.0,0.0,2023-07-12
1149,2023-07-12 15:53:00-04:00,1.3049999475479126,1.3063000440597534,1.2999999523162842,1.3049999475479126,3854,0.0,0.0,2023-07-12
1150,2023-07-12 15:54:00-04:00,1.3049999475479126,1.309999942779541,1.2999999523162842,1.2999999523162842,35965,0.0,0.0,2023-07-12
1151,2023-07-12 15:55:00-04:00,1.3049999475479126,1.3049999475479126,1.2999999523162842,1.2999999523162842,41069,0.0,0.0,2023-07-12
1152,2023-07-12 15:56:00-04:00,1.2999999523162842,1.3049999475479126,1.2899999618530273,1.2899999618530273,94624,0.0,0.0,2023-07-12
1153,2023-07-12 15:57:00-04:00,1.2899999618530273,1.2999999523162842,1.2899999618530273,1.2900999784469604,117674,0.0,0.0,2023-07-12
1154,2023-07-12 15:58:00-04:00,1.2899999618530273,1.2984999418258667,1.2899999618530273,1.2899999618530273,18109,0.0,0.0,2023-07-12
1155,2023-07-12 15:59:00-04:00,1.2949999570846558,1.309999942779541,1.2899999618530273,1.309999942779541,143975,0.0,0.0,2023-07-12
1156,2023-07-13 09:30:00-04:00,1.340000033378601,1.340000033378601,1.3300000429153442,1.3300000429153442,118809,0.0,0.0,2023-07-13
1157,2023-07-13 09:31:00-04:00,1.3300000429153442,1.3350000381469727,1.3250000476837158,1.3350000381469727,4562,0.0,0.0,2023-07-13
1158,2023-07-13 09:32:00-04:00,1.3350000381469727,1.350000023841858,1.3350000381469727,1.3450000286102295,64121,0.0,0.0,2023-07-13
1159,2023-07-13 09:33:00-04:00,1.347599983215332,1.350000023841858,1.340000033378601,1.3450000286102295,116303,0.0,0.0,2023-07-13
1160,2023-07-13 09:34:00-04:00,1.340000033378601,1.3450000286102295,1.3200000524520874,1.3250000476837158,51378,0.0,0.0,2023-07-13
1161,2023-07-13 09:35:00-04:00,1.3200000524520874,1.3300000429153442,1.3200000524520874,1.3200000524520874,32532,0.0,0.0,2023-07-13
1162,2023-07-13 09:36:00-04:00,1.3200000524520874,1.3279999494552612,1.3200000524520874,1.3250000476837158,26650,0.0,0.0,2023-07-13
1163,2023-07-13 09:37:00-04:00,1.3200000524520874,1.3200000524520874,1.3049999475479126,1.3200000524520874,59111,0.0,0.0,2023-07-13
1164,2023-07-13 09:38:00-04:00,1.3200000524520874,1.3200000524520874,1.309999942779541,1.3179999589920044,6401,0.0,0.0,2023-07-13
1165,2023-07-13 09:39:00-04:00,1.315000057220459,1.3199000358581543,1.309999942779541,1.309999942779541,2822,0.0,0.0,2023-07-13
1166,2023-07-13 09:40:00-04:00,1.315000057220459,1.3200000524520874,1.309999942779541,1.3200000524520874,13340,0.0,0.0,2023-07-13
1167,2023-07-13 09:41:00-04:00,1.3200000524520874,1.3279999494552612,1.315000057220459,1.3207999467849731,71151,0.0,0.0,2023-07-13
1168,2023-07-13 09:42:00-04:00,1.3224999904632568,1.3300000429153442,1.3200000524520874,1.3250000476837158,3898,0.0,0.0,2023-07-13
1169,2023-07-13 09:43:00-04:00,1.3299000263214111,1.3300000429153442,1.3214999437332153,1.3300000429153442,4534,0.0,0.0,2023-07-13
1170,2023-07-13 09:44:00-04:00,1.3300000429153442,1.3300000429153442,1.3300000429153442,1.3300000429153442,2643,0.0,0.0,2023-07-13
1171,2023-07-13 09:45:00-04:00,1.3250000476837158,1.3385000228881836,1.3250000476837158,1.3385000228881836,33924,0.0,0.0,2023-07-13
1172,2023-07-13 09:46:00-04:00,1.3315000534057617,1.340000033378601,1.3315000534057617,1.340000033378601,8317,0.0,0.0,2023-07-13
1173,2023-07-13 09:47:00-04:00,1.340000033378601,1.350000023841858,1.340000033378601,1.347100019454956,46050,0.0,0.0,2023-07-13
1174,2023-07-13 09:48:00-04:00,1.3450000286102295,1.350000023841858,1.3450000286102295,1.3496999740600586,37226,0.0,0.0,2023-07-13
1175,2023-07-13 09:49:00-04:00,1.350000023841858,1.350000023841858,1.340000033378601,1.340000033378601,9899,0.0,0.0,2023-07-13
1176,2023-07-13 09:50:00-04:00,1.3499000072479248,1.350000023841858,1.340000033378601,1.340000033378601,15397,0.0,0.0,2023-07-13
1177,2023-07-13 09:51:00-04:00,1.3485000133514404,1.3600000143051147,1.3423000574111938,1.350000023841858,161672,0.0,0.0,2023-07-13
1178,2023-07-13 09:52:00-04:00,1.357699990272522,1.357699990272522,1.340000033378601,1.3451999425888062,12453,0.0,0.0,2023-07-13
1179,2023-07-13 09:53:00-04:00,1.3499000072479248,1.3600000143051147,1.3499000072479248,1.3550000190734863,128439,0.0,0.0,2023-07-13
1180,2023-07-13 09:54:00-04:00,1.3573999404907227,1.3600000143051147,1.3550000190734863,1.3590999841690063,12036,0.0,0.0,2023-07-13
1181,2023-07-13 09:55:00-04:00,1.350000023841858,1.3600000143051147,1.350000023841858,1.357699990272522,24507,0.0,0.0,2023-07-13
1182,2023-07-13 09:56:00-04:00,1.3559000492095947,1.3600000143051147,1.350000023841858,1.3600000143051147,5042,0.0,0.0,2023-07-13
1183,2023-07-13 09:57:00-04:00,1.3550000190734863,1.3550000190734863,1.3550000190734863,1.3550000190734863,5032,0.0,0.0,2023-07-13
1184,2023-07-13 09:58:00-04:00,1.3588000535964966,1.3600000143051147,1.3515000343322754,1.3600000143051147,8538,0.0,0.0,2023-07-13
1185,2023-07-13 09:59:00-04:00,1.3515000343322754,1.3580000400543213,1.350000023841858,1.3550000190734863,3606,0.0,0.0,2023-07-13
1186,2023-07-13 10:00:00-04:00,1.3600000143051147,1.3600000143051147,1.350000023841858,1.3600000143051147,83323,0.0,0.0,2023-07-13
1187,2023-07-13 10:01:00-04:00,1.3530000448226929,1.3600000143051147,1.3530000448226929,1.3550000190734863,8994,0.0,0.0,2023-07-13
1188,2023-07-13 10:02:00-04:00,1.350100040435791,1.3600000143051147,1.350100040435791,1.351699948310852,9354,0.0,0.0,2023-07-13
1189,2023-07-13 10:03:00-04:00,1.3585000038146973,1.3600000143051147,1.3550000190734863,1.3550000190734863,12795,0.0,0.0,2023-07-13
1190,2023-07-13 10:04:00-04:00,1.3550000190734863,1.3600000143051147,1.3550000190734863,1.3550000190734863,5125,0.0,0.0,2023-07-13
1191,2023-07-13 10:05:00-04:00,1.3600000143051147,1.3600000143051147,1.350000023841858,1.3550000190734863,46690,0.0,0.0,2023-07-13
1192,2023-07-13 10:06:00-04:00,1.3504999876022339,1.3600000143051147,1.350000023841858,1.350000023841858,14449,0.0,0.0,2023-07-13
1193,2023-07-13 10:07:00-04:00,1.350100040435791,1.3600000143051147,1.350000023841858,1.3585000038146973,24827,0.0,0.0,2023-07-13
1194,2023-07-13 10:08:00-04:00,1.3550000190734863,1.3550000190734863,1.3550000190734863,1.3550000190734863,376,0.0,0.0,2023-07-13
1195,2023-07-13 10:09:00-04:00,1.350100040435791,1.3585000038146973,1.350000023841858,1.3585000038146973,2007,0.0,0.0,2023-07-13
1196,2023-07-13 10:10:00-04:00,1.3550000190734863,1.358299970626831,1.350000023841858,1.350000023841858,5739,0.0,0.0,2023-07-13
1197,2023-07-13 10:11:00-04:00,1.3600000143051147,1.3600000143051147,1.350000023841858,1.350100040435791,15542,0.0,0.0,2023-07-13
1198,2023-07-13 10:12:00-04:00,1.357800006866455,1.3700000047683716,1.357800006866455,1.3626999855041504,214805,0.0,0.0,2023-07-13
1199,2023-07-13 10:13:00-04:00,1.3650000095367432,1.3700000047683716,1.3600000143051147,1.3650000095367432,16834,0.0,0.0,2023-07-13
1200,2023-07-13 10:14:00-04:00,1.3650000095367432,1.3700000047683716,1.3601000308990479,1.3700000047683716,16257,0.0,0.0,2023-07-13
1201,2023-07-13 10:15:00-04:00,1.3650000095367432,1.3700000047683716,1.3650000095367432,1.3650000095367432,2073,0.0,0.0,2023-07-13
1202,2023-07-13 10:16:00-04:00,1.3650000095367432,1.3700000047683716,1.3600000143051147,1.3650000095367432,42096,0.0,0.0,2023-07-13
1203,2023-07-13 10:17:00-04:00,1.3650000095367432,1.36899995803833,1.3509000539779663,1.3550000190734863,23082,0.0,0.0,2023-07-13
1204,2023-07-13 10:18:00-04:00,1.3598999977111816,1.3598999977111816,1.3502000570297241,1.3502000570297241,3671,0.0,0.0,2023-07-13
1205,2023-07-13 10:19:00-04:00,1.3550000190734863,1.3600000143051147,1.350100040435791,1.3600000143051147,1405,0.0,0.0,2023-07-13
1206,2023-07-13 10:20:00-04:00,1.3585000038146973,1.3585000038146973,1.3550000190734863,1.3550000190734863,6570,0.0,0.0,2023-07-13
1207,2023-07-13 10:21:00-04:00,1.3550000190734863,1.3573999404907227,1.350100040435791,1.3550000190734863,12988,0.0,0.0,2023-07-13
1208,2023-07-13 10:22:00-04:00,1.350000023841858,1.3600000143051147,1.350000023841858,1.350000023841858,42953,0.0,0.0,2023-07-13
1209,2023-07-13 10:23:00-04:00,1.350000023841858,1.3600000143051147,1.350000023841858,1.357100009918213,3534,0.0,0.0,2023-07-13
1210,2023-07-13 10:24:00-04:00,1.3598999977111816,1.3600000143051147,1.3550000190734863,1.3600000143051147,2456,0.0,0.0,2023-07-13
1211,2023-07-13 10:25:00-04:00,1.3550000190734863,1.3550000190734863,1.3550000190734863,1.3550000190734863,5002,0.0,0.0,2023-07-13
1212,2023-07-13 10:26:00-04:00,1.3550000190734863,1.357699990272522,1.350000023841858,1.350000023841858,1888,0.0,0.0,2023-07-13
1213,2023-07-13 10:27:00-04:00,1.350000023841858,1.3515000343322754,1.3450000286102295,1.3450000286102295,22174,0.0,0.0,2023-07-13
1214,2023-07-13 10:28:00-04:00,1.3490999937057495,1.3490999937057495,1.3401000499725342,1.3415000438690186,7113,0.0,0.0,2023-07-13
1215,2023-07-13 10:29:00-04:00,1.3450000286102295,1.3489999771118164,1.340000033378601,1.3450000286102295,2256,0.0,0.0,2023-07-13
1216,2023-07-13 10:30:00-04:00,1.3461999893188477,1.350000023841858,1.340000033378601,1.350000023841858,1950,0.0,0.0,2023-07-13
1217,2023-07-13 10:31:00-04:00,1.3415000438690186,1.3415000438690186,1.340000033378601,1.3415000438690186,8079,0.0,0.0,2023-07-13
1218,2023-07-13 10:32:00-04:00,1.3450000286102295,1.350000023841858,1.3450000286102295,1.3482999801635742,4913,0.0,0.0,2023-07-13
1219,2023-07-13 10:33:00-04:00,1.3468999862670898,1.3468999862670898,1.3450000286102295,1.3450000286102295,284,0.0,0.0,2023-07-13
1220,2023-07-13 10:34:00-04:00,1.350000023841858,1.350000023841858,1.350000023841858,1.350000023841858,551,0.0,0.0,2023-07-13
1221,2023-07-13 10:35:00-04:00,1.350000023841858,1.350000023841858,1.3463000059127808,1.350000023841858,4649,0.0,0.0,2023-07-13
1222,2023-07-13 10:36:00-04:00,1.340000033378601,1.350000023841858,1.340000033378601,1.3450000286102295,7496,0.0,0.0,2023-07-13
1223,2023-07-13 10:37:00-04:00,1.350000023841858,1.350000023841858,1.3450000286102295,1.3473000526428223,24065,0.0,0.0,2023-07-13
1224,2023-07-13 10:38:00-04:00,1.347499966621399,1.350000023841858,1.3401000499725342,1.3450000286102295,22593,0.0,0.0,2023-07-13
1225,2023-07-13 10:39:00-04:00,1.3450000286102295,1.350000023841858,1.3450000286102295,1.3450000286102295,4294,0.0,0.0,2023-07-13
1226,2023-07-13 10:40:00-04:00,1.350000023841858,1.350000023841858,1.340000033378601,1.3401000499725342,67431,0.0,0.0,2023-07-13
1227,2023-07-13 10:41:00-04:00,1.3450000286102295,1.350000023841858,1.340399980545044,1.3450000286102295,22623,0.0,0.0,2023-07-13
1228,2023-07-13 10:42:00-04:00,1.350000023841858,1.350000023841858,1.3415000438690186,1.350000023841858,3263,0.0,0.0,2023-07-13
1229,2023-07-13 10:43:00-04:00,1.350000023841858,1.350000023841858,1.3450000286102295,1.3450000286102295,10168,0.0,0.0,2023-07-13
1230,2023-07-13 10:44:00-04:00,1.3436000347137451,1.350000023841858,1.3436000347137451,1.3450000286102295,4419,0.0,0.0,2023-07-13
1231,2023-07-13 10:45:00-04:00,1.3450000286102295,1.350000023841858,1.3450000286102295,1.350000023841858,1502,0.0,0.0,2023-07-13
1232,2023-07-13 10:46:00-04:00,1.350000023841858,1.3550000190734863,1.350000023841858,1.3550000190734863,36451,0.0,0.0,2023-07-13
1233,2023-07-13 10:47:00-04:00,1.3550000190734863,1.3585000038146973,1.3550000190734863,1.3550000190734863,3435,0.0,0.0,2023-07-13
1234,2023-07-13 10:48:00-04:00,1.3550000190734863,1.3600000143051147,1.3519999980926514,1.3550000190734863,3178,0.0,0.0,2023-07-13
1235,2023-07-13 10:49:00-04:00,1.3550000190734863,1.3598999977111816,1.350000023841858,1.3550000190734863,5701,0.0,0.0,2023-07-13
1236,2023-07-13 10:50:00-04:00,1.3550000190734863,1.3550000190734863,1.350000023841858,1.3550000190734863,3469,0.0,0.0,2023-07-13
1237,2023-07-13 10:51:00-04:00,1.3600000143051147,1.3600000143051147,1.3502000570297241,1.3579000234603882,2738,0.0,0.0,2023-07-13
1238,2023-07-13 10:52:00-04:00,1.3550000190734863,1.3600000143051147,1.350100040435791,1.3550000190734863,3688,0.0,0.0,2023-07-13
1239,2023-07-13 10:53:00-04:00,1.3550000190734863,1.3550000190734863,1.350100040435791,1.350100040435791,2605,0.0,0.0,2023-07-13
1240,2023-07-13 10:54:00-04:00,1.3550000190734863,1.3598999977111816,1.350000023841858,1.3550000190734863,4465,0.0,0.0,2023-07-13
1241,2023-07-13 10:55:00-04:00,1.3550000190734863,1.3550000190734863,1.3550000190734863,1.3550000190734863,1286,0.0,0.0,2023-07-13
1242,2023-07-13 10:56:00-04:00,1.3574999570846558,1.3574999570846558,1.3515000343322754,1.3515000343322754,655,0.0,0.0,2023-07-13
1243,2023-07-13 10:57:00-04:00,1.3550000190734863,1.3600000143051147,1.3550000190734863,1.3550000190734863,1440,0.0,0.0,2023-07-13
1244,2023-07-13 10:58:00-04:00,1.3550000190734863,1.3600000143051147,1.3515000343322754,1.3550000190734863,11086,0.0,0.0,2023-07-13
1245,2023-07-13 10:59:00-04:00,1.3585000038146973,1.3600000143051147,1.3502999544143677,1.3600000143051147,2961,0.0,0.0,2023-07-13
1246,2023-07-13 11:00:00-04:00,1.3600000143051147,1.3600000143051147,1.3595000505447388,1.3595000505447388,13000,0.0,0.0,2023-07-13
1247,2023-07-13 11:01:00-04:00,1.3600000143051147,1.3600000143051147,1.3515000343322754,1.3515000343322754,10802,0.0,0.0,2023-07-13
1248,2023-07-13 11:02:00-04:00,1.3600000143051147,1.3600000143051147,1.3583999872207642,1.3600000143051147,2053,0.0,0.0,2023-07-13
1249,2023-07-13 11:03:00-04:00,1.3600000143051147,1.3600000143051147,1.357100009918213,1.3600000143051147,3293,0.0,0.0,2023-07-13
1250,2023-07-13 11:04:00-04:00,1.3600000143051147,1.3600000143051147,1.350000023841858,1.350000023841858,18329,0.0,0.0,2023-07-13
1251,2023-07-13 11:05:00-04:00,1.3600000143051147,1.3600000143051147,1.3515000343322754,1.3515000343322754,1200,0.0,0.0,2023-07-13
1252,2023-07-13 11:06:00-04:00,1.3573999404907227,1.3573999404907227,1.3550000190734863,1.3573999404907227,14906,0.0,0.0,2023-07-13
1253,2023-07-13 11:07:00-04:00,1.3600000143051147,1.3600000143051147,1.350000023841858,1.350000023841858,18147,0.0,0.0,2023-07-13
1254,2023-07-13 11:08:00-04:00,1.350100040435791,1.3525999784469604,1.350100040435791,1.3525999784469604,1615,0.0,0.0,2023-07-13
1255,2023-07-13 11:09:00-04:00,1.3535000085830688,1.3598999977111816,1.350000023841858,1.3581000566482544,5417,0.0,0.0,2023-07-13
1256,2023-07-13 11:10:00-04:00,1.3598999977111816,1.3598999977111816,1.3521000146865845,1.3521000146865845,1983,0.0,0.0,2023-07-13
1257,2023-07-13 11:11:00-04:00,1.3550000190734863,1.3598999977111816,1.3450000286102295,1.350000023841858,23788,0.0,0.0,2023-07-13
1258,2023-07-13 11:13:00-04:00,1.340000033378601,1.340000033378601,1.3350000381469727,1.3350000381469727,16841,0.0,0.0,2023-07-13
1259,2023-07-13 11:14:00-04:00,1.3300000429153442,1.340000033378601,1.3300000429153442,1.3301000595092773,7941,0.0,0.0,2023-07-13
1260,2023-07-13 11:15:00-04:00,1.3350000381469727,1.340000033378601,1.3344999551773071,1.339900016784668,41901,0.0,0.0,2023-07-13
1261,2023-07-13 11:16:00-04:00,1.3350000381469727,1.340000033378601,1.3350000381469727,1.3350000381469727,3478,0.0,0.0,2023-07-13
1262,2023-07-13 11:17:00-04:00,1.3350000381469727,1.3350000381469727,1.3300000429153442,1.3300000429153442,682,0.0,0.0,2023-07-13
1263,2023-07-13 11:18:00-04:00,1.3300000429153442,1.3350000381469727,1.3300000429153442,1.3329999446868896,8962,0.0,0.0,2023-07-13
1264,2023-07-13 11:19:00-04:00,1.3350000381469727,1.340000033378601,1.3350000381469727,1.340000033378601,1410,0.0,0.0,2023-07-13
1265,2023-07-13 11:20:00-04:00,1.340000033378601,1.340000033378601,1.3379000425338745,1.340000033378601,30501,0.0,0.0,2023-07-13
1266,2023-07-13 11:21:00-04:00,1.340000033378601,1.350000023841858,1.340000033378601,1.350000023841858,43128,0.0,0.0,2023-07-13
1267,2023-07-13 11:22:00-04:00,1.3450000286102295,1.347100019454956,1.340000033378601,1.3450000286102295,11473,0.0,0.0,2023-07-13
1268,2023-07-13 11:23:00-04:00,1.342900037765503,1.3450000286102295,1.340000033378601,1.3450000286102295,1718,0.0,0.0,2023-07-13
1269,2023-07-13 11:24:00-04:00,1.340000033378601,1.3450000286102295,1.3330999612808228,1.3350000381469727,9413,0.0,0.0,2023-07-13
1270,2023-07-13 11:25:00-04:00,1.3366999626159668,1.339900016784668,1.3350000381469727,1.339900016784668,1044,0.0,0.0,2023-07-13
1271,2023-07-13 11:26:00-04:00,1.3350000381469727,1.3350000381469727,1.3350000381469727,1.3350000381469727,1875,0.0,0.0,2023-07-13
1272,2023-07-13 11:27:00-04:00,1.3350000381469727,1.3350000381469727,1.3301000595092773,1.3350000381469727,13984,0.0,0.0,2023-07-13
1273,2023-07-13 11:28:00-04:00,1.3350000381469727,1.340000033378601,1.332800030708313,1.332800030708313,5695,0.0,0.0,2023-07-13
1274,2023-07-13 11:29:00-04:00,1.3300000429153442,1.340000033378601,1.3300000429153442,1.340000033378601,12853,0.0,0.0,2023-07-13
1275,2023-07-13 11:30:00-04:00,1.340000033378601,1.340000033378601,1.3310999870300293,1.340000033378601,7451,0.0,0.0,2023-07-13
1276,2023-07-13 11:31:00-04:00,1.340000033378601,1.340000033378601,1.3381999731063843,1.339900016784668,23859,0.0,0.0,2023-07-13
1277,2023-07-13 11:32:00-04:00,1.339900016784668,1.339900016784668,1.339900016784668,1.339900016784668,4086,0.0,0.0,2023-07-13
1278,2023-07-13 11:33:00-04:00,1.339900016784668,1.340000033378601,1.3344000577926636,1.3350000381469727,9162,0.0,0.0,2023-07-13
1279,2023-07-13 11:34:00-04:00,1.3394999504089355,1.340000033378601,1.3394999504089355,1.340000033378601,2112,0.0,0.0,2023-07-13
1280,2023-07-13 11:35:00-04:00,1.3315000534057617,1.339900016784668,1.3300000429153442,1.339900016784668,4485,0.0,0.0,2023-07-13
1281,2023-07-13 11:36:00-04:00,1.3396999835968018,1.339900016784668,1.3396999835968018,1.339900016784668,11957,0.0,0.0,2023-07-13
1282,2023-07-13 11:37:00-04:00,1.3380000591278076,1.3380000591278076,1.3361999988555908,1.3361999988555908,249,0.0,0.0,2023-07-13
1283,2023-07-13 11:38:00-04:00,1.340000033378601,1.340000033378601,1.3396999835968018,1.3396999835968018,337,0.0,0.0,2023-07-13
1284,2023-07-13 11:39:00-04:00,1.340000033378601,1.340000033378601,1.3350000381469727,1.340000033378601,10673,0.0,0.0,2023-07-13
1285,2023-07-13 11:40:00-04:00,1.3350000381469727,1.340000033378601,1.3300000429153442,1.3350000381469727,4261,0.0,0.0,2023-07-13
1286,2023-07-13 11:41:00-04:00,1.3350000381469727,1.3350000381469727,1.3350000381469727,1.3350000381469727,2986,0.0,0.0,2023-07-13
1287,2023-07-13 11:42:00-04:00,1.3393000364303589,1.339900016784668,1.3300000429153442,1.332900047302246,13606,0.0,0.0,2023-07-13
1288,2023-07-13 11:43:00-04:00,1.3350000381469727,1.340000033378601,1.3300000429153442,1.340000033378601,14836,0.0,0.0,2023-07-13
1289,2023-07-13 11:45:00-04:00,1.3350000381469727,1.340000033378601,1.3350000381469727,1.3388999700546265,4723,0.0,0.0,2023-07-13
1290,2023-07-13 11:46:00-04:00,1.3380000591278076,1.340000033378601,1.3350000381469727,1.3350000381469727,2363,0.0,0.0,2023-07-13
1291,2023-07-13 11:47:00-04:00,1.3350000381469727,1.340000033378601,1.3300000429153442,1.3350000381469727,12300,0.0,0.0,2023-07-13
1292,2023-07-13 11:48:00-04:00,1.3350000381469727,1.3350000381469727,1.3300000429153442,1.3350000381469727,3999,0.0,0.0,2023-07-13
1293,2023-07-13 11:49:00-04:00,1.3350000381469727,1.3350000381469727,1.320099949836731,1.320099949836731,46860,0.0,0.0,2023-07-13
1294,2023-07-13 11:50:00-04:00,1.3207000494003296,1.3285000324249268,1.3200000524520874,1.3250000476837158,10658,0.0,0.0,2023-07-13
1295,2023-07-13 11:51:00-04:00,1.3285000324249268,1.3300000429153442,1.3200000524520874,1.3274999856948853,6389,0.0,0.0,2023-07-13
1296,2023-07-13 11:52:00-04:00,1.3200000524520874,1.3214999437332153,1.3200000524520874,1.3214999437332153,1219,0.0,0.0,2023-07-13
1297,2023-07-13 11:53:00-04:00,1.3259999752044678,1.3259999752044678,1.3259999752044678,1.3259999752044678,197,0.0,0.0,2023-07-13
1298,2023-07-13 11:54:00-04:00,1.3200000524520874,1.3277000188827515,1.3200000524520874,1.3277000188827515,908,0.0,0.0,2023-07-13
1299,2023-07-13 11:55:00-04:00,1.3300000429153442,1.3300000429153442,1.3299000263214111,1.3299000263214111,298,0.0,0.0,2023-07-13
1300,2023-07-13 11:56:00-04:00,1.3250000476837158,1.3250000476837158,1.3214999437332153,1.3214999437332153,604,0.0,0.0,2023-07-13
1301,2023-07-13 11:57:00-04:00,1.3250000476837158,1.3250000476837158,1.3212000131607056,1.3212000131607056,4403,0.0,0.0,2023-07-13
1302,2023-07-13 11:58:00-04:00,1.3250000476837158,1.3250000476837158,1.320199966430664,1.320199966430664,1883,0.0,0.0,2023-07-13
1303,2023-07-13 11:59:00-04:00,1.3200000524520874,1.3300000429153442,1.3200000524520874,1.320099949836731,5446,0.0,0.0,2023-07-13
1304,2023-07-13 12:00:00-04:00,1.3250000476837158,1.3250000476837158,1.3200000524520874,1.3250000476837158,2350,0.0,0.0,2023-07-13
1305,2023-07-13 12:01:00-04:00,1.3250000476837158,1.3250000476837158,1.3100999593734741,1.315000057220459,93395,0.0,0.0,2023-07-13
1306,2023-07-13 12:02:00-04:00,1.315000057220459,1.315000057220459,1.309999942779541,1.309999942779541,33018,0.0,0.0,2023-07-13
1307,2023-07-13 12:03:00-04:00,1.309999942779541,1.3200000524520874,1.309999942779541,1.315000057220459,65271,0.0,0.0,2023-07-13
1308,2023-07-13 12:04:00-04:00,1.315000057220459,1.3200000524520874,1.3113000392913818,1.3118000030517578,3077,0.0,0.0,2023-07-13
1309,2023-07-13 12:05:00-04:00,1.3200000524520874,1.3200000524520874,1.315000057220459,1.3200000524520874,11562,0.0,0.0,2023-07-13
1310,2023-07-13 12:06:00-04:00,1.3178999423980713,1.3178999423980713,1.315000057220459,1.315000057220459,802,0.0,0.0,2023-07-13
1311,2023-07-13 12:07:00-04:00,1.315000057220459,1.3200000524520874,1.315000057220459,1.3198000192642212,5082,0.0,0.0,2023-07-13
1312,2023-07-13 12:08:00-04:00,1.3200000524520874,1.3200000524520874,1.3200000524520874,1.3200000524520874,104,0.0,0.0,2023-07-13
1313,2023-07-13 12:09:00-04:00,1.3172999620437622,1.3200000524520874,1.315000057220459,1.315000057220459,1129,0.0,0.0,2023-07-13
1314,2023-07-13 12:10:00-04:00,1.3173999786376953,1.3200000524520874,1.3172999620437622,1.3200000524520874,4485,0.0,0.0,2023-07-13
1315,2023-07-13 12:11:00-04:00,1.315000057220459,1.3200000524520874,1.315000057220459,1.315000057220459,1442,0.0,0.0,2023-07-13
1316,2023-07-13 12:12:00-04:00,1.3114999532699585,1.3200000524520874,1.3100999593734741,1.315000057220459,7485,0.0,0.0,2023-07-13
1317,2023-07-13 12:13:00-04:00,1.312600016593933,1.3200000524520874,1.312600016593933,1.3200000524520874,2025,0.0,0.0,2023-07-13
1318,2023-07-13 12:14:00-04:00,1.315000057220459,1.3200000524520874,1.309999942779541,1.3200000524520874,9246,0.0,0.0,2023-07-13
1319,2023-07-13 12:15:00-04:00,1.3200000524520874,1.3200000524520874,1.3200000524520874,1.3200000524520874,1331,0.0,0.0,2023-07-13
1320,2023-07-13 12:16:00-04:00,1.3101999759674072,1.3101999759674072,1.3101999759674072,1.3101999759674072,100095,0.0,0.0,2023-07-13
1321,2023-07-13 12:17:00-04:00,1.315000057220459,1.3200000524520874,1.315000057220459,1.31850004196167,11296,0.0,0.0,2023-07-13
1322,2023-07-13 12:18:00-04:00,1.315000057220459,1.3200000524520874,1.315000057220459,1.319100022315979,3331,0.0,0.0,2023-07-13
1323,2023-07-13 12:19:00-04:00,1.3200000524520874,1.3200000524520874,1.3140000104904175,1.3200000524520874,2984,0.0,0.0,2023-07-13
1324,2023-07-13 12:20:00-04:00,1.31850004196167,1.3200000524520874,1.3172999620437622,1.3200000524520874,2491,0.0,0.0,2023-07-13
1325,2023-07-13 12:21:00-04:00,1.315000057220459,1.3200000524520874,1.315000057220459,1.3200000524520874,600,0.0,0.0,2023-07-13
1326,2023-07-13 12:22:00-04:00,1.3166999816894531,1.3200000524520874,1.309999942779541,1.3200000524520874,26859,0.0,0.0,2023-07-13
1327,2023-07-13 12:23:00-04:00,1.3178000450134277,1.3200000524520874,1.3113000392913818,1.3113000392913818,7447,0.0,0.0,2023-07-13
1328,2023-07-13 12:24:00-04:00,1.315000057220459,1.315000057220459,1.315000057220459,1.315000057220459,1405,0.0,0.0,2023-07-13
1329,2023-07-13 12:25:00-04:00,1.315000057220459,1.3200000524520874,1.315000057220459,1.315000057220459,1634,0.0,0.0,2023-07-13
1330,2023-07-13 12:26:00-04:00,1.3200000524520874,1.3200000524520874,1.309999942779541,1.3200000524520874,1650,0.0,0.0,2023-07-13
1331,2023-07-13 12:27:00-04:00,1.3181999921798706,1.3200000524520874,1.3181999921798706,1.3200000524520874,15165,0.0,0.0,2023-07-13
1332,2023-07-13 12:28:00-04:00,1.3200000524520874,1.3250000476837158,1.309999942779541,1.3199000358581543,142715,0.0,0.0,2023-07-13
1333,2023-07-13 12:30:00-04:00,1.315000057220459,1.3200000524520874,1.309999942779541,1.3200000524520874,5373,0.0,0.0,2023-07-13
1334,2023-07-13 12:31:00-04:00,1.319000005722046,1.319000005722046,1.315000057220459,1.315000057220459,20794,0.0,0.0,2023-07-13
1335,2023-07-13 12:32:00-04:00,1.315000057220459,1.315000057220459,1.315000057220459,1.315000057220459,205,0.0,0.0,2023-07-13
1336,2023-07-13 12:33:00-04:00,1.315000057220459,1.315000057220459,1.315000057220459,1.315000057220459,1280,0.0,0.0,2023-07-13
1337,2023-07-13 12:34:00-04:00,1.3104000091552734,1.315000057220459,1.309999942779541,1.315000057220459,3900,0.0,0.0,2023-07-13
1338,2023-07-13 12:35:00-04:00,1.315000057220459,1.3200000524520874,1.309999942779541,1.315000057220459,11728,0.0,0.0,2023-07-13
1339,2023-07-13 12:36:00-04:00,1.3118000030517578,1.3200000524520874,1.309999942779541,1.3200000524520874,5576,0.0,0.0,2023-07-13
1340,2023-07-13 12:37:00-04:00,1.3184000253677368,1.3200000524520874,1.3148000240325928,1.3183000087738037,24262,0.0,0.0,2023-07-13
1341,2023-07-13 12:38:00-04:00,1.309999942779541,1.3200000524520874,1.309999942779541,1.3200000524520874,25190,0.0,0.0,2023-07-13
1342,2023-07-13 12:39:00-04:00,1.3200000524520874,1.3200000524520874,1.3194999694824219,1.3194999694824219,6297,0.0,0.0,2023-07-13
1343,2023-07-13 12:40:00-04:00,1.3186999559402466,1.3200000524520874,1.3172999620437622,1.3194999694824219,22269,0.0,0.0,2023-07-13
1344,2023-07-13 12:41:00-04:00,1.31850004196167,1.3199000358581543,1.31850004196167,1.3199000358581543,20384,0.0,0.0,2023-07-13
1345,2023-07-13 12:42:00-04:00,1.3128000497817993,1.3194999694824219,1.309999942779541,1.3194999694824219,1579,0.0,0.0,2023-07-13
1346,2023-07-13 12:43:00-04:00,1.315000057220459,1.3200000524520874,1.315000057220459,1.3200000524520874,24144,0.0,0.0,2023-07-13
1347,2023-07-13 12:45:00-04:00,1.3179999589920044,1.3200000524520874,1.3172999620437622,1.3199000358581543,11600,0.0,0.0,2023-07-13
1348,2023-07-13 12:46:00-04:00,1.3200000524520874,1.3200000524520874,1.309999942779541,1.3200000524520874,2793,0.0,0.0,2023-07-13
1349,2023-07-13 12:47:00-04:00,1.3200000524520874,1.3200000524520874,1.3142999410629272,1.3157000541687012,2948,0.0,0.0,2023-07-13
1350,2023-07-13 12:48:00-04:00,1.315000057220459,1.315000057220459,1.315000057220459,1.315000057220459,738,0.0,0.0,2023-07-13
1351,2023-07-13 12:49:00-04:00,1.3200000524520874,1.3250000476837158,1.31850004196167,1.3250000476837158,37316,0.0,0.0,2023-07-13
1352,2023-07-13 12:50:00-04:00,1.320099949836731,1.3300000429153442,1.3200000524520874,1.3300000429153442,18932,0.0,0.0,2023-07-13
1353,2023-07-13 12:52:00-04:00,1.3250000476837158,1.3300000429153442,1.3250000476837158,1.3250000476837158,3671,0.0,0.0,2023-07-13
1354,2023-07-13 12:53:00-04:00,1.3200000524520874,1.3250000476837158,1.3200000524520874,1.3250000476837158,1419,0.0,0.0,2023-07-13
1355,2023-07-13 12:54:00-04:00,1.3250000476837158,1.3300000429153442,1.3200000524520874,1.3286999464035034,8537,0.0,0.0,2023-07-13
1356,2023-07-13 12:55:00-04:00,1.3200000524520874,1.3285000324249268,1.3200000524520874,1.3200000524520874,740,0.0,0.0,2023-07-13
1357,2023-07-13 12:56:00-04:00,1.3200000524520874,1.3200000524520874,1.315000057220459,1.3200000524520874,56452,0.0,0.0,2023-07-13
1358,2023-07-13 12:57:00-04:00,1.319700002670288,1.319700002670288,1.319700002670288,1.319700002670288,121,0.0,0.0,2023-07-13
1359,2023-07-13 12:58:00-04:00,1.3199000358581543,1.3199000358581543,1.315000057220459,1.3199000358581543,13708,0.0,0.0,2023-07-13
1360,2023-07-13 12:59:00-04:00,1.3200000524520874,1.3200000524520874,1.3200000524520874,1.3200000524520874,234,0.0,0.0,2023-07-13
1361,2023-07-13 13:00:00-04:00,1.319000005722046,1.3250000476837158,1.319000005722046,1.3250000476837158,29827,0.0,0.0,2023-07-13
1362,2023-07-13 13:01:00-04:00,1.3250000476837158,1.3285000324249268,1.3250000476837158,1.3285000324249268,1815,0.0,0.0,2023-07-13
1363,2023-07-13 13:02:00-04:00,1.3258999586105347,1.3300000429153442,1.3258999586105347,1.3300000429153442,2223,0.0,0.0,2023-07-13
1364,2023-07-13 13:04:00-04:00,1.3279999494552612,1.3300000429153442,1.3279999494552612,1.3294999599456787,5761,0.0,0.0,2023-07-13
1365,2023-07-13 13:06:00-04:00,1.3200000524520874,1.3285000324249268,1.3200000524520874,1.3209999799728394,2229,0.0,0.0,2023-07-13
1366,2023-07-13 13:07:00-04:00,1.3300000429153442,1.3300000429153442,1.3295999765396118,1.3295999765396118,2189,0.0,0.0,2023-07-13
1367,2023-07-13 13:08:00-04:00,1.3250000476837158,1.3279999494552612,1.3250000476837158,1.3250000476837158,3438,0.0,0.0,2023-07-13
1368,2023-07-13 13:09:00-04:00,1.3250000476837158,1.3300000429153442,1.3200000524520874,1.3300000429153442,8478,0.0,0.0,2023-07-13
1369,2023-07-13 13:10:00-04:00,1.3250000476837158,1.3300000429153442,1.3200000524520874,1.3207000494003296,19583,0.0,0.0,2023-07-13
1370,2023-07-13 13:11:00-04:00,1.3200000524520874,1.3250000476837158,1.309999942779541,1.315000057220459,51074,0.0,0.0,2023-07-13
1371,2023-07-13 13:12:00-04:00,1.315000057220459,1.3200000524520874,1.315000057220459,1.3193999528884888,3789,0.0,0.0,2023-07-13
1372,2023-07-13 13:13:00-04:00,1.3199000358581543,1.3199000358581543,1.309999942779541,1.3194999694824219,3559,0.0,0.0,2023-07-13
1373,2023-07-13 13:14:00-04:00,1.315000057220459,1.315000057220459,1.315000057220459,1.315000057220459,1517,0.0,0.0,2023-07-13
1374,2023-07-13 13:15:00-04:00,1.3200000524520874,1.3200000524520874,1.3200000524520874,1.3200000524520874,711,0.0,0.0,2023-07-13
1375,2023-07-13 13:16:00-04:00,1.315000057220459,1.3200000524520874,1.315000057220459,1.3200000524520874,701,0.0,0.0,2023-07-13
1376,2023-07-13 13:17:00-04:00,1.309999942779541,1.309999942779541,1.309999942779541,1.309999942779541,727,0.0,0.0,2023-07-13
1377,2023-07-13 13:18:00-04:00,1.31850004196167,1.31850004196167,1.315000057220459,1.315000057220459,269,0.0,0.0,2023-07-13
1378,2023-07-13 13:19:00-04:00,1.3179999589920044,1.3200000524520874,1.315000057220459,1.3200000524520874,2150,0.0,0.0,2023-07-13
1379,2023-07-13 13:21:00-04:00,1.309999942779541,1.319599986076355,1.309999942779541,1.319599986076355,1379,0.0,0.0,2023-07-13
1380,2023-07-13 13:22:00-04:00,1.3200000524520874,1.3200000524520874,1.315000057220459,1.315000057220459,327,0.0,0.0,2023-07-13
1381,2023-07-13 13:23:00-04:00,1.315000057220459,1.3200000524520874,1.315000057220459,1.3200000524520874,35443,0.0,0.0,2023-07-13
1382,2023-07-13 13:24:00-04:00,1.3200000524520874,1.3200000524520874,1.319599986076355,1.319599986076355,26199,0.0,0.0,2023-07-13
1383,2023-07-13 13:25:00-04:00,1.319599986076355,1.3200000524520874,1.309999942779541,1.3200000524520874,24906,0.0,0.0,2023-07-13
1384,2023-07-13 13:26:00-04:00,1.319700002670288,1.3200000524520874,1.315000057220459,1.3200000524520874,2392,0.0,0.0,2023-07-13
1385,2023-07-13 13:27:00-04:00,1.319100022315979,1.319100022315979,1.319100022315979,1.319100022315979,1072,0.0,0.0,2023-07-13
1386,2023-07-13 13:28:00-04:00,1.3200000524520874,1.3200000524520874,1.315000057220459,1.3200000524520874,2887,0.0,0.0,2023-07-13
1387,2023-07-13 13:29:00-04:00,1.3200000524520874,1.3200000524520874,1.315000057220459,1.3200000524520874,36957,0.0,0.0,2023-07-13
1388,2023-07-13 13:30:00-04:00,1.3200000524520874,1.3200000524520874,1.319599986076355,1.319599986076355,389,0.0,0.0,2023-07-13
1389,2023-07-13 13:31:00-04:00,1.3200000524520874,1.3200000524520874,1.3100999593734741,1.315000057220459,1104,0.0,0.0,2023-07-13
1390,2023-07-13 13:32:00-04:00,1.3200000524520874,1.3200000524520874,1.3188999891281128,1.3188999891281128,9084,0.0,0.0,2023-07-13
1391,2023-07-13 13:33:00-04:00,1.3200000524520874,1.3200000524520874,1.309999942779541,1.3193999528884888,1299,0.0,0.0,2023-07-13
1392,2023-07-13 13:34:00-04:00,1.3176000118255615,1.3200000524520874,1.3176000118255615,1.3199000358581543,28922,0.0,0.0,2023-07-13
1393,2023-07-13 13:35:00-04:00,1.3200000524520874,1.3200000524520874,1.315000057220459,1.315000057220459,1366,0.0,0.0,2023-07-13
1394,2023-07-13 13:36:00-04:00,1.3200000524520874,1.3200000524520874,1.309999942779541,1.3200000524520874,306,0.0,0.0,2023-07-13
1395,2023-07-13 13:37:00-04:00,1.309999942779541,1.31850004196167,1.309999942779541,1.31850004196167,1925,0.0,0.0,2023-07-13
1396,2023-07-13 13:38:00-04:00,1.309999942779541,1.309999942779541,1.309999942779541,1.309999942779541,238,0.0,0.0,2023-07-13
1397,2023-07-13 13:39:00-04:00,1.3200000524520874,1.3200000524520874,1.3200000524520874,1.3200000524520874,815,0.0,0.0,2023-07-13
1398,2023-07-13 13:40:00-04:00,1.3200000524520874,1.3200000524520874,1.309999942779541,1.309999942779541,4864,0.0,0.0,2023-07-13
1399,2023-07-13 13:41:00-04:00,1.3200000524520874,1.3200000524520874,1.3200000524520874,1.3200000524520874,121,0.0,0.0,2023-07-13
1400,2023-07-13 13:42:00-04:00,1.315000057220459,1.3193000555038452,1.315000057220459,1.315000057220459,1840,0.0,0.0,2023-07-13
1401,2023-07-13 13:43:00-04:00,1.3100999593734741,1.3200000524520874,1.309999942779541,1.315000057220459,2284,0.0,0.0,2023-07-13
1402,2023-07-13 13:44:00-04:00,1.309999942779541,1.3200000524520874,1.309999942779541,1.3200000524520874,16834,0.0,0.0,2023-07-13
1403,2023-07-13 13:45:00-04:00,1.315000057220459,1.315000057220459,1.315000057220459,1.315000057220459,700,0.0,0.0,2023-07-13
1404,2023-07-13 13:46:00-04:00,1.3200000524520874,1.3200000524520874,1.3200000524520874,1.3200000524520874,1275,0.0,0.0,2023-07-13
1405,2023-07-13 13:47:00-04:00,1.3200000524520874,1.3200000524520874,1.3199000358581543,1.3200000524520874,1708,0.0,0.0,2023-07-13
1406,2023-07-13 13:48:00-04:00,1.3200000524520874,1.3200000524520874,1.3200000524520874,1.3200000524520874,850,0.0,0.0,2023-07-13
1407,2023-07-13 13:49:00-04:00,1.309999942779541,1.309999942779541,1.309999942779541,1.309999942779541,781,0.0,0.0,2023-07-13
1408,2023-07-13 13:50:00-04:00,1.315000057220459,1.319000005722046,1.315000057220459,1.315000057220459,3841,0.0,0.0,2023-07-13
1409,2023-07-13 13:51:00-04:00,1.3200000524520874,1.3200000524520874,1.3199000358581543,1.3199000358581543,704,0.0,0.0,2023-07-13
1410,2023-07-13 13:52:00-04:00,1.315000057220459,1.3186999559402466,1.309999942779541,1.309999942779541,12621,0.0,0.0,2023-07-13
1411,2023-07-13 13:53:00-04:00,1.315000057220459,1.3200000524520874,1.315000057220459,1.315000057220459,2561,0.0,0.0,2023-07-13
1412,2023-07-13 13:54:00-04:00,1.315000057220459,1.31850004196167,1.309999942779541,1.315000057220459,1734,0.0,0.0,2023-07-13
1413,2023-07-13 13:55:00-04:00,1.315000057220459,1.315000057220459,1.309999942779541,1.315000057220459,9542,0.0,0.0,2023-07-13
1414,2023-07-13 13:56:00-04:00,1.309999942779541,1.3200000524520874,1.309999942779541,1.309999942779541,8454,0.0,0.0,2023-07-13
1415,2023-07-13 13:57:00-04:00,1.315000057220459,1.315000057220459,1.309999942779541,1.315000057220459,2718,0.0,0.0,2023-07-13
1416,2023-07-13 13:58:00-04:00,1.315000057220459,1.315000057220459,1.315000057220459,1.315000057220459,4443,0.0,0.0,2023-07-13
1417,2023-07-13 13:59:00-04:00,1.315000057220459,1.315000057220459,1.315000057220459,1.315000057220459,1447,0.0,0.0,2023-07-13
1418,2023-07-13 14:00:00-04:00,1.3200000524520874,1.3200000524520874,1.309999942779541,1.3200000524520874,20582,0.0,0.0,2023-07-13
1419,2023-07-13 14:01:00-04:00,1.315000057220459,1.315000057220459,1.315000057220459,1.315000057220459,213,0.0,0.0,2023-07-13
1420,2023-07-13 14:02:00-04:00,1.315000057220459,1.315000057220459,1.309999942779541,1.309999942779541,454,0.0,0.0,2023-07-13
1421,2023-07-13 14:03:00-04:00,1.309999942779541,1.315000057220459,1.309999942779541,1.315000057220459,5300,0.0,0.0,2023-07-13
1422,2023-07-13 14:04:00-04:00,1.315000057220459,1.3200000524520874,1.309999942779541,1.31850004196167,5134,0.0,0.0,2023-07-13
1423,2023-07-13 14:05:00-04:00,1.315000057220459,1.3176000118255615,1.309999942779541,1.3176000118255615,1043,0.0,0.0,2023-07-13
1424,2023-07-13 14:06:00-04:00,1.315000057220459,1.315000057220459,1.315000057220459,1.315000057220459,333,0.0,0.0,2023-07-13
1425,2023-07-13 14:07:00-04:00,1.3100999593734741,1.3200000524520874,1.3100999593734741,1.31850004196167,19828,0.0,0.0,2023-07-13
1426,2023-07-13 14:08:00-04:00,1.3200000524520874,1.3200000524520874,1.315000057220459,1.315000057220459,7690,0.0,0.0,2023-07-13
1427,2023-07-13 14:09:00-04:00,1.3200000524520874,1.3200000524520874,1.319000005722046,1.3200000524520874,3105,0.0,0.0,2023-07-13
1428,2023-07-13 14:10:00-04:00,1.315000057220459,1.315000057220459,1.315000057220459,1.315000057220459,552,0.0,0.0,2023-07-13
1429,2023-07-13 14:11:00-04:00,1.315000057220459,1.3200000524520874,1.309999942779541,1.3200000524520874,2062,0.0,0.0,2023-07-13
1430,2023-07-13 14:12:00-04:00,1.309999942779541,1.3200000524520874,1.309999942779541,1.3200000524520874,13559,0.0,0.0,2023-07-13
1431,2023-07-13 14:13:00-04:00,1.319700002670288,1.3200000524520874,1.3111000061035156,1.3200000524520874,5358,0.0,0.0,2023-07-13
1432,2023-07-13 14:14:00-04:00,1.3200000524520874,1.3200000524520874,1.3200000524520874,1.3200000524520874,325,0.0,0.0,2023-07-13
1433,2023-07-13 14:15:00-04:00,1.319200038909912,1.3200000524520874,1.319200038909912,1.3200000524520874,1021,0.0,0.0,2023-07-13
1434,2023-07-13 14:16:00-04:00,1.3200000524520874,1.3200000524520874,1.309999942779541,1.31850004196167,5852,0.0,0.0,2023-07-13
1435,2023-07-13 14:17:00-04:00,1.3177000284194946,1.3200000524520874,1.3109999895095825,1.312000036239624,13380,0.0,0.0,2023-07-13
1436,2023-07-13 14:18:00-04:00,1.312000036239624,1.315000057220459,1.309999942779541,1.309999942779541,4945,0.0,0.0,2023-07-13
1437,2023-07-13 14:19:00-04:00,1.315000057220459,1.315000057220459,1.309999942779541,1.309999942779541,4694,0.0,0.0,2023-07-13
1438,2023-07-13 14:20:00-04:00,1.315000057220459,1.315000057220459,1.309999942779541,1.315000057220459,10309,0.0,0.0,2023-07-13
1439,2023-07-13 14:21:00-04:00,1.3115999698638916,1.31850004196167,1.309999942779541,1.315000057220459,10000,0.0,0.0,2023-07-13
1440,2023-07-13 14:23:00-04:00,1.315000057220459,1.315000057220459,1.309999942779541,1.309999942779541,2755,0.0,0.0,2023-07-13
1441,2023-07-13 14:24:00-04:00,1.3100999593734741,1.3200000524520874,1.3100999593734741,1.3200000524520874,45838,0.0,0.0,2023-07-13
1442,2023-07-13 14:25:00-04:00,1.3133000135421753,1.3200000524520874,1.309999942779541,1.309999942779541,850,0.0,0.0,2023-07-13
1443,2023-07-13 14:26:00-04:00,1.309999942779541,1.313599944114685,1.309999942779541,1.313599944114685,479,0.0,0.0,2023-07-13
1444,2023-07-13 14:27:00-04:00,1.3193000555038452,1.319599986076355,1.3193000555038452,1.319599986076355,1784,0.0,0.0,2023-07-13
1445,2023-07-13 14:28:00-04:00,1.313599944114685,1.3200000524520874,1.313599944114685,1.319599986076355,16057,0.0,0.0,2023-07-13
1446,2023-07-13 14:29:00-04:00,1.3118000030517578,1.3250000476837158,1.3118000030517578,1.3250000476837158,107090,0.0,0.0,2023-07-13
1447,2023-07-13 14:30:00-04:00,1.3200000524520874,1.3300000429153442,1.3200000524520874,1.3300000429153442,11145,0.0,0.0,2023-07-13
1448,2023-07-13 14:31:00-04:00,1.3250000476837158,1.3300000429153442,1.3200000524520874,1.3300000429153442,5803,0.0,0.0,2023-07-13
1449,2023-07-13 14:32:00-04:00,1.3300000429153442,1.3300000429153442,1.3200000524520874,1.3300000429153442,5704,0.0,0.0,2023-07-13
1450,2023-07-13 14:33:00-04:00,1.3300000429153442,1.3300000429153442,1.3300000429153442,1.3300000429153442,1659,0.0,0.0,2023-07-13
1451,2023-07-13 14:34:00-04:00,1.3300000429153442,1.3300000429153442,1.3300000429153442,1.3300000429153442,200,0.0,0.0,2023-07-13
1452,2023-07-13 14:35:00-04:00,1.3300000429153442,1.3300000429153442,1.3200000524520874,1.3300000429153442,1124,0.0,0.0,2023-07-13
1453,2023-07-13 14:36:00-04:00,1.3300000429153442,1.3300000429153442,1.3200000524520874,1.3250000476837158,4145,0.0,0.0,2023-07-13
1454,2023-07-13 14:37:00-04:00,1.3250000476837158,1.3250000476837158,1.3250000476837158,1.3250000476837158,1900,0.0,0.0,2023-07-13
1455,2023-07-13 14:38:00-04:00,1.3285000324249268,1.3299000263214111,1.320099949836731,1.3250000476837158,6908,0.0,0.0,2023-07-13
1456,2023-07-13 14:39:00-04:00,1.3250000476837158,1.3250000476837158,1.3200000524520874,1.3200000524520874,29399,0.0,0.0,2023-07-13
1457,2023-07-13 14:40:00-04:00,1.3200000524520874,1.325700044631958,1.315000057220459,1.315000057220459,87989,0.0,0.0,2023-07-13
1458,2023-07-13 14:41:00-04:00,1.315000057220459,1.3200000524520874,1.315000057220459,1.3200000524520874,2530,0.0,0.0,2023-07-13
1459,2023-07-13 14:42:00-04:00,1.3200000524520874,1.3200000524520874,1.3200000524520874,1.3200000524520874,5025,0.0,0.0,2023-07-13
1460,2023-07-13 14:43:00-04:00,1.315000057220459,1.3200000524520874,1.309999942779541,1.315000057220459,8600,0.0,0.0,2023-07-13
1461,2023-07-13 14:44:00-04:00,1.315000057220459,1.3176000118255615,1.309999942779541,1.309999942779541,5528,0.0,0.0,2023-07-13
1462,2023-07-13 14:45:00-04:00,1.309999942779541,1.3200000524520874,1.309999942779541,1.3200000524520874,615,0.0,0.0,2023-07-13
1463,2023-07-13 14:46:00-04:00,1.309999942779541,1.315000057220459,1.309999942779541,1.309999942779541,900,0.0,0.0,2023-07-13
1464,2023-07-13 14:47:00-04:00,1.309999942779541,1.3200000524520874,1.309999942779541,1.309999942779541,2902,0.0,0.0,2023-07-13
1465,2023-07-13 14:48:00-04:00,1.309999942779541,1.3200000524520874,1.309999942779541,1.309999942779541,1882,0.0,0.0,2023-07-13
1466,2023-07-13 14:49:00-04:00,1.309999942779541,1.3200000524520874,1.309999942779541,1.309999942779541,4054,0.0,0.0,2023-07-13
1467,2023-07-13 14:50:00-04:00,1.315000057220459,1.315000057220459,1.309999942779541,1.315000057220459,9219,0.0,0.0,2023-07-13
1468,2023-07-13 14:51:00-04:00,1.315000057220459,1.315000057220459,1.309999942779541,1.315000057220459,49668,0.0,0.0,2023-07-13
1469,2023-07-13 14:52:00-04:00,1.315000057220459,1.3200000524520874,1.309999942779541,1.309999942779541,23456,0.0,0.0,2023-07-13
1470,2023-07-13 14:53:00-04:00,1.309999942779541,1.309999942779541,1.2999999523162842,1.305799961090088,125637,0.0,0.0,2023-07-13
1471,2023-07-13 14:54:00-04:00,1.2999999523162842,1.305899977684021,1.2999999523162842,1.2999999523162842,40318,0.0,0.0,2023-07-13
1472,2023-07-13 14:55:00-04:00,1.2999999523162842,1.309999942779541,1.2999999523162842,1.2999999523162842,12206,0.0,0.0,2023-07-13
1473,2023-07-13 14:56:00-04:00,1.2999999523162842,1.301900029182434,1.2999999523162842,1.2999999523162842,6106,0.0,0.0,2023-07-13
1474,2023-07-13 14:57:00-04:00,1.2999999523162842,1.2999999523162842,1.2999999523162842,1.2999999523162842,681,0.0,0.0,2023-07-13
1475,2023-07-13 14:58:00-04:00,1.2999999523162842,1.3056000471115112,1.2999999523162842,1.2999999523162842,1840,0.0,0.0,2023-07-13
1476,2023-07-13 14:59:00-04:00,1.2999999523162842,1.3049999475479126,1.2999999523162842,1.2999999523162842,9368,0.0,0.0,2023-07-13
1477,2023-07-13 15:00:00-04:00,1.3049999475479126,1.3049999475479126,1.2999999523162842,1.2999999523162842,1760,0.0,0.0,2023-07-13
1478,2023-07-13 15:01:00-04:00,1.2999999523162842,1.3027000427246094,1.2899999618530273,1.2955000400543213,80877,0.0,0.0,2023-07-13
1479,2023-07-13 15:02:00-04:00,1.2899999618530273,1.2999999523162842,1.2899999618530273,1.2899999618530273,4125,0.0,0.0,2023-07-13
1480,2023-07-13 15:03:00-04:00,1.2899999618530273,1.2999999523162842,1.2899999618530273,1.2949999570846558,25525,0.0,0.0,2023-07-13
1481,2023-07-13 15:04:00-04:00,1.2899999618530273,1.2955000400543213,1.2899999618530273,1.2899999618530273,1863,0.0,0.0,2023-07-13
1482,2023-07-13 15:05:00-04:00,1.2899999618530273,1.2999999523162842,1.2899999618530273,1.2899999618530273,4481,0.0,0.0,2023-07-13
1483,2023-07-13 15:06:00-04:00,1.2899999618530273,1.2949999570846558,1.2899999618530273,1.2899999618530273,28198,0.0,0.0,2023-07-13
1484,2023-07-13 15:07:00-04:00,1.2899999618530273,1.2949999570846558,1.2899999618530273,1.2899999618530273,1519,0.0,0.0,2023-07-13
1485,2023-07-13 15:08:00-04:00,1.2899999618530273,1.2999000549316406,1.2899999618530273,1.2999000549316406,1256,0.0,0.0,2023-07-13
1486,2023-07-13 15:09:00-04:00,1.2899999618530273,1.2980999946594238,1.2899999618530273,1.2904000282287598,13985,0.0,0.0,2023-07-13
1487,2023-07-13 15:10:00-04:00,1.2899999618530273,1.2949999570846558,1.2899999618530273,1.2899999618530273,4148,0.0,0.0,2023-07-13
1488,2023-07-13 15:11:00-04:00,1.2899999618530273,1.2999999523162842,1.2899999618530273,1.2999999523162842,15912,0.0,0.0,2023-07-13
1489,2023-07-13 15:12:00-04:00,1.2899999618530273,1.2914999723434448,1.2899999618530273,1.2899999618530273,781,0.0,0.0,2023-07-13
1490,2023-07-13 15:13:00-04:00,1.2999999523162842,1.2999999523162842,1.2899999618530273,1.2899999618530273,1546,0.0,0.0,2023-07-13
1491,2023-07-13 15:14:00-04:00,1.2899999618530273,1.2984999418258667,1.2899999618530273,1.2984999418258667,1723,0.0,0.0,2023-07-13
1492,2023-07-13 15:15:00-04:00,1.2899999618530273,1.2899999618530273,1.2599999904632568,1.2770999670028687,362958,0.0,0.0,2023-07-13
1493,2023-07-13 15:16:00-04:00,1.2797000408172607,1.2899999618530273,1.2699999809265137,1.2799999713897705,86668,0.0,0.0,2023-07-13
1494,2023-07-13 15:17:00-04:00,1.2799999713897705,1.289199948310852,1.2799999713897705,1.2800999879837036,6097,0.0,0.0,2023-07-13
1495,2023-07-13 15:18:00-04:00,1.2799999713897705,1.2856999635696411,1.2799999713897705,1.281499981880188,11596,0.0,0.0,2023-07-13
1496,2023-07-13 15:19:00-04:00,1.2857999801635742,1.2899999618530273,1.284999966621399,1.2899999618530273,5309,0.0,0.0,2023-07-13
1497,2023-07-13 15:20:00-04:00,1.284999966621399,1.2863999605178833,1.284999966621399,1.2860000133514404,3493,0.0,0.0,2023-07-13
1498,2023-07-13 15:21:00-04:00,1.284999966621399,1.284999966621399,1.2799999713897705,1.284999966621399,6319,0.0,0.0,2023-07-13
1499,2023-07-13 15:22:00-04:00,1.284999966621399,1.284999966621399,1.2799999713897705,1.2799999713897705,1039,0.0,0.0,2023-07-13
1500,2023-07-13 15:23:00-04:00,1.284999966621399,1.2899999618530273,1.2800999879837036,1.2899999618530273,3075,0.0,0.0,2023-07-13
1501,2023-07-13 15:24:00-04:00,1.2799999713897705,1.2862999439239502,1.2799999713897705,1.284999966621399,5190,0.0,0.0,2023-07-13
1502,2023-07-13 15:25:00-04:00,1.2899999618530273,1.2899999618530273,1.2799999713897705,1.2799999713897705,7423,0.0,0.0,2023-07-13
1503,2023-07-13 15:26:00-04:00,1.2899999618530273,1.2899999618530273,1.2799999713897705,1.2799999713897705,12098,0.0,0.0,2023-07-13
1504,2023-07-13 15:27:00-04:00,1.2799999713897705,1.2899999618530273,1.2799999713897705,1.284999966621399,2998,0.0,0.0,2023-07-13
1505,2023-07-13 15:28:00-04:00,1.284999966621399,1.284999966621399,1.2799999713897705,1.284999966621399,15750,0.0,0.0,2023-07-13
1506,2023-07-13 15:29:00-04:00,1.2799999713897705,1.2854000329971313,1.2799999713897705,1.280900001525879,11404,0.0,0.0,2023-07-13
1507,2023-07-13 15:30:00-04:00,1.2799999713897705,1.284999966621399,1.2799999713897705,1.2799999713897705,2452,0.0,0.0,2023-07-13
1508,2023-07-13 15:31:00-04:00,1.2799999713897705,1.284999966621399,1.2799999713897705,1.284999966621399,1710,0.0,0.0,2023-07-13
1509,2023-07-13 15:32:00-04:00,1.284999966621399,1.2898999452590942,1.2805999517440796,1.2858999967575073,24907,0.0,0.0,2023-07-13
1510,2023-07-13 15:33:00-04:00,1.284999966621399,1.2856999635696411,1.2799999713897705,1.284999966621399,8151,0.0,0.0,2023-07-13
1511,2023-07-13 15:34:00-04:00,1.2884999513626099,1.2884999513626099,1.2799999713897705,1.2799999713897705,4420,0.0,0.0,2023-07-13
1512,2023-07-13 15:35:00-04:00,1.2899999618530273,1.2899999618530273,1.2799999713897705,1.284999966621399,18743,0.0,0.0,2023-07-13
1513,2023-07-13 15:36:00-04:00,1.2898999452590942,1.2898999452590942,1.2799999713897705,1.2898999452590942,5031,0.0,0.0,2023-07-13
1514,2023-07-13 15:37:00-04:00,1.2877000570297241,1.2877000570297241,1.2799999713897705,1.281499981880188,8929,0.0,0.0,2023-07-13
1515,2023-07-13 15:38:00-04:00,1.283400058746338,1.2856999635696411,1.2799999713897705,1.2799999713897705,5123,0.0,0.0,2023-07-13
1516,2023-07-13 15:39:00-04:00,1.284999966621399,1.2899999618530273,1.2799999713897705,1.2899999618530273,22061,0.0,0.0,2023-07-13
1517,2023-07-13 15:40:00-04:00,1.284999966621399,1.2899999618530273,1.2799999713897705,1.2884999513626099,11064,0.0,0.0,2023-07-13
1518,2023-07-13 15:41:00-04:00,1.284999966621399,1.2899999618530273,1.2799999713897705,1.2799999713897705,16487,0.0,0.0,2023-07-13
1519,2023-07-13 15:42:00-04:00,1.284999966621399,1.284999966621399,1.2799999713897705,1.2826999425888062,3173,0.0,0.0,2023-07-13
1520,2023-07-13 15:43:00-04:00,1.2884999513626099,1.2899999618530273,1.2799999713897705,1.2884999513626099,5120,0.0,0.0,2023-07-13
1521,2023-07-13 15:44:00-04:00,1.2899999618530273,1.2984999418258667,1.284999966621399,1.2949999570846558,350081,0.0,0.0,2023-07-13
1522,2023-07-13 15:45:00-04:00,1.2899999618530273,1.2949999570846558,1.2899999618530273,1.2949999570846558,16152,0.0,0.0,2023-07-13
1523,2023-07-13 15:46:00-04:00,1.2949999570846558,1.2999000549316406,1.2899999618530273,1.2899999618530273,1753,0.0,0.0,2023-07-13
1524,2023-07-13 15:47:00-04:00,1.2899999618530273,1.295300006866455,1.2899999618530273,1.2949999570846558,17678,0.0,0.0,2023-07-13
1525,2023-07-13 15:48:00-04:00,1.2899999618530273,1.2955000400543213,1.2899999618530273,1.2899999618530273,12578,0.0,0.0,2023-07-13
1526,2023-07-13 15:49:00-04:00,1.2929999828338623,1.298200011253357,1.2899999618530273,1.2949999570846558,23215,0.0,0.0,2023-07-13
1527,2023-07-13 15:50:00-04:00,1.2899999618530273,1.2958999872207642,1.2899999618530273,1.2958999872207642,26763,0.0,0.0,2023-07-13
1528,2023-07-13 15:51:00-04:00,1.2900999784469604,1.2999999523162842,1.2899999618530273,1.2899999618530273,27404,0.0,0.0,2023-07-13
1529,2023-07-13 15:52:00-04:00,1.2949999570846558,1.2999999523162842,1.2899999618530273,1.2949999570846558,24017,0.0,0.0,2023-07-13
1530,2023-07-13 15:53:00-04:00,1.2949999570846558,1.2999000549316406,1.2899999618530273,1.2899999618530273,18380,0.0,0.0,2023-07-13
1531,2023-07-13 15:54:00-04:00,1.2949999570846558,1.2999999523162842,1.2899999618530273,1.2949999570846558,22855,0.0,0.0,2023-07-13
1532,2023-07-13 15:55:00-04:00,1.2949999570846558,1.2999999523162842,1.2899999618530273,1.2949999570846558,15846,0.0,0.0,2023-07-13
1533,2023-07-13 15:56:00-04:00,1.2999999523162842,1.2999999523162842,1.2935999631881714,1.2949999570846558,18194,0.0,0.0,2023-07-13
1534,2023-07-13 15:57:00-04:00,1.2999999523162842,1.2999999523162842,1.2899999618530273,1.2949999570846558,155610,0.0,0.0,2023-07-13
1535,2023-07-13 15:58:00-04:00,1.2900999784469604,1.2984999418258667,1.2899999618530273,1.2949999570846558,45710,0.0,0.0,2023-07-13
1536,2023-07-13 15:59:00-04:00,1.2899999618530273,1.2999999523162842,1.2899999618530273,1.2999999523162842,62277,0.0,0.0,2023-07-13
1537,2023-07-14 09:30:00-04:00,1.2999999523162842,1.2999999523162842,1.2899999618530273,1.2899999618530273,121625,0.0,0.0,2023-07-14
1538,2023-07-14 09:31:00-04:00,1.2999000549316406,1.2999000549316406,1.2929999828338623,1.2929999828338623,2072,0.0,0.0,2023-07-14
1539,2023-07-14 09:32:00-04:00,1.2899999618530273,1.309999942779541,1.2899999618530273,1.3049999475479126,15055,0.0,0.0,2023-07-14
1540,2023-07-14 09:33:00-04:00,1.3098000288009644,1.3200000524520874,1.3049999475479126,1.3198000192642212,18438,0.0,0.0,2023-07-14
1541,2023-07-14 09:35:00-04:00,1.3220000267028809,1.322700023651123,1.3209999799728394,1.322700023651123,19999,0.0,0.0,2023-07-14
1542,2023-07-14 09:36:00-04:00,1.3274999856948853,1.3285000324249268,1.3214999437332153,1.3250000476837158,4598,0.0,0.0,2023-07-14
1543,2023-07-14 09:37:00-04:00,1.3286000490188599,1.3286000490188599,1.309999942779541,1.317199945449829,14699,0.0,0.0,2023-07-14
1544,2023-07-14 09:38:00-04:00,1.3131999969482422,1.3178000450134277,1.3118000030517578,1.3173999786376953,1734,0.0,0.0,2023-07-14
1545,2023-07-14 09:39:00-04:00,1.3200000524520874,1.3200000524520874,1.315000057220459,1.315000057220459,1566,0.0,0.0,2023-07-14
1546,2023-07-14 09:40:00-04:00,1.315000057220459,1.3200000524520874,1.2999999523162842,1.309399962425232,34964,0.0,0.0,2023-07-14
1547,2023-07-14 09:41:00-04:00,1.3049999475479126,1.3200000524520874,1.3049999475479126,1.3200000524520874,40563,0.0,0.0,2023-07-14
1548,2023-07-14 09:42:00-04:00,1.3200000524520874,1.3300000429153442,1.309999942779541,1.3200000524520874,81894,0.0,0.0,2023-07-14
1549,2023-07-14 09:43:00-04:00,1.315000057220459,1.3199000358581543,1.309999942779541,1.3184000253677368,15506,0.0,0.0,2023-07-14
1550,2023-07-14 09:44:00-04:00,1.315000057220459,1.315000057220459,1.309999942779541,1.309999942779541,1227,0.0,0.0,2023-07-14
1551,2023-07-14 09:45:00-04:00,1.3100999593734741,1.315000057220459,1.3100999593734741,1.3136999607086182,1382,0.0,0.0,2023-07-14
1552,2023-07-14 09:46:00-04:00,1.309999942779541,1.3137999773025513,1.309999942779541,1.309999942779541,3832,0.0,0.0,2023-07-14
1553,2023-07-14 09:47:00-04:00,1.31850004196167,1.3200000524520874,1.309999942779541,1.309999942779541,4769,0.0,0.0,2023-07-14
1554,2023-07-14 09:48:00-04:00,1.3100999593734741,1.315000057220459,1.309999942779541,1.309999942779541,6351,0.0,0.0,2023-07-14
1555,2023-07-14 09:49:00-04:00,1.315000057220459,1.3200000524520874,1.309999942779541,1.309999942779541,51913,0.0,0.0,2023-07-14
1556,2023-07-14 09:50:00-04:00,1.309999942779541,1.309999942779541,1.309999942779541,1.309999942779541,563,0.0,0.0,2023-07-14
1557,2023-07-14 09:51:00-04:00,1.309999942779541,1.309999942779541,1.2999999523162842,1.3049999475479126,7281,0.0,0.0,2023-07-14
1558,2023-07-14 09:52:00-04:00,1.2999999523162842,1.309999942779541,1.2999999523162842,1.309999942779541,15590,0.0,0.0,2023-07-14
1559,2023-07-14 09:53:00-04:00,1.3049999475479126,1.309999942779541,1.2999999523162842,1.3027000427246094,5301,0.0,0.0,2023-07-14
1560,2023-07-14 09:54:00-04:00,1.2999999523162842,1.309999942779541,1.2999999523162842,1.309999942779541,17386,0.0,0.0,2023-07-14
1561,2023-07-14 09:55:00-04:00,1.309399962425232,1.3098000288009644,1.2999999523162842,1.3049999475479126,18106,0.0,0.0,2023-07-14
1562,2023-07-14 09:56:00-04:00,1.2999999523162842,1.3095999956130981,1.2949999570846558,1.2949999570846558,45600,0.0,0.0,2023-07-14
1563,2023-07-14 09:57:00-04:00,1.2899999618530273,1.2962000370025635,1.2899999618530273,1.2949999570846558,6537,0.0,0.0,2023-07-14
1564,2023-07-14 09:58:00-04:00,1.2899999618530273,1.2899999618530273,1.2799999713897705,1.284999966621399,58683,0.0,0.0,2023-07-14
1565,2023-07-14 09:59:00-04:00,1.284999966621399,1.2949999570846558,1.2799999713897705,1.2949999570846558,54080,0.0,0.0,2023-07-14
1566,2023-07-14 10:00:00-04:00,1.2899999618530273,1.2899999618530273,1.2799999713897705,1.2802000045776367,18352,0.0,0.0,2023-07-14
1567,2023-07-14 10:01:00-04:00,1.2834999561309814,1.2838000059127808,1.2699999809265137,1.2699999809265137,47042,0.0,0.0,2023-07-14
1568,2023-07-14 10:02:00-04:00,1.274999976158142,1.2799999713897705,1.2699999809265137,1.2706999778747559,20576,0.0,0.0,2023-07-14
1569,2023-07-14 10:03:00-04:00,1.278499960899353,1.2799999713897705,1.2699999809265137,1.277999997138977,8172,0.0,0.0,2023-07-14
1570,2023-07-14 10:04:00-04:00,1.2799999713897705,1.284999966621399,1.2699999809265137,1.2799999713897705,49564,0.0,0.0,2023-07-14
1571,2023-07-14 10:05:00-04:00,1.2699999809265137,1.2798999547958374,1.2699999809265137,1.270300030708313,3104,0.0,0.0,2023-07-14
1572,2023-07-14 10:06:00-04:00,1.2699999809265137,1.2699999809265137,1.25,1.26010000705719,110627,0.0,0.0,2023-07-14
1573,2023-07-14 10:07:00-04:00,1.2626999616622925,1.2683000564575195,1.2599999904632568,1.2599999904632568,16042,0.0,0.0,2023-07-14
1574,2023-07-14 10:08:00-04:00,1.2628999948501587,1.2649999856948853,1.2599999904632568,1.2599999904632568,22828,0.0,0.0,2023-07-14
1575,2023-07-14 10:09:00-04:00,1.2599999904632568,1.268399953842163,1.2599999904632568,1.2649999856948853,11519,0.0,0.0,2023-07-14
1576,2023-07-14 10:10:00-04:00,1.2649999856948853,1.2795000076293945,1.2649999856948853,1.279099941253662,36010,0.0,0.0,2023-07-14
1577,2023-07-14 10:11:00-04:00,1.2699999809265137,1.274999976158142,1.2699999809265137,1.2700999975204468,10517,0.0,0.0,2023-07-14
1578,2023-07-14 10:12:00-04:00,1.274999976158142,1.2799999713897705,1.274999976158142,1.274999976158142,48328,0.0,0.0,2023-07-14
1579,2023-07-14 10:13:00-04:00,1.2856999635696411,1.2890000343322754,1.2799999713897705,1.284999966621399,7907,0.0,0.0,2023-07-14
1580,2023-07-14 10:14:00-04:00,1.2867000102996826,1.2898999452590942,1.2799999713897705,1.2883000373840332,3118,0.0,0.0,2023-07-14
1581,2023-07-14 10:15:00-04:00,1.2799999713897705,1.2836999893188477,1.2799999713897705,1.2799999713897705,6614,0.0,0.0,2023-07-14
1582,2023-07-14 10:16:00-04:00,1.2799999713897705,1.284999966621399,1.2799999713897705,1.2799999713897705,2140,0.0,0.0,2023-07-14
1583,2023-07-14 10:17:00-04:00,1.2799999713897705,1.288100004196167,1.2799999713897705,1.288100004196167,2024,0.0,0.0,2023-07-14
1584,2023-07-14 10:18:00-04:00,1.2799999713897705,1.2799999713897705,1.2699999809265137,1.2718000411987305,25481,0.0,0.0,2023-07-14
1585,2023-07-14 10:19:00-04:00,1.2699999809265137,1.2799999713897705,1.2699999809265137,1.2799999713897705,34483,0.0,0.0,2023-07-14
1586,2023-07-14 10:20:00-04:00,1.2799999713897705,1.2799999713897705,1.2798000574111938,1.2799999713897705,34580,0.0,0.0,2023-07-14
1587,2023-07-14 10:21:00-04:00,1.2799999713897705,1.2799999713897705,1.2699999809265137,1.2699999809265137,16824,0.0,0.0,2023-07-14
1588,2023-07-14 10:22:00-04:00,1.274999976158142,1.2799999713897705,1.2599999904632568,1.2649999856948853,107610,0.0,0.0,2023-07-14
1589,2023-07-14 10:23:00-04:00,1.2669999599456787,1.2699999809265137,1.2599999904632568,1.2599999904632568,12946,0.0,0.0,2023-07-14
1590,2023-07-14 10:24:00-04:00,1.26010000705719,1.2615000009536743,1.2599999904632568,1.2599999904632568,10925,0.0,0.0,2023-07-14
1591,2023-07-14 10:25:00-04:00,1.2649999856948853,1.2689000368118286,1.2599999904632568,1.2599999904632568,7839,0.0,0.0,2023-07-14
1592,2023-07-14 10:26:00-04:00,1.2699999809265137,1.2699999809265137,1.2599999904632568,1.2599999904632568,5339,0.0,0.0,2023-07-14
1593,2023-07-14 10:27:00-04:00,1.2599999904632568,1.267300009727478,1.2599999904632568,1.26010000705719,6712,0.0,0.0,2023-07-14
1594,2023-07-14 10:28:00-04:00,1.2599999904632568,1.267799973487854,1.2599999904632568,1.2599999904632568,24457,0.0,0.0,2023-07-14
1595,2023-07-14 10:29:00-04:00,1.2599999904632568,1.2604999542236328,1.25,1.25,27639,0.0,0.0,2023-07-14
1596,2023-07-14 10:30:00-04:00,1.2599999904632568,1.2697999477386475,1.2549999952316284,1.2649999856948853,35762,0.0,0.0,2023-07-14
1597,2023-07-14 10:31:00-04:00,1.2649999856948853,1.2649999856948853,1.2599999904632568,1.2599999904632568,3686,0.0,0.0,2023-07-14
1598,2023-07-14 10:32:00-04:00,1.2649999856948853,1.2654000520706177,1.2599999904632568,1.2604000568389893,5118,0.0,0.0,2023-07-14
1599,2023-07-14 10:33:00-04:00,1.2699999809265137,1.2699999809265137,1.2599999904632568,1.2599999904632568,113926,0.0,0.0,2023-07-14
1600,2023-07-14 10:34:00-04:00,1.2618000507354736,1.2649999856948853,1.2599999904632568,1.2599999904632568,4234,0.0,0.0,2023-07-14
1601,2023-07-14 10:35:00-04:00,1.26010000705719,1.2649999856948853,1.2599999904632568,1.2649999856948853,9332,0.0,0.0,2023-07-14
1602,2023-07-14 10:36:00-04:00,1.2610000371932983,1.2610000371932983,1.2523000240325928,1.253100037574768,94494,0.0,0.0,2023-07-14
1603,2023-07-14 10:37:00-04:00,1.2549999952316284,1.2599999904632568,1.25,1.2599999904632568,46299,0.0,0.0,2023-07-14
1604,2023-07-14 10:38:00-04:00,1.2583999633789062,1.2599999904632568,1.250100016593933,1.2549999952316284,22896,0.0,0.0,2023-07-14
1605,2023-07-14 10:39:00-04:00,1.2599999904632568,1.2649999856948853,1.25,1.2599999904632568,73730,0.0,0.0,2023-07-14
1606,2023-07-14 10:40:00-04:00,1.25,1.2599999904632568,1.25,1.2549999952316284,23619,0.0,0.0,2023-07-14
1607,2023-07-14 10:41:00-04:00,1.2549999952316284,1.2595000267028809,1.25,1.2584999799728394,14487,0.0,0.0,2023-07-14
1608,2023-07-14 10:42:00-04:00,1.25,1.2590999603271484,1.25,1.2517999410629272,18442,0.0,0.0,2023-07-14
1609,2023-07-14 10:43:00-04:00,1.2549999952316284,1.2597999572753906,1.2400000095367432,1.2450000047683716,127073,0.0,0.0,2023-07-14
1610,2023-07-14 10:44:00-04:00,1.2450000047683716,1.25,1.2400000095367432,1.2450000047683716,88636,0.0,0.0,2023-07-14
1611,2023-07-14 10:45:00-04:00,1.2450000047683716,1.25,1.2400000095367432,1.2450000047683716,22423,0.0,0.0,2023-07-14
1612,2023-07-14 10:46:00-04:00,1.2400000095367432,1.2402000427246094,1.2300000190734863,1.2350000143051147,68687,0.0,0.0,2023-07-14
1613,2023-07-14 10:47:00-04:00,1.2350000143051147,1.2400000095367432,1.2300000190734863,1.2350000143051147,109615,0.0,0.0,2023-07-14
1614,2023-07-14 10:48:00-04:00,1.2300000190734863,1.2350000143051147,1.2300000190734863,1.2317999601364136,13113,0.0,0.0,2023-07-14
1615,2023-07-14 10:49:00-04:00,1.2400000095367432,1.2400000095367432,1.2300000190734863,1.2309000492095947,37326,0.0,0.0,2023-07-14
1616,2023-07-14 10:50:00-04:00,1.2300000190734863,1.2350000143051147,1.2100000381469727,1.2100000381469727,151713,0.0,0.0,2023-07-14
1617,2023-07-14 10:51:00-04:00,1.2100000381469727,1.225000023841858,1.2100000381469727,1.2200000286102295,68268,0.0,0.0,2023-07-14
1618,2023-07-14 10:52:00-04:00,1.2275999784469604,1.2300000190734863,1.2200000286102295,1.225000023841858,9747,0.0,0.0,2023-07-14
1619,2023-07-14 10:53:00-04:00,1.225000023841858,1.2300000190734863,1.2200000286102295,1.225000023841858,41123,0.0,0.0,2023-07-14
1620,2023-07-14 10:54:00-04:00,1.225000023841858,1.238700032234192,1.2210999727249146,1.238700032234192,35562,0.0,0.0,2023-07-14
1621,2023-07-14 10:55:00-04:00,1.2304999828338623,1.2350000143051147,1.2304999828338623,1.2350000143051147,10998,0.0,0.0,2023-07-14
1622,2023-07-14 10:56:00-04:00,1.2400000095367432,1.2400000095367432,1.2301000356674194,1.2369999885559082,4200,0.0,0.0,2023-07-14
1623,2023-07-14 10:57:00-04:00,1.2379000186920166,1.2384999990463257,1.2379000186920166,1.2384999990463257,356,0.0,0.0,2023-07-14
1624,2023-07-14 10:58:00-04:00,1.2300000190734863,1.2300000190734863,1.2300000190734863,1.2300000190734863,11599,0.0,0.0,2023-07-14
1625,2023-07-14 10:59:00-04:00,1.2300000190734863,1.2300000190734863,1.2200000286102295,1.225000023841858,38733,0.0,0.0,2023-07-14
1626,2023-07-14 11:00:00-04:00,1.225000023841858,1.229200005531311,1.225000023841858,1.229200005531311,4532,0.0,0.0,2023-07-14
1627,2023-07-14 11:01:00-04:00,1.2299000024795532,1.2300000190734863,1.225000023841858,1.2300000190734863,46670,0.0,0.0,2023-07-14
1628,2023-07-14 11:02:00-04:00,1.2300000190734863,1.2384999990463257,1.2300000190734863,1.2350000143051147,3429,0.0,0.0,2023-07-14
1629,2023-07-14 11:03:00-04:00,1.2350000143051147,1.2350000143051147,1.2350000143051147,1.2350000143051147,419,0.0,0.0,2023-07-14
1630,2023-07-14 11:04:00-04:00,1.2374999523162842,1.2374999523162842,1.2309999465942383,1.2309999465942383,1360,0.0,0.0,2023-07-14
1631,2023-07-14 11:05:00-04:00,1.23989999294281,1.2400000095367432,1.2300000190734863,1.2305999994277954,11411,0.0,0.0,2023-07-14
1632,2023-07-14 11:06:00-04:00,1.2350000143051147,1.23989999294281,1.2300000190734863,1.2300000190734863,3403,0.0,0.0,2023-07-14
1633,2023-07-14 11:07:00-04:00,1.2300000190734863,1.2374999523162842,1.2300000190734863,1.2300000190734863,2807,0.0,0.0,2023-07-14
1634,2023-07-14 11:08:00-04:00,1.2300000190734863,1.2400000095367432,1.2300000190734863,1.2350000143051147,9300,0.0,0.0,2023-07-14
1635,2023-07-14 11:09:00-04:00,1.2309000492095947,1.2379000186920166,1.2300000190734863,1.2300000190734863,3028,0.0,0.0,2023-07-14
1636,2023-07-14 11:10:00-04:00,1.2301000356674194,1.2374999523162842,1.225000023841858,1.2266000509262085,29661,0.0,0.0,2023-07-14
1637,2023-07-14 11:11:00-04:00,1.2200000286102295,1.229599952697754,1.2200000286102295,1.229599952697754,26647,0.0,0.0,2023-07-14
1638,2023-07-14 11:12:00-04:00,1.2300000190734863,1.2300000190734863,1.2200000286102295,1.2271000146865845,15692,0.0,0.0,2023-07-14
1639,2023-07-14 11:13:00-04:00,1.2200000286102295,1.2285000085830688,1.2200000286102295,1.225000023841858,27144,0.0,0.0,2023-07-14
1640,2023-07-14 11:14:00-04:00,1.225000023841858,1.2299000024795532,1.2200000286102295,1.2280000448226929,2758,0.0,0.0,2023-07-14
1641,2023-07-14 11:15:00-04:00,1.2200000286102295,1.2280999422073364,1.2200000286102295,1.2200000286102295,1556,0.0,0.0,2023-07-14
1642,2023-07-14 11:16:00-04:00,1.225000023841858,1.225000023841858,1.2200000286102295,1.225000023841858,1969,0.0,0.0,2023-07-14
1643,2023-07-14 11:17:00-04:00,1.2200000286102295,1.2288000583648682,1.2200000286102295,1.2288000583648682,12763,0.0,0.0,2023-07-14
1644,2023-07-14 11:18:00-04:00,1.2299000024795532,1.2300000190734863,1.229200005531311,1.2300000190734863,7681,0.0,0.0,2023-07-14
1645,2023-07-14 11:19:00-04:00,1.2293000221252441,1.2293000221252441,1.2200000286102295,1.225000023841858,8685,0.0,0.0,2023-07-14
1646,2023-07-14 11:20:00-04:00,1.2200000286102295,1.2299000024795532,1.2200000286102295,1.2299000024795532,7922,0.0,0.0,2023-07-14
1647,2023-07-14 11:21:00-04:00,1.225000023841858,1.2300000190734863,1.225000023841858,1.225000023841858,3737,0.0,0.0,2023-07-14
1648,2023-07-14 11:22:00-04:00,1.2299000024795532,1.2300000190734863,1.2200000286102295,1.2200000286102295,15350,0.0,0.0,2023-07-14
1649,2023-07-14 11:23:00-04:00,1.222000002861023,1.225000023841858,1.2200000286102295,1.225000023841858,5771,0.0,0.0,2023-07-14
1650,2023-07-14 11:24:00-04:00,1.225000023841858,1.225000023841858,1.2201000452041626,1.2201000452041626,496,0.0,0.0,2023-07-14
1651,2023-07-14 11:25:00-04:00,1.2206000089645386,1.2279000282287598,1.2206000089645386,1.2245999574661255,7637,0.0,0.0,2023-07-14
1652,2023-07-14 11:26:00-04:00,1.2281999588012695,1.2299000024795532,1.2200000286102295,1.2200000286102295,4141,0.0,0.0,2023-07-14
1653,2023-07-14 11:27:00-04:00,1.2200000286102295,1.2280000448226929,1.2200000286102295,1.225000023841858,38252,0.0,0.0,2023-07-14
1654,2023-07-14 11:28:00-04:00,1.225000023841858,1.225000023841858,1.2101000547409058,1.2101000547409058,30427,0.0,0.0,2023-07-14
1655,2023-07-14 11:29:00-04:00,1.215000033378601,1.2295000553131104,1.2141000032424927,1.225000023841858,70222,0.0,0.0,2023-07-14
1656,2023-07-14 11:30:00-04:00,1.225000023841858,1.2300000190734863,1.225000023841858,1.225000023841858,14125,0.0,0.0,2023-07-14
1657,2023-07-14 11:31:00-04:00,1.2300000190734863,1.2300000190734863,1.222000002861023,1.226699948310852,9310,0.0,0.0,2023-07-14
1658,2023-07-14 11:32:00-04:00,1.2300000190734863,1.2300000190734863,1.2200000286102295,1.2300000190734863,7399,0.0,0.0,2023-07-14
1659,2023-07-14 11:33:00-04:00,1.225000023841858,1.2300000190734863,1.2207000255584717,1.225000023841858,64945,0.0,0.0,2023-07-14
1660,2023-07-14 11:34:00-04:00,1.221500039100647,1.2300000190734863,1.221500039100647,1.2300000190734863,1888,0.0,0.0,2023-07-14
1661,2023-07-14 11:35:00-04:00,1.2300000190734863,1.2300000190734863,1.221500039100647,1.221500039100647,2216,0.0,0.0,2023-07-14
1662,2023-07-14 11:36:00-04:00,1.226199984550476,1.2300000190734863,1.226199984550476,1.229699969291687,3334,0.0,0.0,2023-07-14
1663,2023-07-14 11:37:00-04:00,1.225000023841858,1.225000023841858,1.225000023841858,1.225000023841858,1000,0.0,0.0,2023-07-14
1664,2023-07-14 11:38:00-04:00,1.222000002861023,1.2300000190734863,1.222000002861023,1.2300000190734863,14408,0.0,0.0,2023-07-14
1665,2023-07-14 11:39:00-04:00,1.225000023841858,1.2300000190734863,1.2207000255584717,1.2300000190734863,8012,0.0,0.0,2023-07-14
1666,2023-07-14 11:40:00-04:00,1.225000023841858,1.2300000190734863,1.2200000286102295,1.225000023841858,8877,0.0,0.0,2023-07-14
1667,2023-07-14 11:41:00-04:00,1.2200000286102295,1.225000023841858,1.2200000286102295,1.225000023841858,11108,0.0,0.0,2023-07-14
1668,2023-07-14 11:42:00-04:00,1.225000023841858,1.2300000190734863,1.2200000286102295,1.2300000190734863,8443,0.0,0.0,2023-07-14
1669,2023-07-14 11:43:00-04:00,1.2200000286102295,1.2299000024795532,1.2200000286102295,1.2299000024795532,14591,0.0,0.0,2023-07-14
1670,2023-07-14 11:44:00-04:00,1.2281999588012695,1.2281999588012695,1.225000023841858,1.225000023841858,749,0.0,0.0,2023-07-14
1671,2023-07-14 11:45:00-04:00,1.225000023841858,1.225000023841858,1.225000023841858,1.225000023841858,240,0.0,0.0,2023-07-14
1672,2023-07-14 11:46:00-04:00,1.225000023841858,1.2300000190734863,1.225000023841858,1.225000023841858,10953,0.0,0.0,2023-07-14
1673,2023-07-14 11:47:00-04:00,1.225000023841858,1.2300000190734863,1.2200000286102295,1.225000023841858,5228,0.0,0.0,2023-07-14
1674,2023-07-14 11:48:00-04:00,1.225000023841858,1.2299000024795532,1.225000023841858,1.2299000024795532,1214,0.0,0.0,2023-07-14
1675,2023-07-14 11:49:00-04:00,1.2300000190734863,1.2300000190734863,1.225000023841858,1.225000023841858,2461,0.0,0.0,2023-07-14
1676,2023-07-14 11:50:00-04:00,1.2299000024795532,1.2299000024795532,1.2299000024795532,1.2299000024795532,1463,0.0,0.0,2023-07-14
1677,2023-07-14 11:52:00-04:00,1.225000023841858,1.225000023841858,1.2201000452041626,1.2201000452041626,2363,0.0,0.0,2023-07-14
1678,2023-07-14 11:53:00-04:00,1.2200000286102295,1.2300000190734863,1.2200000286102295,1.229200005531311,7380,0.0,0.0,2023-07-14
1679,2023-07-14 11:54:00-04:00,1.225000023841858,1.225000023841858,1.2200000286102295,1.2200000286102295,2740,0.0,0.0,2023-07-14
1680,2023-07-14 11:55:00-04:00,1.2282999753952026,1.2295000553131104,1.225000023841858,1.225000023841858,3274,0.0,0.0,2023-07-14
1681,2023-07-14 11:57:00-04:00,1.225000023841858,1.225000023841858,1.225000023841858,1.225000023841858,1142,0.0,0.0,2023-07-14
1682,2023-07-14 11:58:00-04:00,1.221500039100647,1.2299000024795532,1.221500039100647,1.225000023841858,3137,0.0,0.0,2023-07-14
1683,2023-07-14 11:59:00-04:00,1.225000023841858,1.2350000143051147,1.225000023841858,1.2350000143051147,35936,0.0,0.0,2023-07-14
1684,2023-07-14 12:00:00-04:00,1.2350000143051147,1.2350000143051147,1.2350000143051147,1.2350000143051147,4042,0.0,0.0,2023-07-14
1685,2023-07-14 12:01:00-04:00,1.2300000190734863,1.2300000190734863,1.2300000190734863,1.2300000190734863,2232,0.0,0.0,2023-07-14
1686,2023-07-14 12:02:00-04:00,1.2384999990463257,1.2384999990463257,1.225000023841858,1.2295000553131104,19016,0.0,0.0,2023-07-14
1687,2023-07-14 12:03:00-04:00,1.2283999919891357,1.2283999919891357,1.2283999919891357,1.2283999919891357,1039,0.0,0.0,2023-07-14
1688,2023-07-14 12:04:00-04:00,1.2204999923706055,1.228600025177002,1.2204999923706055,1.228600025177002,17448,0.0,0.0,2023-07-14
1689,2023-07-14 12:05:00-04:00,1.225000023841858,1.2300000190734863,1.2200000286102295,1.2300000190734863,1432,0.0,0.0,2023-07-14
1690,2023-07-14 12:06:00-04:00,1.2200000286102295,1.2200000286102295,1.2200000286102295,1.2200000286102295,140,0.0,0.0,2023-07-14
1691,2023-07-14 12:07:00-04:00,1.2200000286102295,1.225000023841858,1.2200000286102295,1.225000023841858,4571,0.0,0.0,2023-07-14
1692,2023-07-14 12:08:00-04:00,1.225000023841858,1.225000023841858,1.225000023841858,1.225000023841858,3060,0.0,0.0,2023-07-14
1693,2023-07-14 12:09:00-04:00,1.2294000387191772,1.2294000387191772,1.2294000387191772,1.2294000387191772,589,0.0,0.0,2023-07-14
1694,2023-07-14 12:10:00-04:00,1.2280000448226929,1.2300000190734863,1.2238999605178833,1.2238999605178833,3578,0.0,0.0,2023-07-14
1695,2023-07-14 12:11:00-04:00,1.2300000190734863,1.2300000190734863,1.225000023841858,1.225000023841858,17617,0.0,0.0,2023-07-14
1696,2023-07-14 12:12:00-04:00,1.2300000190734863,1.2390999794006348,1.2300000190734863,1.2390999794006348,8849,0.0,0.0,2023-07-14
1697,2023-07-14 12:14:00-04:00,1.2395000457763672,1.2400000095367432,1.2350000143051147,1.2384999990463257,4566,0.0,0.0,2023-07-14
1698,2023-07-14 12:15:00-04:00,1.2389999628067017,1.23989999294281,1.2338000535964966,1.2350000143051147,4806,0.0,0.0,2023-07-14
1699,2023-07-14 12:16:00-04:00,1.2400000095367432,1.2400000095367432,1.2309999465942383,1.2350000143051147,14411,0.0,0.0,2023-07-14
1700,2023-07-14 12:17:00-04:00,1.2400000095367432,1.2400000095367432,1.2350000143051147,1.2395999431610107,1614,0.0,0.0,2023-07-14
1701,2023-07-14 12:18:00-04:00,1.2395999431610107,1.2400000095367432,1.2395999431610107,1.2400000095367432,457,0.0,0.0,2023-07-14
1702,2023-07-14 12:19:00-04:00,1.2300000190734863,1.2350000143051147,1.2300000190734863,1.2350000143051147,7104,0.0,0.0,2023-07-14
1703,2023-07-14 12:20:00-04:00,1.2400000095367432,1.2400000095367432,1.2376999855041504,1.2388999462127686,973,0.0,0.0,2023-07-14
1704,2023-07-14 12:21:00-04:00,1.2350000143051147,1.238700032234192,1.2300000190734863,1.238700032234192,5173,0.0,0.0,2023-07-14
1705,2023-07-14 12:23:00-04:00,1.2350000143051147,1.238700032234192,1.2350000143051147,1.238700032234192,1771,0.0,0.0,2023-07-14
1706,2023-07-14 12:24:00-04:00,1.239300012588501,1.239300012588501,1.2384999990463257,1.2384999990463257,1357,0.0,0.0,2023-07-14
1707,2023-07-14 12:25:00-04:00,1.2350000143051147,1.2350000143051147,1.2300000190734863,1.2300000190734863,25920,0.0,0.0,2023-07-14
1708,2023-07-14 12:26:00-04:00,1.2400000095367432,1.2400000095367432,1.2350000143051147,1.2350000143051147,4052,0.0,0.0,2023-07-14
1709,2023-07-14 12:27:00-04:00,1.2350000143051147,1.2350000143051147,1.2350000143051147,1.2350000143051147,1135,0.0,0.0,2023-07-14
1710,2023-07-14 12:28:00-04:00,1.2400000095367432,1.2400000095367432,1.2350000143051147,1.2350000143051147,911,0.0,0.0,2023-07-14
1711,2023-07-14 12:29:00-04:00,1.2350000143051147,1.2350000143051147,1.2350000143051147,1.2350000143051147,3557,0.0,0.0,2023-07-14
1712,2023-07-14 12:30:00-04:00,1.2329000234603882,1.2350000143051147,1.2329000234603882,1.2350000143051147,3915,0.0,0.0,2023-07-14
1713,2023-07-14 12:31:00-04:00,1.2400000095367432,1.2400000095367432,1.2311999797821045,1.2311999797821045,1562,0.0,0.0,2023-07-14
1714,2023-07-14 12:32:00-04:00,1.2400000095367432,1.2400000095367432,1.2308000326156616,1.2350000143051147,1340,0.0,0.0,2023-07-14
1715,2023-07-14 12:33:00-04:00,1.2350000143051147,1.2350000143051147,1.2307000160217285,1.2350000143051147,6366,0.0,0.0,2023-07-14
1716,2023-07-14 12:34:00-04:00,1.2350000143051147,1.2400000095367432,1.2350000143051147,1.2400000095367432,6063,0.0,0.0,2023-07-14
1717,2023-07-14 12:35:00-04:00,1.2350000143051147,1.2382999658584595,1.2350000143051147,1.2382999658584595,2191,0.0,0.0,2023-07-14
1718,2023-07-14 12:37:00-04:00,1.2400000095367432,1.2400000095367432,1.2400000095367432,1.2400000095367432,893,0.0,0.0,2023-07-14
1719,2023-07-14 12:38:00-04:00,1.2350000143051147,1.2400000095367432,1.2350000143051147,1.2400000095367432,1573,0.0,0.0,2023-07-14
1720,2023-07-14 12:39:00-04:00,1.2350000143051147,1.2400000095367432,1.2350000143051147,1.2350000143051147,755,0.0,0.0,2023-07-14
1721,2023-07-14 12:40:00-04:00,1.2350000143051147,1.2381000518798828,1.2350000143051147,1.2381000518798828,558,0.0,0.0,2023-07-14
1722,2023-07-14 12:41:00-04:00,1.2350000143051147,1.2400000095367432,1.2350000143051147,1.2400000095367432,455,0.0,0.0,2023-07-14
1723,2023-07-14 12:42:00-04:00,1.2350000143051147,1.2400000095367432,1.2350000143051147,1.239300012588501,1240,0.0,0.0,2023-07-14
1724,2023-07-14 12:43:00-04:00,1.23989999294281,1.23989999294281,1.2315000295639038,1.2372000217437744,1963,0.0,0.0,2023-07-14
1725,2023-07-14 12:44:00-04:00,1.2350000143051147,1.2400000095367432,1.2350000143051147,1.2400000095367432,26017,0.0,0.0,2023-07-14
1726,2023-07-14 12:45:00-04:00,1.2400000095367432,1.25,1.2400000095367432,1.2400000095367432,41879,0.0,0.0,2023-07-14
1727,2023-07-14 12:46:00-04:00,1.249899983406067,1.249899983406067,1.2450000047683716,1.2450000047683716,8502,0.0,0.0,2023-07-14
1728,2023-07-14 12:47:00-04:00,1.2400000095367432,1.2400000095367432,1.2400000095367432,1.2400000095367432,549,0.0,0.0,2023-07-14
1729,2023-07-14 12:48:00-04:00,1.2400000095367432,1.2497999668121338,1.2400000095367432,1.2415000200271606,40806,0.0,0.0,2023-07-14
1730,2023-07-14 12:49:00-04:00,1.2400000095367432,1.2400000095367432,1.2400000095367432,1.2400000095367432,9247,0.0,0.0,2023-07-14
1731,2023-07-14 12:50:00-04:00,1.2400000095367432,1.2400000095367432,1.2364000082015991,1.2369999885559082,10822,0.0,0.0,2023-07-14
1732,2023-07-14 12:51:00-04:00,1.2384999990463257,1.2384999990463257,1.2318999767303467,1.2318999767303467,472,0.0,0.0,2023-07-14
1733,2023-07-14 12:52:00-04:00,1.2301000356674194,1.2301000356674194,1.2300000190734863,1.2300000190734863,5465,0.0,0.0,2023-07-14
1734,2023-07-14 12:53:00-04:00,1.2384999990463257,1.2384999990463257,1.2384999990463257,1.2384999990463257,519,0.0,0.0,2023-07-14
1735,2023-07-14 12:54:00-04:00,1.2315000295639038,1.23989999294281,1.2300000190734863,1.239300012588501,2029,0.0,0.0,2023-07-14
1736,2023-07-14 12:55:00-04:00,1.2350000143051147,1.2400000095367432,1.2300000190734863,1.2375999689102173,12892,0.0,0.0,2023-07-14
1737,2023-07-14 12:56:00-04:00,1.2315000295639038,1.2315000295639038,1.2315000295639038,1.2315000295639038,967,0.0,0.0,2023-07-14
1738,2023-07-14 12:59:00-04:00,1.2400000095367432,1.2400000095367432,1.2335000038146973,1.2335000038146973,319,0.0,0.0,2023-07-14
1739,2023-07-14 13:00:00-04:00,1.2300000190734863,1.2300000190734863,1.2300000190734863,1.2300000190734863,804,0.0,0.0,2023-07-14
1740,2023-07-14 13:01:00-04:00,1.2300000190734863,1.2300000190734863,1.225000023841858,1.225000023841858,71144,0.0,0.0,2023-07-14
1741,2023-07-14 13:02:00-04:00,1.2200000286102295,1.2281999588012695,1.2200000286102295,1.2281999588012695,1857,0.0,0.0,2023-07-14
1742,2023-07-14 13:03:00-04:00,1.225000023841858,1.225000023841858,1.2200000286102295,1.2200000286102295,12154,0.0,0.0,2023-07-14
1743,2023-07-14 13:04:00-04:00,1.225000023841858,1.2300000190734863,1.2200000286102295,1.2285000085830688,8404,0.0,0.0,2023-07-14
1744,2023-07-14 13:05:00-04:00,1.2300000190734863,1.2300000190734863,1.2200000286102295,1.2200000286102295,1635,0.0,0.0,2023-07-14
1745,2023-07-14 13:06:00-04:00,1.2200000286102295,1.2209999561309814,1.2200000286102295,1.2209999561309814,4291,0.0,0.0,2023-07-14
1746,2023-07-14 13:07:00-04:00,1.2300000190734863,1.2300000190734863,1.2300000190734863,1.2300000190734863,141,0.0,0.0,2023-07-14
1747,2023-07-14 13:08:00-04:00,1.2209999561309814,1.2300000190734863,1.2200000286102295,1.2300000190734863,3192,0.0,0.0,2023-07-14
1748,2023-07-14 13:09:00-04:00,1.2200000286102295,1.2200000286102295,1.2200000286102295,1.2200000286102295,110,0.0,0.0,2023-07-14
1749,2023-07-14 13:10:00-04:00,1.2207000255584717,1.2300000190734863,1.2201000452041626,1.2201000452041626,3841,0.0,0.0,2023-07-14
1750,2023-07-14 13:11:00-04:00,1.225000023841858,1.225000023841858,1.2200000286102295,1.2200000286102295,360,0.0,0.0,2023-07-14
1751,2023-07-14 13:12:00-04:00,1.2200000286102295,1.225000023841858,1.2200000286102295,1.225000023841858,606,0.0,0.0,2023-07-14
1752,2023-07-14 13:13:00-04:00,1.225000023841858,1.2283999919891357,1.2200000286102295,1.2200000286102295,4737,0.0,0.0,2023-07-14
1753,2023-07-14 13:14:00-04:00,1.2300000190734863,1.2300000190734863,1.2300000190734863,1.2300000190734863,2165,0.0,0.0,2023-07-14
1754,2023-07-14 13:15:00-04:00,1.2283999919891357,1.2285000085830688,1.2200000286102295,1.2200000286102295,3244,0.0,0.0,2023-07-14
1755,2023-07-14 13:17:00-04:00,1.2201000452041626,1.225000023841858,1.2200000286102295,1.225000023841858,10018,0.0,0.0,2023-07-14
1756,2023-07-14 13:18:00-04:00,1.225000023841858,1.2279000282287598,1.225000023841858,1.2279000282287598,1861,0.0,0.0,2023-07-14
1757,2023-07-14 13:19:00-04:00,1.2235000133514404,1.2300000190734863,1.2200000286102295,1.225000023841858,3140,0.0,0.0,2023-07-14
1758,2023-07-14 13:20:00-04:00,1.225000023841858,1.225000023841858,1.2207000255584717,1.2207000255584717,2201,0.0,0.0,2023-07-14
1759,2023-07-14 13:21:00-04:00,1.2300000190734863,1.2300000190734863,1.2200000286102295,1.2200000286102295,938,0.0,0.0,2023-07-14
1760,2023-07-14 13:22:00-04:00,1.225000023841858,1.2350000143051147,1.225000023841858,1.2350000143051147,61836,0.0,0.0,2023-07-14
1761,2023-07-14 13:23:00-04:00,1.2343000173568726,1.2350000143051147,1.2343000173568726,1.2350000143051147,4187,0.0,0.0,2023-07-14
1762,2023-07-14 13:24:00-04:00,1.2300000190734863,1.2351000308990479,1.2300000190734863,1.2351000308990479,2266,0.0,0.0,2023-07-14
1763,2023-07-14 13:25:00-04:00,1.2300000190734863,1.2300000190734863,1.2300000190734863,1.2300000190734863,1903,0.0,0.0,2023-07-14
1764,2023-07-14 13:26:00-04:00,1.2300000190734863,1.2300000190734863,1.2300000190734863,1.2300000190734863,3586,0.0,0.0,2023-07-14
1765,2023-07-14 13:27:00-04:00,1.2300000190734863,1.2300000190734863,1.225000023841858,1.225000023841858,18008,0.0,0.0,2023-07-14
1766,2023-07-14 13:28:00-04:00,1.2200000286102295,1.225000023841858,1.2200000286102295,1.2200000286102295,2674,0.0,0.0,2023-07-14
1767,2023-07-14 13:29:00-04:00,1.225000023841858,1.2300000190734863,1.225000023841858,1.2300000190734863,1950,0.0,0.0,2023-07-14
1768,2023-07-14 13:30:00-04:00,1.2300000190734863,1.2300000190734863,1.229699969291687,1.2300000190734863,1488,0.0,0.0,2023-07-14
1769,2023-07-14 13:31:00-04:00,1.2285000085830688,1.2300000190734863,1.2200000286102295,1.2300000190734863,3699,0.0,0.0,2023-07-14
1770,2023-07-14 13:32:00-04:00,1.2200000286102295,1.2300000190734863,1.2200000286102295,1.225000023841858,25643,0.0,0.0,2023-07-14
1771,2023-07-14 13:33:00-04:00,1.225000023841858,1.225000023841858,1.2200000286102295,1.2200000286102295,1554,0.0,0.0,2023-07-14
1772,2023-07-14 13:34:00-04:00,1.225000023841858,1.2300000190734863,1.221500039100647,1.225000023841858,12804,0.0,0.0,2023-07-14
1773,2023-07-14 13:35:00-04:00,1.225000023841858,1.2299000024795532,1.2200000286102295,1.2200000286102295,7555,0.0,0.0,2023-07-14
1774,2023-07-14 13:36:00-04:00,1.229699969291687,1.229699969291687,1.2201000452041626,1.225000023841858,10506,0.0,0.0,2023-07-14
1775,2023-07-14 13:37:00-04:00,1.2200000286102295,1.2289999723434448,1.2200000286102295,1.2289999723434448,6325,0.0,0.0,2023-07-14
1776,2023-07-14 13:38:00-04:00,1.225000023841858,1.2285000085830688,1.2200000286102295,1.2200000286102295,1815,0.0,0.0,2023-07-14
1777,2023-07-14 13:39:00-04:00,1.2200000286102295,1.2280999422073364,1.2200000286102295,1.2280999422073364,9779,0.0,0.0,2023-07-14
1778,2023-07-14 13:40:00-04:00,1.2217999696731567,1.225000023841858,1.2200000286102295,1.2200000286102295,1236,0.0,0.0,2023-07-14
1779,2023-07-14 13:41:00-04:00,1.225000023841858,1.2299000024795532,1.225000023841858,1.2299000024795532,1032,0.0,0.0,2023-07-14
1780,2023-07-14 13:42:00-04:00,1.225000023841858,1.2300000190734863,1.2200000286102295,1.2200000286102295,3389,0.0,0.0,2023-07-14
1781,2023-07-14 13:43:00-04:00,1.225000023841858,1.2300000190734863,1.221500039100647,1.221500039100647,1320,0.0,0.0,2023-07-14
1782,2023-07-14 13:44:00-04:00,1.225000023841858,1.2299000024795532,1.2200000286102295,1.2200000286102295,5650,0.0,0.0,2023-07-14
1783,2023-07-14 13:45:00-04:00,1.225000023841858,1.2282999753952026,1.2200000286102295,1.2200000286102295,4306,0.0,0.0,2023-07-14
1784,2023-07-14 13:46:00-04:00,1.2213000059127808,1.225000023841858,1.2200000286102295,1.225000023841858,3028,0.0,0.0,2023-07-14
1785,2023-07-14 13:47:00-04:00,1.225000023841858,1.2300000190734863,1.2200000286102295,1.2300000190734863,3250,0.0,0.0,2023-07-14
1786,2023-07-14 13:48:00-04:00,1.225000023841858,1.225000023841858,1.2200000286102295,1.2200000286102295,923,0.0,0.0,2023-07-14
1787,2023-07-14 13:49:00-04:00,1.2294000387191772,1.2294000387191772,1.2200000286102295,1.2200000286102295,1150,0.0,0.0,2023-07-14
1788,2023-07-14 13:50:00-04:00,1.2300000190734863,1.2300000190734863,1.2200000286102295,1.225000023841858,2047,0.0,0.0,2023-07-14
1789,2023-07-14 13:51:00-04:00,1.2200000286102295,1.225000023841858,1.2200000286102295,1.225000023841858,863,0.0,0.0,2023-07-14
1790,2023-07-14 13:52:00-04:00,1.2200000286102295,1.2289999723434448,1.2200000286102295,1.2289999723434448,1290,0.0,0.0,2023-07-14
1791,2023-07-14 13:53:00-04:00,1.2294000387191772,1.2294000387191772,1.2200000286102295,1.2200000286102295,620,0.0,0.0,2023-07-14
1792,2023-07-14 13:54:00-04:00,1.2300000190734863,1.2300000190734863,1.225000023841858,1.225000023841858,15538,0.0,0.0,2023-07-14
1793,2023-07-14 13:55:00-04:00,1.2285000085830688,1.2350000143051147,1.225000023841858,1.2350000143051147,29965,0.0,0.0,2023-07-14
1794,2023-07-14 13:56:00-04:00,1.236899971961975,1.236899971961975,1.2300000190734863,1.2350000143051147,6459,0.0,0.0,2023-07-14
1795,2023-07-14 13:57:00-04:00,1.2350000143051147,1.2350000143051147,1.2300000190734863,1.2300000190734863,2244,0.0,0.0,2023-07-14
1796,2023-07-14 13:58:00-04:00,1.2337000370025635,1.2350000143051147,1.2300000190734863,1.2350000143051147,672,0.0,0.0,2023-07-14
1797,2023-07-14 13:59:00-04:00,1.2300000190734863,1.2350000143051147,1.2300000190734863,1.2350000143051147,37344,0.0,0.0,2023-07-14
1798,2023-07-14 14:00:00-04:00,1.2301000356674194,1.2301000356674194,1.2301000356674194,1.2301000356674194,1593,0.0,0.0,2023-07-14
1799,2023-07-14 14:01:00-04:00,1.2300000190734863,1.2338000535964966,1.2200000286102295,1.2200000286102295,14674,0.0,0.0,2023-07-14
1800,2023-07-14 14:02:00-04:00,1.225000023841858,1.229599952697754,1.225000023841858,1.229599952697754,1248,0.0,0.0,2023-07-14
1801,2023-07-14 14:03:00-04:00,1.2273000478744507,1.2300000190734863,1.2200000286102295,1.2300000190734863,3296,0.0,0.0,2023-07-14
1802,2023-07-14 14:04:00-04:00,1.2281999588012695,1.2281999588012695,1.2281999588012695,1.2281999588012695,5001,0.0,0.0,2023-07-14
1803,2023-07-14 14:05:00-04:00,1.2200000286102295,1.225000023841858,1.2200000286102295,1.225000023841858,10951,0.0,0.0,2023-07-14
1804,2023-07-14 14:06:00-04:00,1.225000023841858,1.225000023841858,1.225000023841858,1.225000023841858,212,0.0,0.0,2023-07-14
1805,2023-07-14 14:07:00-04:00,1.2282999753952026,1.2282999753952026,1.225000023841858,1.2269999980926514,3841,0.0,0.0,2023-07-14
1806,2023-07-14 14:08:00-04:00,1.225000023841858,1.2285000085830688,1.225000023841858,1.225000023841858,3730,0.0,0.0,2023-07-14
1807,2023-07-14 14:09:00-04:00,1.2276999950408936,1.2276999950408936,1.2276999950408936,1.2276999950408936,234,0.0,0.0,2023-07-14
1808,2023-07-14 14:10:00-04:00,1.2285000085830688,1.2285000085830688,1.225000023841858,1.225000023841858,656,0.0,0.0,2023-07-14
1809,2023-07-14 14:11:00-04:00,1.225000023841858,1.2300000190734863,1.225000023841858,1.2300000190734863,5901,0.0,0.0,2023-07-14
1810,2023-07-14 14:12:00-04:00,1.2300000190734863,1.2300000190734863,1.2300000190734863,1.2300000190734863,3010,0.0,0.0,2023-07-14
1811,2023-07-14 14:13:00-04:00,1.2300000190734863,1.2300000190734863,1.2288000583648682,1.2288000583648682,6046,0.0,0.0,2023-07-14
1812,2023-07-14 14:14:00-04:00,1.2300000190734863,1.2400000095367432,1.2300000190734863,1.2300000190734863,23924,0.0,0.0,2023-07-14
1813,2023-07-14 14:15:00-04:00,1.2300000190734863,1.2300000190734863,1.2200000286102295,1.229200005531311,27887,0.0,0.0,2023-07-14
1814,2023-07-14 14:16:00-04:00,1.2285000085830688,1.2285000085830688,1.225000023841858,1.225000023841858,2368,0.0,0.0,2023-07-14
1815,2023-07-14 14:17:00-04:00,1.2285000085830688,1.2285000085830688,1.225000023841858,1.225000023841858,6087,0.0,0.0,2023-07-14
1816,2023-07-14 14:18:00-04:00,1.2283999919891357,1.2285000085830688,1.225000023841858,1.225000023841858,2874,0.0,0.0,2023-07-14
1817,2023-07-14 14:19:00-04:00,1.2274999618530273,1.2274999618530273,1.225000023841858,1.225000023841858,203,0.0,0.0,2023-07-14
1818,2023-07-14 14:20:00-04:00,1.2274999618530273,1.2300000190734863,1.225000023841858,1.225000023841858,2313,0.0,0.0,2023-07-14
1819,2023-07-14 14:21:00-04:00,1.225000023841858,1.225000023841858,1.2200000286102295,1.2200000286102295,2423,0.0,0.0,2023-07-14
1820,2023-07-14 14:22:00-04:00,1.225000023841858,1.225000023841858,1.225000023841858,1.225000023841858,1977,0.0,0.0,2023-07-14
1821,2023-07-14 14:23:00-04:00,1.2200000286102295,1.225000023841858,1.2200000286102295,1.2200000286102295,3271,0.0,0.0,2023-07-14
1822,2023-07-14 14:24:00-04:00,1.225000023841858,1.225000023841858,1.2200000286102295,1.2200000286102295,615,0.0,0.0,2023-07-14
1823,2023-07-14 14:25:00-04:00,1.2200000286102295,1.2200000286102295,1.2100000381469727,1.215000033378601,71179,0.0,0.0,2023-07-14
1824,2023-07-14 14:26:00-04:00,1.2194000482559204,1.2194000482559204,1.2100000381469727,1.2100000381469727,11079,0.0,0.0,2023-07-14
1825,2023-07-14 14:27:00-04:00,1.2100000381469727,1.215000033378601,1.2100000381469727,1.2100000381469727,10236,0.0,0.0,2023-07-14
1826,2023-07-14 14:28:00-04:00,1.2100000381469727,1.215000033378601,1.2100000381469727,1.2100000381469727,4072,0.0,0.0,2023-07-14
1827,2023-07-14 14:29:00-04:00,1.2100000381469727,1.215000033378601,1.2100000381469727,1.215000033378601,4999,0.0,0.0,2023-07-14
1828,2023-07-14 14:30:00-04:00,1.2100000381469727,1.2199000120162964,1.2100000381469727,1.2100000381469727,14995,0.0,0.0,2023-07-14
1829,2023-07-14 14:31:00-04:00,1.2100000381469727,1.2200000286102295,1.2100000381469727,1.215000033378601,27165,0.0,0.0,2023-07-14
1830,2023-07-14 14:32:00-04:00,1.2168999910354614,1.2199000120162964,1.2100000381469727,1.2199000120162964,7313,0.0,0.0,2023-07-14
1831,2023-07-14 14:33:00-04:00,1.2100000381469727,1.2199000120162964,1.2100000381469727,1.2199000120162964,447,0.0,0.0,2023-07-14
1832,2023-07-14 14:34:00-04:00,1.2100000381469727,1.2199000120162964,1.2100000381469727,1.2199000120162964,760,0.0,0.0,2023-07-14
1833,2023-07-14 14:35:00-04:00,1.2100000381469727,1.2106000185012817,1.2100000381469727,1.2100000381469727,2963,0.0,0.0,2023-07-14
1834,2023-07-14 14:36:00-04:00,1.215000033378601,1.2200000286102295,1.2100000381469727,1.2100000381469727,1364,0.0,0.0,2023-07-14
1835,2023-07-14 14:37:00-04:00,1.215000033378601,1.2200000286102295,1.2100000381469727,1.215000033378601,8362,0.0,0.0,2023-07-14
1836,2023-07-14 14:38:00-04:00,1.2100000381469727,1.215000033378601,1.2100000381469727,1.2100000381469727,2635,0.0,0.0,2023-07-14
1837,2023-07-14 14:39:00-04:00,1.2100000381469727,1.2101000547409058,1.2100000381469727,1.2100000381469727,1796,0.0,0.0,2023-07-14
1838,2023-07-14 14:40:00-04:00,1.2100000381469727,1.215000033378601,1.2100000381469727,1.2100000381469727,3513,0.0,0.0,2023-07-14
1839,2023-07-14 14:41:00-04:00,1.2100000381469727,1.2120000123977661,1.2100000381469727,1.2100000381469727,1857,0.0,0.0,2023-07-14
1840,2023-07-14 14:42:00-04:00,1.2100000381469727,1.2200000286102295,1.2100000381469727,1.2100000381469727,13875,0.0,0.0,2023-07-14
1841,2023-07-14 14:43:00-04:00,1.2175999879837036,1.2175999879837036,1.2100000381469727,1.2100000381469727,13923,0.0,0.0,2023-07-14
1842,2023-07-14 14:44:00-04:00,1.2100000381469727,1.2100000381469727,1.2100000381469727,1.2100000381469727,454,0.0,0.0,2023-07-14
1843,2023-07-14 14:45:00-04:00,1.2167999744415283,1.2167999744415283,1.2100000381469727,1.2100000381469727,12245,0.0,0.0,2023-07-14
1844,2023-07-14 14:46:00-04:00,1.2168999910354614,1.219499945640564,1.2100000381469727,1.2100000381469727,1361,0.0,0.0,2023-07-14
1845,2023-07-14 14:47:00-04:00,1.2100000381469727,1.2199000120162964,1.2100000381469727,1.2100000381469727,2285,0.0,0.0,2023-07-14
1846,2023-07-14 14:48:00-04:00,1.2100000381469727,1.2100000381469727,1.2100000381469727,1.2100000381469727,6230,0.0,0.0,2023-07-14
1847,2023-07-14 14:49:00-04:00,1.2100000381469727,1.2200000286102295,1.2100000381469727,1.2100000381469727,1126,0.0,0.0,2023-07-14
1848,2023-07-14 14:50:00-04:00,1.2100000381469727,1.2115000486373901,1.2100000381469727,1.2100000381469727,488,0.0,0.0,2023-07-14
1849,2023-07-14 14:51:00-04:00,1.2100000381469727,1.2100000381469727,1.2100000381469727,1.2100000381469727,2350,0.0,0.0,2023-07-14
1850,2023-07-14 14:52:00-04:00,1.2100000381469727,1.218500018119812,1.2100000381469727,1.2100000381469727,1601,0.0,0.0,2023-07-14
1851,2023-07-14 14:53:00-04:00,1.2100000381469727,1.2115000486373901,1.2100000381469727,1.2100000381469727,3301,0.0,0.0,2023-07-14
1852,2023-07-14 14:54:00-04:00,1.2100000381469727,1.2100000381469727,1.2100000381469727,1.2100000381469727,312,0.0,0.0,2023-07-14
1853,2023-07-14 14:55:00-04:00,1.2100000381469727,1.2100000381469727,1.2100000381469727,1.2100000381469727,1578,0.0,0.0,2023-07-14
1854,2023-07-14 14:56:00-04:00,1.2100000381469727,1.2199000120162964,1.2100000381469727,1.2100000381469727,1527,0.0,0.0,2023-07-14
1855,2023-07-14 14:57:00-04:00,1.2100000381469727,1.215000033378601,1.2100000381469727,1.215000033378601,19715,0.0,0.0,2023-07-14
1856,2023-07-14 14:58:00-04:00,1.2100000381469727,1.2100000381469727,1.2000000476837158,1.2000000476837158,52138,0.0,0.0,2023-07-14
1857,2023-07-14 14:59:00-04:00,1.200700044631958,1.2085000276565552,1.2000000476837158,1.2000000476837158,15801,0.0,0.0,2023-07-14
1858,2023-07-14 15:00:00-04:00,1.2000000476837158,1.2100000381469727,1.2000000476837158,1.2100000381469727,10580,0.0,0.0,2023-07-14
1859,2023-07-14 15:01:00-04:00,1.2000000476837158,1.2099000215530396,1.2000000476837158,1.2099000215530396,536,0.0,0.0,2023-07-14
1860,2023-07-14 15:02:00-04:00,1.2000000476837158,1.2100000381469727,1.2000000476837158,1.2000000476837158,1460,0.0,0.0,2023-07-14
1861,2023-07-14 15:03:00-04:00,1.2000000476837158,1.2050000429153442,1.2000000476837158,1.2050000429153442,2044,0.0,0.0,2023-07-14
1862,2023-07-14 15:04:00-04:00,1.2000000476837158,1.2100000381469727,1.2000000476837158,1.2100000381469727,20689,0.0,0.0,2023-07-14
1863,2023-07-14 15:05:00-04:00,1.2000000476837158,1.2050000429153442,1.2000000476837158,1.2000000476837158,11651,0.0,0.0,2023-07-14
1864,2023-07-14 15:06:00-04:00,1.2000000476837158,1.207200050354004,1.2000000476837158,1.207200050354004,14488,0.0,0.0,2023-07-14
1865,2023-07-14 15:07:00-04:00,1.2000000476837158,1.2099000215530396,1.2000000476837158,1.2000000476837158,29386,0.0,0.0,2023-07-14
1866,2023-07-14 15:08:00-04:00,1.208400011062622,1.2100000381469727,1.2000000476837158,1.2100000381469727,55406,0.0,0.0,2023-07-14
1867,2023-07-14 15:09:00-04:00,1.2100000381469727,1.2100000381469727,1.2000000476837158,1.2100000381469727,12325,0.0,0.0,2023-07-14
1868,2023-07-14 15:10:00-04:00,1.2050000429153442,1.2099000215530396,1.2000000476837158,1.2000000476837158,5080,0.0,0.0,2023-07-14
1869,2023-07-14 15:11:00-04:00,1.2050000429153442,1.2085000276565552,1.2000000476837158,1.2000000476837158,7428,0.0,0.0,2023-07-14
1870,2023-07-14 15:12:00-04:00,1.2026000022888184,1.2026000022888184,1.2000000476837158,1.2000000476837158,2122,0.0,0.0,2023-07-14
1871,2023-07-14 15:13:00-04:00,1.2000000476837158,1.2100000381469727,1.2000000476837158,1.2000000476837158,9553,0.0,0.0,2023-07-14
1872,2023-07-14 15:14:00-04:00,1.2050000429153442,1.2089999914169312,1.2000000476837158,1.2000000476837158,10759,0.0,0.0,2023-07-14
1873,2023-07-14 15:15:00-04:00,1.2099000215530396,1.2099000215530396,1.2000000476837158,1.2000000476837158,1597,0.0,0.0,2023-07-14
1874,2023-07-14 15:16:00-04:00,1.2050000429153442,1.2050000429153442,1.2000000476837158,1.2000000476837158,9363,0.0,0.0,2023-07-14
1875,2023-07-14 15:17:00-04:00,1.2000000476837158,1.2085000276565552,1.2000000476837158,1.2050000429153442,4146,0.0,0.0,2023-07-14
1876,2023-07-14 15:18:00-04:00,1.2079999446868896,1.2100000381469727,1.2000000476837158,1.2072999477386475,5271,0.0,0.0,2023-07-14
1877,2023-07-14 15:19:00-04:00,1.2000000476837158,1.2100000381469727,1.2000000476837158,1.2099000215530396,14110,0.0,0.0,2023-07-14
1878,2023-07-14 15:20:00-04:00,1.2100000381469727,1.2100000381469727,1.2000000476837158,1.2000000476837158,2526,0.0,0.0,2023-07-14
1879,2023-07-14 15:21:00-04:00,1.2000000476837158,1.2100000381469727,1.2000000476837158,1.2096999883651733,37239,0.0,0.0,2023-07-14
1880,2023-07-14 15:22:00-04:00,1.2100000381469727,1.215000033378601,1.2100000381469727,1.2100000381469727,35479,0.0,0.0,2023-07-14
1881,2023-07-14 15:23:00-04:00,1.2200000286102295,1.2200000286102295,1.2100000381469727,1.2100000381469727,6736,0.0,0.0,2023-07-14
1882,2023-07-14 15:24:00-04:00,1.2100000381469727,1.2100000381469727,1.2100000381469727,1.2100000381469727,113,0.0,0.0,2023-07-14
1883,2023-07-14 15:25:00-04:00,1.2100000381469727,1.2100000381469727,1.2000000476837158,1.2000000476837158,52028,0.0,0.0,2023-07-14
1884,2023-07-14 15:26:00-04:00,1.2028000354766846,1.2072999477386475,1.2000000476837158,1.2000000476837158,11607,0.0,0.0,2023-07-14
1885,2023-07-14 15:27:00-04:00,1.2000000476837158,1.2000000476837158,1.2000000476837158,1.2000000476837158,2745,0.0,0.0,2023-07-14
1886,2023-07-14 15:28:00-04:00,1.2050000429153442,1.2100000381469727,1.2000000476837158,1.2100000381469727,7079,0.0,0.0,2023-07-14
1887,2023-07-14 15:29:00-04:00,1.2100000381469727,1.2100000381469727,1.2000000476837158,1.2000000476837158,2725,0.0,0.0,2023-07-14
1888,2023-07-14 15:30:00-04:00,1.2100000381469727,1.2100000381469727,1.2050000429153442,1.2050000429153442,1432,0.0,0.0,2023-07-14
1889,2023-07-14 15:31:00-04:00,1.2050000429153442,1.205899953842163,1.2000000476837158,1.2050000429153442,2025,0.0,0.0,2023-07-14
1890,2023-07-14 15:32:00-04:00,1.2050000429153442,1.2050000429153442,1.2000000476837158,1.2000000476837158,2457,0.0,0.0,2023-07-14
1891,2023-07-14 15:33:00-04:00,1.2000000476837158,1.2059999704360962,1.2000000476837158,1.2000000476837158,2008,0.0,0.0,2023-07-14
1892,2023-07-14 15:34:00-04:00,1.2099000215530396,1.2099000215530396,1.2000000476837158,1.2000000476837158,18876,0.0,0.0,2023-07-14
1893,2023-07-14 15:35:00-04:00,1.2050000429153442,1.2100000381469727,1.2000000476837158,1.2000000476837158,13688,0.0,0.0,2023-07-14
1894,2023-07-14 15:36:00-04:00,1.2050000429153442,1.2100000381469727,1.2000000476837158,1.2050000429153442,4181,0.0,0.0,2023-07-14
1895,2023-07-14 15:37:00-04:00,1.2050000429153442,1.2064000368118286,1.2000000476837158,1.2000000476837158,6791,0.0,0.0,2023-07-14
1896,2023-07-14 15:38:00-04:00,1.2050000429153442,1.2100000381469727,1.2000000476837158,1.2085000276565552,3009,0.0,0.0,2023-07-14
1897,2023-07-14 15:39:00-04:00,1.2000000476837158,1.2100000381469727,1.2000000476837158,1.2000000476837158,23952,0.0,0.0,2023-07-14
1898,2023-07-14 15:40:00-04:00,1.2000000476837158,1.2050000429153442,1.2000000476837158,1.2000000476837158,2517,0.0,0.0,2023-07-14
1899,2023-07-14 15:41:00-04:00,1.2000000476837158,1.2092000246047974,1.2000000476837158,1.2000000476837158,13059,0.0,0.0,2023-07-14
1900,2023-07-14 15:42:00-04:00,1.2050000429153442,1.2100000381469727,1.2000000476837158,1.2050000429153442,19983,0.0,0.0,2023-07-14
1901,2023-07-14 15:43:00-04:00,1.2000000476837158,1.2168999910354614,1.2000000476837158,1.2100000381469727,160579,0.0,0.0,2023-07-14
1902,2023-07-14 15:44:00-04:00,1.215000033378601,1.215000033378601,1.2100000381469727,1.215000033378601,12767,0.0,0.0,2023-07-14
1903,2023-07-14 15:45:00-04:00,1.215000033378601,1.215000033378601,1.2100000381469727,1.2100000381469727,6507,0.0,0.0,2023-07-14
1904,2023-07-14 15:46:00-04:00,1.2100000381469727,1.219499945640564,1.2100000381469727,1.2100000381469727,10149,0.0,0.0,2023-07-14
1905,2023-07-14 15:47:00-04:00,1.2137999534606934,1.2180999517440796,1.2100000381469727,1.215000033378601,5596,0.0,0.0,2023-07-14
1906,2023-07-14 15:48:00-04:00,1.2200000286102295,1.2200000286102295,1.2100000381469727,1.219099998474121,4620,0.0,0.0,2023-07-14
1907,2023-07-14 15:49:00-04:00,1.2187000513076782,1.2187000513076782,1.2000000476837158,1.2050000429153442,84319,0.0,0.0,2023-07-14
1908,2023-07-14 15:50:00-04:00,1.2100000381469727,1.2100000381469727,1.2050000429153442,1.2050000429153442,44324,0.0,0.0,2023-07-14
1909,2023-07-14 15:51:00-04:00,1.2100000381469727,1.2100000381469727,1.2050000429153442,1.2063000202178955,6569,0.0,0.0,2023-07-14
1910,2023-07-14 15:52:00-04:00,1.2100000381469727,1.215000033378601,1.2050000429153442,1.215000033378601,61822,0.0,0.0,2023-07-14
1911,2023-07-14 15:53:00-04:00,1.2102999687194824,1.2200000286102295,1.2100000381469727,1.2200000286102295,11197,0.0,0.0,2023-07-14
1912,2023-07-14 15:54:00-04:00,1.2122999429702759,1.2122999429702759,1.2100000381469727,1.2100000381469727,4527,0.0,0.0,2023-07-14
1913,2023-07-14 15:55:00-04:00,1.215000033378601,1.2200000286102295,1.2100000381469727,1.215000033378601,24949,0.0,0.0,2023-07-14
1914,2023-07-14 15:56:00-04:00,1.215000033378601,1.2172000408172607,1.2100000381469727,1.215000033378601,35808,0.0,0.0,2023-07-14
1915,2023-07-14 15:57:00-04:00,1.215000033378601,1.2200000286102295,1.2100000381469727,1.2100000381469727,24941,0.0,0.0,2023-07-14
1916,2023-07-14 15:58:00-04:00,1.2100000381469727,1.2200000286102295,1.2100000381469727,1.2100000381469727,73472,0.0,0.0,2023-07-14
1917,2023-07-14 15:59:00-04:00,1.2100000381469727,1.219599962234497,1.2100000381469727,1.215000033378601,80099,0.0,0.0,2023-07-14
0,2023-07-17 09:30:00-04:00,1.2200000286102295,1.2200000286102295,1.2000000476837158,1.2100000381469727,166590,0.0,0.0,2023-07-17
1,2023-07-17 09:31:00-04:00,1.2050000429153442,1.2050000429153442,1.1920000314712524,1.1920000314712524,7825,0.0,0.0,2023-07-17
2,2023-07-17 09:32:00-04:00,1.2000000476837158,1.2000000476837158,1.1799999475479126,1.1950000524520874,41164,0.0,0.0,2023-07-17
3,2023-07-17 09:33:00-04:00,1.190500020980835,1.1994999647140503,1.190000057220459,1.190000057220459,12546,0.0,0.0,2023-07-17
4,2023-07-17 09:34:00-04:00,1.190000057220459,1.190000057220459,1.1799999475479126,1.1895999908447266,20349,0.0,0.0,2023-07-17
5,2023-07-17 09:35:00-04:00,1.1799999475479126,1.190000057220459,1.1799999475479126,1.180999994277954,4920,0.0,0.0,2023-07-17
6,2023-07-17 09:36:00-04:00,1.190000057220459,1.1950000524520874,1.180999994277954,1.190000057220459,86883,0.0,0.0,2023-07-17
7,2023-07-17 09:37:00-04:00,1.190000057220459,1.2000000476837158,1.190000057220459,1.1999000310897827,35214,0.0,0.0,2023-07-17
8,2023-07-17 09:38:00-04:00,1.2000000476837158,1.2000000476837158,1.190000057220459,1.2000000476837158,29307,0.0,0.0,2023-07-17
9,2023-07-17 09:39:00-04:00,1.2000000476837158,1.2000000476837158,1.190000057220459,1.1901999711990356,6752,0.0,0.0,2023-07-17
10,2023-07-17 09:40:00-04:00,1.2000000476837158,1.2000000476837158,1.190000057220459,1.1900999546051025,8504,0.0,0.0,2023-07-17
11,2023-07-17 09:41:00-04:00,1.190000057220459,1.2000000476837158,1.190000057220459,1.2000000476837158,13690,0.0,0.0,2023-07-17
12,2023-07-17 09:42:00-04:00,1.2015999555587769,1.2100000381469727,1.2000000476837158,1.2093000411987305,3039,0.0,0.0,2023-07-17
13,2023-07-17 09:43:00-04:00,1.204200029373169,1.2100000381469727,1.204200029373169,1.2050000429153442,3243,0.0,0.0,2023-07-17
14,2023-07-17 09:44:00-04:00,1.2000000476837158,1.2000000476837158,1.2000000476837158,1.2000000476837158,350,0.0,0.0,2023-07-17
15,2023-07-17 09:45:00-04:00,1.2050000429153442,1.2100000381469727,1.2000000476837158,1.2000000476837158,6115,0.0,0.0,2023-07-17
16,2023-07-17 09:46:00-04:00,1.2050000429153442,1.2100000381469727,1.2000000476837158,1.2050000429153442,24710,0.0,0.0,2023-07-17
17,2023-07-17 09:47:00-04:00,1.2100000381469727,1.2100000381469727,1.2050000429153442,1.2100000381469727,12207,0.0,0.0,2023-07-17
18,2023-07-17 09:48:00-04:00,1.2100000381469727,1.2200000286102295,1.2100000381469727,1.2200000286102295,20479,0.0,0.0,2023-07-17
19,2023-07-17 09:49:00-04:00,1.2200000286102295,1.2200000286102295,1.2115000486373901,1.2200000286102295,3078,0.0,0.0,2023-07-17
20,2023-07-17 09:50:00-04:00,1.215000033378601,1.2200000286102295,1.2100000381469727,1.2100000381469727,6894,0.0,0.0,2023-07-17
21,2023-07-17 09:51:00-04:00,1.2196999788284302,1.225000023841858,1.2100000381469727,1.225000023841858,13580,0.0,0.0,2023-07-17
22,2023-07-17 09:52:00-04:00,1.2300000190734863,1.2300000190734863,1.2200000286102295,1.2200000286102295,8737,0.0,0.0,2023-07-17
23,2023-07-17 09:53:00-04:00,1.2300000190734863,1.2300000190734863,1.225000023841858,1.228600025177002,1503,0.0,0.0,2023-07-17
24,2023-07-17 09:54:00-04:00,1.2300000190734863,1.2300000190734863,1.229599952697754,1.2300000190734863,8652,0.0,0.0,2023-07-17
25,2023-07-17 09:55:00-04:00,1.2281999588012695,1.2300000190734863,1.2200000286102295,1.221500039100647,5621,0.0,0.0,2023-07-17
26,2023-07-17 09:56:00-04:00,1.225000023841858,1.225000023841858,1.2213000059127808,1.2238999605178833,9012,0.0,0.0,2023-07-17
27,2023-07-17 09:57:00-04:00,1.2202999591827393,1.225000023841858,1.2202999591827393,1.225000023841858,13587,0.0,0.0,2023-07-17
28,2023-07-17 09:58:00-04:00,1.2300000190734863,1.2300000190734863,1.2200000286102295,1.2300000190734863,12838,0.0,0.0,2023-07-17
29,2023-07-17 09:59:00-04:00,1.2200000286102295,1.2300000190734863,1.2200000286102295,1.225000023841858,1742,0.0,0.0,2023-07-17
30,2023-07-17 10:00:00-04:00,1.225000023841858,1.2300000190734863,1.225000023841858,1.2300000190734863,10665,0.0,0.0,2023-07-17
31,2023-07-17 10:01:00-04:00,1.2300000190734863,1.2400000095367432,1.225000023841858,1.2400000095367432,97878,0.0,0.0,2023-07-17
32,2023-07-17 10:02:00-04:00,1.2400000095367432,1.2450000047683716,1.2400000095367432,1.2402000427246094,15319,0.0,0.0,2023-07-17
33,2023-07-17 10:03:00-04:00,1.2400000095367432,1.2400000095367432,1.2301000356674194,1.2302000522613525,48452,0.0,0.0,2023-07-17
34,2023-07-17 10:04:00-04:00,1.2350000143051147,1.2350000143051147,1.2350000143051147,1.2350000143051147,533,0.0,0.0,2023-07-17
35,2023-07-17 10:05:00-04:00,1.2300000190734863,1.2350000143051147,1.225000023841858,1.2300000190734863,28601,0.0,0.0,2023-07-17
36,2023-07-17 10:06:00-04:00,1.225000023841858,1.2300000190734863,1.2200000286102295,1.225000023841858,18765,0.0,0.0,2023-07-17
37,2023-07-17 10:07:00-04:00,1.225000023841858,1.228700041770935,1.2200000286102295,1.225000023841858,5903,0.0,0.0,2023-07-17
38,2023-07-17 10:08:00-04:00,1.2243000268936157,1.2243000268936157,1.2243000268936157,1.2243000268936157,464,0.0,0.0,2023-07-17
39,2023-07-17 10:09:00-04:00,1.2213000059127808,1.2213000059127808,1.2213000059127808,1.2213000059127808,328,0.0,0.0,2023-07-17
40,2023-07-17 10:10:00-04:00,1.2200000286102295,1.225000023841858,1.2200000286102295,1.2200000286102295,3410,0.0,0.0,2023-07-17
41,2023-07-17 10:11:00-04:00,1.2200000286102295,1.2201000452041626,1.2200000286102295,1.2201000452041626,243,0.0,0.0,2023-07-17
42,2023-07-17 10:12:00-04:00,1.2200000286102295,1.2300000190734863,1.2200000286102295,1.225000023841858,5626,0.0,0.0,2023-07-17
43,2023-07-17 10:13:00-04:00,1.2285000085830688,1.2285000085830688,1.225000023841858,1.225000023841858,1206,0.0,0.0,2023-07-17
44,2023-07-17 10:14:00-04:00,1.225000023841858,1.2300000190734863,1.225000023841858,1.2285000085830688,2627,0.0,0.0,2023-07-17
45,2023-07-17 10:15:00-04:00,1.225000023841858,1.2300000190734863,1.225000023841858,1.229699969291687,3538,0.0,0.0,2023-07-17
46,2023-07-17 10:16:00-04:00,1.2300000190734863,1.2400000095367432,1.225000023841858,1.2400000095367432,16780,0.0,0.0,2023-07-17
47,2023-07-17 10:17:00-04:00,1.2301000356674194,1.2400000095367432,1.2301000356674194,1.2335000038146973,6052,0.0,0.0,2023-07-17
48,2023-07-17 10:18:00-04:00,1.2400000095367432,1.2400000095367432,1.2300000190734863,1.2319999933242798,4854,0.0,0.0,2023-07-17
49,2023-07-17 10:19:00-04:00,1.2350000143051147,1.2400000095367432,1.2350000143051147,1.2381999492645264,1326,0.0,0.0,2023-07-17
50,2023-07-17 10:20:00-04:00,1.2350000143051147,1.2400000095367432,1.2350000143051147,1.2400000095367432,1394,0.0,0.0,2023-07-17
51,2023-07-17 10:21:00-04:00,1.2350000143051147,1.2400000095367432,1.2301000356674194,1.2301000356674194,21071,0.0,0.0,2023-07-17
52,2023-07-17 10:22:00-04:00,1.2400000095367432,1.2400000095367432,1.2324999570846558,1.2384999990463257,1289,0.0,0.0,2023-07-17
53,2023-07-17 10:23:00-04:00,1.2400000095367432,1.2400000095367432,1.2350000143051147,1.2384999990463257,2823,0.0,0.0,2023-07-17
54,2023-07-17 10:24:00-04:00,1.2350000143051147,1.2400000095367432,1.2350000143051147,1.2350000143051147,13153,0.0,0.0,2023-07-17
55,2023-07-17 10:25:00-04:00,1.2400000095367432,1.2400000095367432,1.2350000143051147,1.2350000143051147,6140,0.0,0.0,2023-07-17
56,2023-07-17 10:26:00-04:00,1.2386000156402588,1.2400000095367432,1.2350000143051147,1.2350000143051147,10340,0.0,0.0,2023-07-17
57,2023-07-17 10:27:00-04:00,1.2350000143051147,1.2400000095367432,1.2350000143051147,1.2384999990463257,1218,0.0,0.0,2023-07-17
58,2023-07-17 10:28:00-04:00,1.2384999990463257,1.2400000095367432,1.232699990272522,1.2350000143051147,8200,0.0,0.0,2023-07-17
59,2023-07-17 10:29:00-04:00,1.2300000190734863,1.23989999294281,1.2300000190734863,1.2350000143051147,15939,0.0,0.0,2023-07-17
60,2023-07-17 10:30:00-04:00,1.2389999628067017,1.2389999628067017,1.2350000143051147,1.2350000143051147,1327,0.0,0.0,2023-07-17
61,2023-07-17 10:31:00-04:00,1.2350000143051147,1.2350000143051147,1.2300000190734863,1.232699990272522,354,0.0,0.0,2023-07-17
62,2023-07-17 10:32:00-04:00,1.232800006866455,1.2400000095367432,1.2300000190734863,1.2400000095367432,10694,0.0,0.0,2023-07-17
63,2023-07-17 10:33:00-04:00,1.2350000143051147,1.2350000143051147,1.2350000143051147,1.2350000143051147,100,0.0,0.0,2023-07-17
64,2023-07-17 10:34:00-04:00,1.2316999435424805,1.2400000095367432,1.2316999435424805,1.2400000095367432,1775,0.0,0.0,2023-07-17
65,2023-07-17 10:35:00-04:00,1.2350000143051147,1.2389999628067017,1.2350000143051147,1.2350000143051147,1211,0.0,0.0,2023-07-17
66,2023-07-17 10:36:00-04:00,1.2300000190734863,1.2300000190734863,1.2300000190734863,1.2300000190734863,630,0.0,0.0,2023-07-17
67,2023-07-17 10:37:00-04:00,1.2389999628067017,1.2389999628067017,1.2300000190734863,1.2350000143051147,2059,0.0,0.0,2023-07-17
68,2023-07-17 10:38:00-04:00,1.2400000095367432,1.2400000095367432,1.2304999828338623,1.2400000095367432,71949,0.0,0.0,2023-07-17
69,2023-07-17 10:39:00-04:00,1.2400000095367432,1.2450000047683716,1.2342000007629395,1.2404999732971191,13005,0.0,0.0,2023-07-17
70,2023-07-17 10:40:00-04:00,1.2400000095367432,1.2400000095367432,1.2300000190734863,1.2382999658584595,38543,0.0,0.0,2023-07-17
71,2023-07-17 10:41:00-04:00,1.2350000143051147,1.2350000143051147,1.2300000190734863,1.2300000190734863,1148,0.0,0.0,2023-07-17
72,2023-07-17 10:42:00-04:00,1.2300000190734863,1.2400000095367432,1.2300000190734863,1.2380000352859497,3152,0.0,0.0,2023-07-17
73,2023-07-17 10:43:00-04:00,1.2300000190734863,1.2350000143051147,1.2300000190734863,1.2314000129699707,3428,0.0,0.0,2023-07-17
74,2023-07-17 10:44:00-04:00,1.2400000095367432,1.2400000095367432,1.2300000190734863,1.2300000190734863,425,0.0,0.0,2023-07-17
75,2023-07-17 10:45:00-04:00,1.2300000190734863,1.2350000143051147,1.2300000190734863,1.2350000143051147,9374,0.0,0.0,2023-07-17
76,2023-07-17 10:46:00-04:00,1.2350000143051147,1.2350000143051147,1.2300000190734863,1.2300000190734863,4104,0.0,0.0,2023-07-17
77,2023-07-17 10:48:00-04:00,1.2350000143051147,1.2350000143051147,1.2300000190734863,1.2350000143051147,725,0.0,0.0,2023-07-17
78,2023-07-17 10:49:00-04:00,1.2300000190734863,1.2384999990463257,1.2300000190734863,1.2300000190734863,1086,0.0,0.0,2023-07-17
79,2023-07-17 10:50:00-04:00,1.2395999431610107,1.2395999431610107,1.2350000143051147,1.2350000143051147,5726,0.0,0.0,2023-07-17
80,2023-07-17 10:51:00-04:00,1.2350000143051147,1.2376999855041504,1.2300000190734863,1.2300000190734863,969,0.0,0.0,2023-07-17
81,2023-07-17 10:52:00-04:00,1.2350000143051147,1.2350000143051147,1.2350000143051147,1.2350000143051147,1600,0.0,0.0,2023-07-17
82,2023-07-17 10:53:00-04:00,1.2350000143051147,1.2374999523162842,1.2300000190734863,1.2319999933242798,1457,0.0,0.0,2023-07-17
83,2023-07-17 10:54:00-04:00,1.2400000095367432,1.2400000095367432,1.2350000143051147,1.2400000095367432,3285,0.0,0.0,2023-07-17
84,2023-07-17 10:55:00-04:00,1.2400000095367432,1.2400000095367432,1.2301000356674194,1.2400000095367432,7641,0.0,0.0,2023-07-17
85,2023-07-17 10:56:00-04:00,1.2343000173568726,1.2400000095367432,1.2300000190734863,1.2400000095367432,3444,0.0,0.0,2023-07-17
86,2023-07-17 10:57:00-04:00,1.2350000143051147,1.2450000047683716,1.2350000143051147,1.2450000047683716,48559,0.0,0.0,2023-07-17
87,2023-07-17 10:58:00-04:00,1.25,1.25,1.2400000095367432,1.25,9254,0.0,0.0,2023-07-17
88,2023-07-17 10:59:00-04:00,1.2450000047683716,1.25,1.2400000095367432,1.2400000095367432,3799,0.0,0.0,2023-07-17
89,2023-07-17 11:00:00-04:00,1.2450000047683716,1.25,1.2400000095367432,1.248900055885315,7238,0.0,0.0,2023-07-17
90,2023-07-17 11:01:00-04:00,1.247499942779541,1.247499942779541,1.247499942779541,1.247499942779541,171,0.0,0.0,2023-07-17
91,2023-07-17 11:02:00-04:00,1.25,1.25,1.2400000095367432,1.25,2507,0.0,0.0,2023-07-17
92,2023-07-17 11:03:00-04:00,1.2417000532150269,1.25,1.2400000095367432,1.25,5695,0.0,0.0,2023-07-17
93,2023-07-17 11:04:00-04:00,1.25,1.25,1.2400000095367432,1.2400000095367432,3441,0.0,0.0,2023-07-17
94,2023-07-17 11:05:00-04:00,1.2400000095367432,1.25,1.2400000095367432,1.245300054550171,601,0.0,0.0,2023-07-17
95,2023-07-17 11:06:00-04:00,1.2450000047683716,1.25,1.2400000095367432,1.25,1746,0.0,0.0,2023-07-17
96,2023-07-17 11:07:00-04:00,1.2400000095367432,1.2415000200271606,1.2400000095367432,1.2415000200271606,1049,0.0,0.0,2023-07-17
97,2023-07-17 11:08:00-04:00,1.2401000261306763,1.25,1.2400000095367432,1.2450000047683716,3136,0.0,0.0,2023-07-17
98,2023-07-17 11:09:00-04:00,1.25,1.25,1.2400000095367432,1.2450000047683716,357,0.0,0.0,2023-07-17
99,2023-07-17 11:10:00-04:00,1.2462999820709229,1.2489999532699585,1.2450000047683716,1.2450000047683716,2072,0.0,0.0,2023-07-17
100,2023-07-17 11:11:00-04:00,1.247499942779541,1.247499942779541,1.2400000095367432,1.2450000047683716,2760,0.0,0.0,2023-07-17
101,2023-07-17 11:12:00-04:00,1.247499942779541,1.25,1.2450000047683716,1.2450000047683716,6834,0.0,0.0,2023-07-17
102,2023-07-17 11:13:00-04:00,1.2450000047683716,1.25,1.2400000095367432,1.2400000095367432,450,0.0,0.0,2023-07-17
103,2023-07-17 11:14:00-04:00,1.2417000532150269,1.25,1.2417000532150269,1.2450000047683716,5441,0.0,0.0,2023-07-17
104,2023-07-17 11:15:00-04:00,1.25,1.25,1.2450000047683716,1.2481000423431396,4559,0.0,0.0,2023-07-17
105,2023-07-17 11:16:00-04:00,1.2450000047683716,1.25,1.2400000095367432,1.2450000047683716,3168,0.0,0.0,2023-07-17
106,2023-07-17 11:17:00-04:00,1.25,1.25,1.25,1.25,144,0.0,0.0,2023-07-17
107,2023-07-17 11:18:00-04:00,1.25,1.25,1.2415000200271606,1.2450000047683716,2462,0.0,0.0,2023-07-17
108,2023-07-17 11:19:00-04:00,1.25,1.25,1.2400000095367432,1.25,7705,0.0,0.0,2023-07-17
109,2023-07-17 11:20:00-04:00,1.25,1.25,1.2450000047683716,1.2450000047683716,15332,0.0,0.0,2023-07-17
110,2023-07-17 11:21:00-04:00,1.25,1.25,1.2426999807357788,1.2426999807357788,335,0.0,0.0,2023-07-17
111,2023-07-17 11:22:00-04:00,1.2484999895095825,1.25,1.2400000095367432,1.2450000047683716,3577,0.0,0.0,2023-07-17
112,2023-07-17 11:23:00-04:00,1.2450000047683716,1.25,1.2450000047683716,1.25,201,0.0,0.0,2023-07-17
113,2023-07-17 11:24:00-04:00,1.2450000047683716,1.25,1.2450000047683716,1.2450000047683716,2482,0.0,0.0,2023-07-17
114,2023-07-17 11:25:00-04:00,1.2450000047683716,1.25,1.2450000047683716,1.25,632,0.0,0.0,2023-07-17
115,2023-07-17 11:26:00-04:00,1.2450000047683716,1.25,1.2400000095367432,1.25,5518,0.0,0.0,2023-07-17
116,2023-07-17 11:27:00-04:00,1.2400000095367432,1.246999979019165,1.2400000095367432,1.2450000047683716,878,0.0,0.0,2023-07-17
117,2023-07-17 11:28:00-04:00,1.25,1.25,1.2400000095367432,1.2400000095367432,11504,0.0,0.0,2023-07-17
118,2023-07-17 11:29:00-04:00,1.2450000047683716,1.2450000047683716,1.2300000190734863,1.2350000143051147,71705,0.0,0.0,2023-07-17
119,2023-07-17 11:30:00-04:00,1.2300000190734863,1.2315000295639038,1.2300000190734863,1.2315000295639038,583,0.0,0.0,2023-07-17
120,2023-07-17 11:31:00-04:00,1.2300000190734863,1.2350000143051147,1.2300000190734863,1.2350000143051147,1165,0.0,0.0,2023-07-17
121,2023-07-17 11:32:00-04:00,1.2300000190734863,1.2374000549316406,1.2300000190734863,1.2374000549316406,6878,0.0,0.0,2023-07-17
122,2023-07-17 11:34:00-04:00,1.2400000095367432,1.2400000095367432,1.2300000190734863,1.2324999570846558,2058,0.0,0.0,2023-07-17
123,2023-07-17 11:35:00-04:00,1.2315000295639038,1.2315000295639038,1.2315000295639038,1.2315000295639038,974,0.0,0.0,2023-07-17
124,2023-07-17 11:36:00-04:00,1.2350000143051147,1.2382999658584595,1.2300000190734863,1.2382999658584595,1548,0.0,0.0,2023-07-17
125,2023-07-17 11:37:00-04:00,1.2350000143051147,1.2400000095367432,1.2300000190734863,1.2350000143051147,1097,0.0,0.0,2023-07-17
126,2023-07-17 11:38:00-04:00,1.2400000095367432,1.2400000095367432,1.2300000190734863,1.239799976348877,5646,0.0,0.0,2023-07-17
127,2023-07-17 11:39:00-04:00,1.236299991607666,1.236299991607666,1.2319999933242798,1.2319999933242798,487,0.0,0.0,2023-07-17
128,2023-07-17 11:40:00-04:00,1.2400000095367432,1.2400000095367432,1.2350000143051147,1.2350000143051147,1043,0.0,0.0,2023-07-17
129,2023-07-17 11:41:00-04:00,1.2350000143051147,1.2400000095367432,1.2350000143051147,1.2400000095367432,581,0.0,0.0,2023-07-17
130,2023-07-17 11:42:00-04:00,1.2350000143051147,1.2350000143051147,1.2350000143051147,1.2350000143051147,104,0.0,0.0,2023-07-17
131,2023-07-17 11:43:00-04:00,1.2350000143051147,1.2350000143051147,1.2318999767303467,1.2350000143051147,1559,0.0,0.0,2023-07-17
132,2023-07-17 11:44:00-04:00,1.2350000143051147,1.2400000095367432,1.2350000143051147,1.2400000095367432,2317,0.0,0.0,2023-07-17
133,2023-07-17 11:45:00-04:00,1.2400000095367432,1.2400000095367432,1.2400000095367432,1.2400000095367432,117,0.0,0.0,2023-07-17
134,2023-07-17 11:46:00-04:00,1.2400000095367432,1.2400000095367432,1.2350000143051147,1.2379000186920166,5278,0.0,0.0,2023-07-17
135,2023-07-17 11:47:00-04:00,1.2350000143051147,1.2400000095367432,1.2350000143051147,1.2400000095367432,1221,0.0,0.0,2023-07-17
136,2023-07-17 11:48:00-04:00,1.2350000143051147,1.2350000143051147,1.2350000143051147,1.2350000143051147,171,0.0,0.0,2023-07-17
137,2023-07-17 11:49:00-04:00,1.2400000095367432,1.2400000095367432,1.2300000190734863,1.2305999994277954,1589,0.0,0.0,2023-07-17
138,2023-07-17 11:50:00-04:00,1.2374999523162842,1.2374999523162842,1.232100009918213,1.2350000143051147,1630,0.0,0.0,2023-07-17
139,2023-07-17 11:51:00-04:00,1.2350000143051147,1.2350000143051147,1.2350000143051147,1.2350000143051147,301,0.0,0.0,2023-07-17
140,2023-07-17 11:52:00-04:00,1.2300000190734863,1.2350000143051147,1.2300000190734863,1.2350000143051147,1597,0.0,0.0,2023-07-17
141,2023-07-17 11:53:00-04:00,1.2350000143051147,1.2400000095367432,1.2300000190734863,1.2300000190734863,15688,0.0,0.0,2023-07-17
142,2023-07-17 11:54:00-04:00,1.2350000143051147,1.2350000143051147,1.2350000143051147,1.2350000143051147,833,0.0,0.0,2023-07-17
143,2023-07-17 11:55:00-04:00,1.2350000143051147,1.2350000143051147,1.2300000190734863,1.2350000143051147,1338,0.0,0.0,2023-07-17
144,2023-07-17 11:56:00-04:00,1.2350000143051147,1.2350000143051147,1.2350000143051147,1.2350000143051147,864,0.0,0.0,2023-07-17
145,2023-07-17 11:57:00-04:00,1.2400000095367432,1.2400000095367432,1.2350000143051147,1.2350000143051147,1189,0.0,0.0,2023-07-17
146,2023-07-17 11:58:00-04:00,1.2300000190734863,1.2400000095367432,1.2300000190734863,1.2350000143051147,1964,0.0,0.0,2023-07-17
147,2023-07-17 11:59:00-04:00,1.2350000143051147,1.2400000095367432,1.2300000190734863,1.2300000190734863,1559,0.0,0.0,2023-07-17
148,2023-07-17 12:00:00-04:00,1.2374999523162842,1.2400000095367432,1.2300000190734863,1.2400000095367432,1329,0.0,0.0,2023-07-17
149,2023-07-17 12:01:00-04:00,1.2400000095367432,1.2400000095367432,1.2300000190734863,1.2350000143051147,1733,0.0,0.0,2023-07-17
150,2023-07-17 12:02:00-04:00,1.2300000190734863,1.2374999523162842,1.2300000190734863,1.2374999523162842,716,0.0,0.0,2023-07-17
151,2023-07-17 12:03:00-04:00,1.2300000190734863,1.2350000143051147,1.2300000190734863,1.2350000143051147,304,0.0,0.0,2023-07-17
152,2023-07-17 12:04:00-04:00,1.2374999523162842,1.2374999523162842,1.2300000190734863,1.2300000190734863,312,0.0,0.0,2023-07-17
153,2023-07-17 12:05:00-04:00,1.2350000143051147,1.2374999523162842,1.2300000190734863,1.2374999523162842,2911,0.0,0.0,2023-07-17
154,2023-07-17 12:06:00-04:00,1.2350000143051147,1.23989999294281,1.2300000190734863,1.2300000190734863,3261,0.0,0.0,2023-07-17
155,2023-07-17 12:07:00-04:00,1.2300000190734863,1.2374999523162842,1.2300000190734863,1.2350000143051147,7506,0.0,0.0,2023-07-17
156,2023-07-17 12:08:00-04:00,1.2300000190734863,1.2374999523162842,1.2300000190734863,1.2373000383377075,2319,0.0,0.0,2023-07-17
157,2023-07-17 12:09:00-04:00,1.2300000190734863,1.2300000190734863,1.2300000190734863,1.2300000190734863,957,0.0,0.0,2023-07-17
158,2023-07-17 12:10:00-04:00,1.2374999523162842,1.2374999523162842,1.2300000190734863,1.2300000190734863,480,0.0,0.0,2023-07-17
159,2023-07-17 12:11:00-04:00,1.2305999994277954,1.2374999523162842,1.2300000190734863,1.2374999523162842,1849,0.0,0.0,2023-07-17
160,2023-07-17 12:12:00-04:00,1.2300000190734863,1.2374999523162842,1.2300000190734863,1.2310999631881714,1158,0.0,0.0,2023-07-17
161,2023-07-17 12:13:00-04:00,1.2300000190734863,1.236799955368042,1.2300000190734863,1.236799955368042,503,0.0,0.0,2023-07-17
162,2023-07-17 12:14:00-04:00,1.2374999523162842,1.2400000095367432,1.2300000190734863,1.2400000095367432,3028,0.0,0.0,2023-07-17
163,2023-07-17 12:15:00-04:00,1.23989999294281,1.2400000095367432,1.2300000190734863,1.2300000190734863,2638,0.0,0.0,2023-07-17
164,2023-07-17 12:16:00-04:00,1.2329000234603882,1.2400000095367432,1.2300000190734863,1.2338999509811401,2312,0.0,0.0,2023-07-17
165,2023-07-17 12:17:00-04:00,1.2301000356674194,1.2366000413894653,1.2300000190734863,1.2366000413894653,7185,0.0,0.0,2023-07-17
166,2023-07-17 12:18:00-04:00,1.2300000190734863,1.2350000143051147,1.2300000190734863,1.2350000143051147,2282,0.0,0.0,2023-07-17
167,2023-07-17 12:19:00-04:00,1.2300000190734863,1.2379000186920166,1.2300000190734863,1.2379000186920166,217,0.0,0.0,2023-07-17
168,2023-07-17 12:20:00-04:00,1.2350000143051147,1.2374999523162842,1.2300000190734863,1.2300000190734863,3254,0.0,0.0,2023-07-17
169,2023-07-17 12:21:00-04:00,1.2300000190734863,1.2367000579833984,1.2300000190734863,1.2300000190734863,1767,0.0,0.0,2023-07-17
170,2023-07-17 12:22:00-04:00,1.2300000190734863,1.2300000190734863,1.2300000190734863,1.2300000190734863,533,0.0,0.0,2023-07-17
171,2023-07-17 12:23:00-04:00,1.2374999523162842,1.2374999523162842,1.2200000286102295,1.225000023841858,43657,0.0,0.0,2023-07-17
172,2023-07-17 12:24:00-04:00,1.225100040435791,1.225100040435791,1.225000023841858,1.225000023841858,712,0.0,0.0,2023-07-17
173,2023-07-17 12:25:00-04:00,1.225000023841858,1.2300000190734863,1.2200000286102295,1.2200000286102295,5951,0.0,0.0,2023-07-17
174,2023-07-17 12:26:00-04:00,1.2300000190734863,1.2300000190734863,1.225000023841858,1.225000023841858,3379,0.0,0.0,2023-07-17
175,2023-07-17 12:27:00-04:00,1.225000023841858,1.225000023841858,1.225000023841858,1.225000023841858,784,0.0,0.0,2023-07-17
176,2023-07-17 12:28:00-04:00,1.225000023841858,1.225000023841858,1.2200000286102295,1.2200000286102295,322,0.0,0.0,2023-07-17
177,2023-07-17 12:29:00-04:00,1.2200000286102295,1.2200000286102295,1.2200000286102295,1.2200000286102295,133,0.0,0.0,2023-07-17
178,2023-07-17 12:30:00-04:00,1.225000023841858,1.225000023841858,1.2200000286102295,1.2200000286102295,912,0.0,0.0,2023-07-17
179,2023-07-17 12:31:00-04:00,1.225000023841858,1.225000023841858,1.225000023841858,1.225000023841858,200,0.0,0.0,2023-07-17
180,2023-07-17 12:32:00-04:00,1.225000023841858,1.225000023841858,1.225000023841858,1.225000023841858,873,0.0,0.0,2023-07-17
181,2023-07-17 12:33:00-04:00,1.225000023841858,1.2300000190734863,1.2200000286102295,1.2200000286102295,19415,0.0,0.0,2023-07-17
182,2023-07-17 12:34:00-04:00,1.225000023841858,1.2300000190734863,1.225000023841858,1.2300000190734863,12992,0.0,0.0,2023-07-17
183,2023-07-17 12:35:00-04:00,1.225000023841858,1.2271000146865845,1.2200000286102295,1.225000023841858,1650,0.0,0.0,2023-07-17
184,2023-07-17 12:36:00-04:00,1.2200000286102295,1.2268999814987183,1.2200000286102295,1.225000023841858,800,0.0,0.0,2023-07-17
185,2023-07-17 12:37:00-04:00,1.225000023841858,1.225000023841858,1.225000023841858,1.225000023841858,700,0.0,0.0,2023-07-17
186,2023-07-17 12:38:00-04:00,1.225000023841858,1.226699948310852,1.2200000286102295,1.2200000286102295,1067,0.0,0.0,2023-07-17
187,2023-07-17 12:39:00-04:00,1.225000023841858,1.225000023841858,1.2200000286102295,1.2200000286102295,713,0.0,0.0,2023-07-17
188,2023-07-17 12:40:00-04:00,1.225000023841858,1.225000023841858,1.2200000286102295,1.2249000072479248,5305,0.0,0.0,2023-07-17
189,2023-07-17 12:41:00-04:00,1.221500039100647,1.2300000190734863,1.221500039100647,1.2300000190734863,3518,0.0,0.0,2023-07-17
190,2023-07-17 12:42:00-04:00,1.2200000286102295,1.2300000190734863,1.2200000286102295,1.225000023841858,11012,0.0,0.0,2023-07-17
191,2023-07-17 12:43:00-04:00,1.2203999757766724,1.2222000360488892,1.2200000286102295,1.2208000421524048,407,0.0,0.0,2023-07-17
192,2023-07-17 12:44:00-04:00,1.2203999757766724,1.2208000421524048,1.2203999757766724,1.2208000421524048,261,0.0,0.0,2023-07-17
193,2023-07-17 12:45:00-04:00,1.2200000286102295,1.229099988937378,1.2200000286102295,1.2206000089645386,27430,0.0,0.0,2023-07-17
194,2023-07-17 12:46:00-04:00,1.2200000286102295,1.2200000286102295,1.2200000286102295,1.2200000286102295,876,0.0,0.0,2023-07-17
195,2023-07-17 12:47:00-04:00,1.2222000360488892,1.2274999618530273,1.2200000286102295,1.2200000286102295,1859,0.0,0.0,2023-07-17
196,2023-07-17 12:48:00-04:00,1.2200000286102295,1.2274999618530273,1.2200000286102295,1.2274999618530273,1213,0.0,0.0,2023-07-17
197,2023-07-17 12:49:00-04:00,1.2299000024795532,1.2299000024795532,1.225000023841858,1.225000023841858,3146,0.0,0.0,2023-07-17
198,2023-07-17 12:50:00-04:00,1.2200000286102295,1.2274999618530273,1.2200000286102295,1.225000023841858,1688,0.0,0.0,2023-07-17
199,2023-07-17 12:51:00-04:00,1.2200000286102295,1.2200000286102295,1.2200000286102295,1.2200000286102295,100,0.0,0.0,2023-07-17
200,2023-07-17 12:52:00-04:00,1.225000023841858,1.2274999618530273,1.2200000286102295,1.2201000452041626,3956,0.0,0.0,2023-07-17
201,2023-07-17 12:53:00-04:00,1.2200000286102295,1.225000023841858,1.2200000286102295,1.225000023841858,1388,0.0,0.0,2023-07-17
202,2023-07-17 12:54:00-04:00,1.2203999757766724,1.2300000190734863,1.2200000286102295,1.225000023841858,5046,0.0,0.0,2023-07-17
203,2023-07-17 12:55:00-04:00,1.2200000286102295,1.225000023841858,1.2200000286102295,1.2200000286102295,1519,0.0,0.0,2023-07-17
204,2023-07-17 12:56:00-04:00,1.2200000286102295,1.2274999618530273,1.2200000286102295,1.2274999618530273,674,0.0,0.0,2023-07-17
205,2023-07-17 12:57:00-04:00,1.225000023841858,1.225000023841858,1.225000023841858,1.225000023841858,205,0.0,0.0,2023-07-17
206,2023-07-17 12:58:00-04:00,1.225000023841858,1.2274999618530273,1.2200000286102295,1.2200000286102295,2510,0.0,0.0,2023-07-17
207,2023-07-17 12:59:00-04:00,1.2203999757766724,1.2274999618530273,1.2200000286102295,1.2200000286102295,2140,0.0,0.0,2023-07-17
208,2023-07-17 13:01:00-04:00,1.225000023841858,1.2274999618530273,1.225000023841858,1.225000023841858,1710,0.0,0.0,2023-07-17
209,2023-07-17 13:02:00-04:00,1.2295000553131104,1.2300000190734863,1.2274999618530273,1.2274999618530273,5266,0.0,0.0,2023-07-17
210,2023-07-17 13:03:00-04:00,1.2271000146865845,1.2271000146865845,1.225000023841858,1.225000023841858,6101,0.0,0.0,2023-07-17
211,2023-07-17 13:04:00-04:00,1.2200000286102295,1.2274999618530273,1.2200000286102295,1.2200000286102295,451,0.0,0.0,2023-07-17
212,2023-07-17 13:05:00-04:00,1.225000023841858,1.225000023841858,1.225000023841858,1.225000023841858,234,0.0,0.0,2023-07-17
213,2023-07-17 13:06:00-04:00,1.2274999618530273,1.2274999618530273,1.2200000286102295,1.2200000286102295,1886,0.0,0.0,2023-07-17
214,2023-07-17 13:07:00-04:00,1.2200000286102295,1.2274999618530273,1.2200000286102295,1.2274999618530273,952,0.0,0.0,2023-07-17
215,2023-07-17 13:08:00-04:00,1.2200000286102295,1.225000023841858,1.2200000286102295,1.225000023841858,4100,0.0,0.0,2023-07-17
216,2023-07-17 13:09:00-04:00,1.2200000286102295,1.2274999618530273,1.2200000286102295,1.225000023841858,468,0.0,0.0,2023-07-17
217,2023-07-17 13:10:00-04:00,1.2200000286102295,1.2274999618530273,1.2200000286102295,1.2201999425888062,10339,0.0,0.0,2023-07-17
218,2023-07-17 13:11:00-04:00,1.222599983215332,1.225000023841858,1.2200000286102295,1.2200000286102295,14149,0.0,0.0,2023-07-17
219,2023-07-17 13:12:00-04:00,1.2274999618530273,1.2300000190734863,1.2200000286102295,1.2300000190734863,1318,0.0,0.0,2023-07-17
220,2023-07-17 13:13:00-04:00,1.225000023841858,1.2300000190734863,1.2200000286102295,1.225000023841858,981,0.0,0.0,2023-07-17
221,2023-07-17 13:14:00-04:00,1.2276999950408936,1.2276999950408936,1.2200000286102295,1.2274999618530273,4113,0.0,0.0,2023-07-17
222,2023-07-17 13:15:00-04:00,1.2200000286102295,1.225000023841858,1.2200000286102295,1.225000023841858,1211,0.0,0.0,2023-07-17
223,2023-07-17 13:16:00-04:00,1.2274999618530273,1.2274999618530273,1.2272000312805176,1.2272000312805176,1112,0.0,0.0,2023-07-17
224,2023-07-17 13:17:00-04:00,1.2200000286102295,1.2299000024795532,1.2200000286102295,1.2200000286102295,1869,0.0,0.0,2023-07-17
225,2023-07-17 13:18:00-04:00,1.2274999618530273,1.2274999618530273,1.225000023841858,1.225000023841858,302,0.0,0.0,2023-07-17
226,2023-07-17 13:19:00-04:00,1.2200000286102295,1.2274999618530273,1.2200000286102295,1.2274999618530273,926,0.0,0.0,2023-07-17
227,2023-07-17 13:20:00-04:00,1.2200000286102295,1.225000023841858,1.2200000286102295,1.225000023841858,862,0.0,0.0,2023-07-17
228,2023-07-17 13:21:00-04:00,1.225000023841858,1.2300000190734863,1.2200000286102295,1.2203999757766724,10493,0.0,0.0,2023-07-17
229,2023-07-17 13:22:00-04:00,1.225000023841858,1.2285000085830688,1.225000023841858,1.225000023841858,699,0.0,0.0,2023-07-17
230,2023-07-17 13:23:00-04:00,1.2200000286102295,1.2300000190734863,1.2200000286102295,1.225000023841858,1538,0.0,0.0,2023-07-17
231,2023-07-17 13:24:00-04:00,1.225000023841858,1.225000023841858,1.2200000286102295,1.2200000286102295,1411,0.0,0.0,2023-07-17
232,2023-07-17 13:25:00-04:00,1.2200000286102295,1.2274999618530273,1.2200000286102295,1.2200000286102295,1880,0.0,0.0,2023-07-17
233,2023-07-17 13:27:00-04:00,1.225000023841858,1.225000023841858,1.225000023841858,1.225000023841858,631,0.0,0.0,2023-07-17
234,2023-07-17 13:28:00-04:00,1.2274999618530273,1.2274999618530273,1.225000023841858,1.225000023841858,300,0.0,0.0,2023-07-17
235,2023-07-17 13:29:00-04:00,1.225000023841858,1.225000023841858,1.225000023841858,1.225000023841858,521,0.0,0.0,2023-07-17
236,2023-07-17 13:30:00-04:00,1.2200000286102295,1.225000023841858,1.2200000286102295,1.225000023841858,444,0.0,0.0,2023-07-17
237,2023-07-17 13:31:00-04:00,1.2213000059127808,1.2300000190734863,1.2200000286102295,1.2300000190734863,724,0.0,0.0,2023-07-17
238,2023-07-17 13:32:00-04:00,1.225000023841858,1.2300000190734863,1.225000023841858,1.2300000190734863,20077,0.0,0.0,2023-07-17
239,2023-07-17 13:33:00-04:00,1.2300000190734863,1.2400000095367432,1.225000023841858,1.2350000143051147,61101,0.0,0.0,2023-07-17
240,2023-07-17 13:34:00-04:00,1.2350000143051147,1.2388999462127686,1.2350000143051147,1.2350000143051147,2026,0.0,0.0,2023-07-17
241,2023-07-17 13:35:00-04:00,1.2300000190734863,1.2350000143051147,1.2300000190734863,1.2350000143051147,200,0.0,0.0,2023-07-17
242,2023-07-17 13:36:00-04:00,1.2400000095367432,1.2400000095367432,1.2350000143051147,1.2350000143051147,3702,0.0,0.0,2023-07-17
243,2023-07-17 13:37:00-04:00,1.2350000143051147,1.2374999523162842,1.2350000143051147,1.2350000143051147,8744,0.0,0.0,2023-07-17
244,2023-07-17 13:38:00-04:00,1.2400000095367432,1.2400000095367432,1.2317999601364136,1.2350000143051147,2585,0.0,0.0,2023-07-17
245,2023-07-17 13:39:00-04:00,1.236899971961975,1.236899971961975,1.236899971961975,1.236899971961975,467,0.0,0.0,2023-07-17
246,2023-07-17 13:40:00-04:00,1.2300000190734863,1.2350000143051147,1.2300000190734863,1.2301000356674194,1015,0.0,0.0,2023-07-17
247,2023-07-17 13:41:00-04:00,1.2350000143051147,1.2350000143051147,1.2350000143051147,1.2350000143051147,301,0.0,0.0,2023-07-17
248,2023-07-17 13:42:00-04:00,1.2350000143051147,1.2350000143051147,1.2300000190734863,1.2350000143051147,1351,0.0,0.0,2023-07-17
249,2023-07-17 13:43:00-04:00,1.2300000190734863,1.2300000190734863,1.2300000190734863,1.2300000190734863,701,0.0,0.0,2023-07-17
250,2023-07-17 13:44:00-04:00,1.2374999523162842,1.2374999523162842,1.2300000190734863,1.2300000190734863,3974,0.0,0.0,2023-07-17
251,2023-07-17 13:45:00-04:00,1.2300000190734863,1.2350000143051147,1.2200000286102295,1.225000023841858,36872,0.0,0.0,2023-07-17
252,2023-07-17 13:46:00-04:00,1.2200000286102295,1.2300000190734863,1.2200000286102295,1.225000023841858,33093,0.0,0.0,2023-07-17
253,2023-07-17 13:47:00-04:00,1.225000023841858,1.225000023841858,1.2200000286102295,1.2200000286102295,900,0.0,0.0,2023-07-17
254,2023-07-17 13:48:00-04:00,1.225000023841858,1.2266000509262085,1.225000023841858,1.2266000509262085,3465,0.0,0.0,2023-07-17
255,2023-07-17 13:49:00-04:00,1.2200000286102295,1.2285000085830688,1.2200000286102295,1.225000023841858,1474,0.0,0.0,2023-07-17
256,2023-07-17 13:50:00-04:00,1.2200000286102295,1.2299000024795532,1.2200000286102295,1.2299000024795532,5511,0.0,0.0,2023-07-17
257,2023-07-17 13:51:00-04:00,1.2300000190734863,1.2300000190734863,1.225000023841858,1.225000023841858,1486,0.0,0.0,2023-07-17
258,2023-07-17 13:52:00-04:00,1.2266000509262085,1.2266000509262085,1.2200000286102295,1.2218999862670898,4010,0.0,0.0,2023-07-17
259,2023-07-17 13:53:00-04:00,1.2200000286102295,1.2300000190734863,1.2200000286102295,1.2300000190734863,6504,0.0,0.0,2023-07-17
260,2023-07-17 13:54:00-04:00,1.2300000190734863,1.2300000190734863,1.225000023841858,1.225000023841858,1850,0.0,0.0,2023-07-17
261,2023-07-17 13:55:00-04:00,1.2300000190734863,1.2300000190734863,1.225000023841858,1.2299000024795532,1439,0.0,0.0,2023-07-17
262,2023-07-17 13:56:00-04:00,1.2300000190734863,1.2300000190734863,1.2252000570297241,1.2300000190734863,1121,0.0,0.0,2023-07-17
263,2023-07-17 13:57:00-04:00,1.2300000190734863,1.2400000095367432,1.2269999980926514,1.2400000095367432,43340,0.0,0.0,2023-07-17
264,2023-07-17 13:58:00-04:00,1.2400000095367432,1.2400000095367432,1.2301000356674194,1.2350000143051147,1201,0.0,0.0,2023-07-17
265,2023-07-17 13:59:00-04:00,1.2350000143051147,1.2400000095367432,1.2301000356674194,1.2400000095367432,9298,0.0,0.0,2023-07-17
266,2023-07-17 14:00:00-04:00,1.2400000095367432,1.2400000095367432,1.2300000190734863,1.2371000051498413,3707,0.0,0.0,2023-07-17
267,2023-07-17 14:01:00-04:00,1.2400000095367432,1.2400000095367432,1.2350000143051147,1.2350000143051147,920,0.0,0.0,2023-07-17
268,2023-07-17 14:02:00-04:00,1.2350000143051147,1.2400000095367432,1.2350000143051147,1.2400000095367432,1113,0.0,0.0,2023-07-17
269,2023-07-17 14:03:00-04:00,1.2400000095367432,1.2400000095367432,1.2350000143051147,1.2395000457763672,4146,0.0,0.0,2023-07-17
270,2023-07-17 14:04:00-04:00,1.2400000095367432,1.2400000095367432,1.2300000190734863,1.2400000095367432,4917,0.0,0.0,2023-07-17
271,2023-07-17 14:05:00-04:00,1.2400000095367432,1.2400000095367432,1.2350000143051147,1.2400000095367432,701,0.0,0.0,2023-07-17
272,2023-07-17 14:06:00-04:00,1.2400000095367432,1.2400000095367432,1.2400000095367432,1.2400000095367432,803,0.0,0.0,2023-07-17
273,2023-07-17 14:07:00-04:00,1.2350000143051147,1.2400000095367432,1.2350000143051147,1.2400000095367432,801,0.0,0.0,2023-07-17
274,2023-07-17 14:08:00-04:00,1.2400000095367432,1.2400000095367432,1.2375999689102173,1.2400000095367432,889,0.0,0.0,2023-07-17
275,2023-07-17 14:09:00-04:00,1.2400000095367432,1.2400000095367432,1.2301000356674194,1.2400000095367432,4606,0.0,0.0,2023-07-17
276,2023-07-17 14:10:00-04:00,1.2400000095367432,1.2400000095367432,1.2350000143051147,1.2400000095367432,1513,0.0,0.0,2023-07-17
277,2023-07-17 14:11:00-04:00,1.2400000095367432,1.2400000095367432,1.2400000095367432,1.2400000095367432,3495,0.0,0.0,2023-07-17
278,2023-07-17 14:12:00-04:00,1.2350000143051147,1.2400000095367432,1.2350000143051147,1.2400000095367432,1900,0.0,0.0,2023-07-17
279,2023-07-17 14:13:00-04:00,1.2380000352859497,1.2400000095367432,1.2350000143051147,1.2400000095367432,86250,0.0,0.0,2023-07-17
280,2023-07-17 14:14:00-04:00,1.2400000095367432,1.2477999925613403,1.2350000143051147,1.2450000047683716,25883,0.0,0.0,2023-07-17
281,2023-07-17 14:15:00-04:00,1.2400000095367432,1.2450000047683716,1.2400000095367432,1.2450000047683716,8449,0.0,0.0,2023-07-17
282,2023-07-17 14:16:00-04:00,1.2400000095367432,1.25,1.2400000095367432,1.25,16382,0.0,0.0,2023-07-17
283,2023-07-17 14:17:00-04:00,1.25,1.25,1.2415000200271606,1.2415000200271606,1498,0.0,0.0,2023-07-17
284,2023-07-17 14:18:00-04:00,1.2450000047683716,1.25,1.2400000095367432,1.25,3601,0.0,0.0,2023-07-17
285,2023-07-17 14:19:00-04:00,1.25,1.25,1.2400000095367432,1.2400000095367432,2301,0.0,0.0,2023-07-17
286,2023-07-17 14:20:00-04:00,1.25,1.25,1.2400000095367432,1.25,5743,0.0,0.0,2023-07-17
287,2023-07-17 14:21:00-04:00,1.25,1.25,1.2450000047683716,1.25,768,0.0,0.0,2023-07-17
288,2023-07-17 14:22:00-04:00,1.2450000047683716,1.25,1.2400000095367432,1.2400000095367432,2029,0.0,0.0,2023-07-17
289,2023-07-17 14:23:00-04:00,1.25,1.25,1.2450000047683716,1.2450000047683716,1037,0.0,0.0,2023-07-17
290,2023-07-17 14:24:00-04:00,1.2450000047683716,1.25,1.2400000095367432,1.2450000047683716,19059,0.0,0.0,2023-07-17
291,2023-07-17 14:25:00-04:00,1.2450000047683716,1.25,1.2400000095367432,1.2450000047683716,9200,0.0,0.0,2023-07-17
292,2023-07-17 14:26:00-04:00,1.2450000047683716,1.25,1.2450000047683716,1.2450000047683716,10018,0.0,0.0,2023-07-17
293,2023-07-17 14:27:00-04:00,1.2450000047683716,1.25,1.2450000047683716,1.2450000047683716,8788,0.0,0.0,2023-07-17
294,2023-07-17 14:28:00-04:00,1.2450000047683716,1.247499942779541,1.2400000095367432,1.2450000047683716,1404,0.0,0.0,2023-07-17
295,2023-07-17 14:29:00-04:00,1.2400000095367432,1.25,1.2400000095367432,1.25,1457,0.0,0.0,2023-07-17
296,2023-07-17 14:30:00-04:00,1.25,1.25,1.2400000095367432,1.2450000047683716,1725,0.0,0.0,2023-07-17
297,2023-07-17 14:31:00-04:00,1.25,1.25,1.2411999702453613,1.25,10910,0.0,0.0,2023-07-17
298,2023-07-17 14:32:00-04:00,1.2450000047683716,1.25,1.2450000047683716,1.25,802,0.0,0.0,2023-07-17
299,2023-07-17 14:33:00-04:00,1.25,1.25,1.2400000095367432,1.247499942779541,1638,0.0,0.0,2023-07-17
300,2023-07-17 14:34:00-04:00,1.2450000047683716,1.25,1.2400000095367432,1.25,2007,0.0,0.0,2023-07-17
301,2023-07-17 14:35:00-04:00,1.25,1.25,1.2400000095367432,1.25,5238,0.0,0.0,2023-07-17
302,2023-07-17 14:36:00-04:00,1.25,1.25,1.2400000095367432,1.2450000047683716,7465,0.0,0.0,2023-07-17
303,2023-07-17 14:37:00-04:00,1.25,1.25,1.2450000047683716,1.25,2260,0.0,0.0,2023-07-17
304,2023-07-17 14:38:00-04:00,1.2450000047683716,1.25,1.2450000047683716,1.25,802,0.0,0.0,2023-07-17
305,2023-07-17 14:39:00-04:00,1.2490999698638916,1.25,1.2490999698638916,1.25,4182,0.0,0.0,2023-07-17
306,2023-07-17 14:40:00-04:00,1.2450000047683716,1.25,1.2450000047683716,1.25,1287,0.0,0.0,2023-07-17
307,2023-07-17 14:41:00-04:00,1.25,1.25,1.2417000532150269,1.25,3760,0.0,0.0,2023-07-17
308,2023-07-17 14:42:00-04:00,1.2450000047683716,1.25,1.2450000047683716,1.25,40938,0.0,0.0,2023-07-17
309,2023-07-17 14:43:00-04:00,1.25,1.25,1.2450000047683716,1.2450000047683716,34600,0.0,0.0,2023-07-17
310,2023-07-17 14:44:00-04:00,1.25,1.25,1.2450000047683716,1.2473000288009644,8672,0.0,0.0,2023-07-17
311,2023-07-17 14:45:00-04:00,1.25,1.25,1.2472000122070312,1.25,2923,0.0,0.0,2023-07-17
312,2023-07-17 14:46:00-04:00,1.25,1.25,1.2450000047683716,1.25,801,0.0,0.0,2023-07-17
313,2023-07-17 14:47:00-04:00,1.25,1.25,1.2400000095367432,1.2450000047683716,7862,0.0,0.0,2023-07-17
314,2023-07-17 14:48:00-04:00,1.2450000047683716,1.2450000047683716,1.2450000047683716,1.2450000047683716,3721,0.0,0.0,2023-07-17
315,2023-07-17 14:49:00-04:00,1.2450000047683716,1.25,1.2400000095367432,1.25,3796,0.0,0.0,2023-07-17
316,2023-07-17 14:50:00-04:00,1.2410000562667847,1.25,1.2400000095367432,1.25,2609,0.0,0.0,2023-07-17
317,2023-07-17 14:51:00-04:00,1.2450000047683716,1.25,1.2419999837875366,1.25,1208,0.0,0.0,2023-07-17
318,2023-07-17 14:52:00-04:00,1.2450000047683716,1.25,1.2436000108718872,1.25,1762,0.0,0.0,2023-07-17
319,2023-07-17 14:53:00-04:00,1.2450000047683716,1.25,1.2450000047683716,1.2450000047683716,854,0.0,0.0,2023-07-17
320,2023-07-17 14:54:00-04:00,1.2450000047683716,1.25,1.2400000095367432,1.2450000047683716,1740,0.0,0.0,2023-07-17
321,2023-07-17 14:55:00-04:00,1.25,1.25,1.2450000047683716,1.25,2201,0.0,0.0,2023-07-17
322,2023-07-17 14:56:00-04:00,1.25,1.25,1.240399956703186,1.240399956703186,664,0.0,0.0,2023-07-17
323,2023-07-17 14:57:00-04:00,1.25,1.25,1.2450000047683716,1.25,1744,0.0,0.0,2023-07-17
324,2023-07-17 14:58:00-04:00,1.25,1.25,1.2450000047683716,1.2487000226974487,904,0.0,0.0,2023-07-17
325,2023-07-17 14:59:00-04:00,1.25,1.25,1.2450000047683716,1.2479000091552734,2242,0.0,0.0,2023-07-17
326,2023-07-17 15:00:00-04:00,1.2450000047683716,1.25,1.2401000261306763,1.25,7932,0.0,0.0,2023-07-17
327,2023-07-17 15:01:00-04:00,1.25,1.25,1.2450000047683716,1.2450000047683716,12203,0.0,0.0,2023-07-17
328,2023-07-17 15:02:00-04:00,1.25,1.25,1.2450000047683716,1.25,1101,0.0,0.0,2023-07-17
329,2023-07-17 15:03:00-04:00,1.25,1.25,1.2424999475479126,1.2482000589370728,810,0.0,0.0,2023-07-17
330,2023-07-17 15:04:00-04:00,1.25,1.25,1.2450000047683716,1.2450000047683716,8055,0.0,0.0,2023-07-17
331,2023-07-17 15:05:00-04:00,1.25,1.25,1.2450000047683716,1.25,753,0.0,0.0,2023-07-17
332,2023-07-17 15:06:00-04:00,1.25,1.25,1.2481000423431396,1.2481000423431396,931,0.0,0.0,2023-07-17
333,2023-07-17 15:07:00-04:00,1.25,1.25,1.2450000047683716,1.2450000047683716,955,0.0,0.0,2023-07-17
334,2023-07-17 15:08:00-04:00,1.25,1.25,1.2450000047683716,1.2450000047683716,4803,0.0,0.0,2023-07-17
335,2023-07-17 15:09:00-04:00,1.25,1.25,1.2400000095367432,1.2450000047683716,933,0.0,0.0,2023-07-17
336,2023-07-17 15:10:00-04:00,1.2450000047683716,1.25,1.2400000095367432,1.2450000047683716,1445,0.0,0.0,2023-07-17
337,2023-07-17 15:11:00-04:00,1.2450000047683716,1.246899962425232,1.2300000190734863,1.2300000190734863,61160,0.0,0.0,2023-07-17
338,2023-07-17 15:12:00-04:00,1.2350000143051147,1.2400000095367432,1.2350000143051147,1.2350000143051147,58942,0.0,0.0,2023-07-17
339,2023-07-17 15:13:00-04:00,1.23989999294281,1.2400000095367432,1.2350000143051147,1.2350000143051147,463,0.0,0.0,2023-07-17
340,2023-07-17 15:14:00-04:00,1.236299991607666,1.236299991607666,1.236299991607666,1.236299991607666,175,0.0,0.0,2023-07-17
341,2023-07-17 15:15:00-04:00,1.2350000143051147,1.2350000143051147,1.2350000143051147,1.2350000143051147,755,0.0,0.0,2023-07-17
342,2023-07-17 15:16:00-04:00,1.2350000143051147,1.2389999628067017,1.2350000143051147,1.2388999462127686,2861,0.0,0.0,2023-07-17
343,2023-07-17 15:17:00-04:00,1.2340999841690063,1.2400000095367432,1.2340999841690063,1.2350000143051147,2084,0.0,0.0,2023-07-17
344,2023-07-17 15:18:00-04:00,1.2400000095367432,1.2400000095367432,1.2300000190734863,1.2300000190734863,20488,0.0,0.0,2023-07-17
345,2023-07-17 15:19:00-04:00,1.2300000190734863,1.2350000143051147,1.2300000190734863,1.2350000143051147,8420,0.0,0.0,2023-07-17
346,2023-07-17 15:20:00-04:00,1.2395000457763672,1.2400000095367432,1.2300000190734863,1.2350000143051147,6311,0.0,0.0,2023-07-17
347,2023-07-17 15:21:00-04:00,1.2350000143051147,1.2383999824523926,1.2300000190734863,1.2350000143051147,24824,0.0,0.0,2023-07-17
348,2023-07-17 15:22:00-04:00,1.2350000143051147,1.2400000095367432,1.2300000190734863,1.2350000143051147,17810,0.0,0.0,2023-07-17
349,2023-07-17 15:23:00-04:00,1.2300000190734863,1.2350000143051147,1.2300000190734863,1.2350000143051147,2622,0.0,0.0,2023-07-17
350,2023-07-17 15:24:00-04:00,1.2350000143051147,1.2350000143051147,1.2300000190734863,1.2300000190734863,2512,0.0,0.0,2023-07-17
351,2023-07-17 15:25:00-04:00,1.2300000190734863,1.2350000143051147,1.2300000190734863,1.2350000143051147,2655,0.0,0.0,2023-07-17
352,2023-07-17 15:26:00-04:00,1.2350000143051147,1.2400000095367432,1.2300000190734863,1.2350000143051147,8131,0.0,0.0,2023-07-17
353,2023-07-17 15:27:00-04:00,1.2350000143051147,1.2400000095367432,1.2300000190734863,1.2350000143051147,2300,0.0,0.0,2023-07-17
354,2023-07-17 15:28:00-04:00,1.2350000143051147,1.2400000095367432,1.2300000190734863,1.2400000095367432,15089,0.0,0.0,2023-07-17
355,2023-07-17 15:29:00-04:00,1.2400000095367432,1.2400000095367432,1.2300000190734863,1.2305999994277954,13840,0.0,0.0,2023-07-17
356,2023-07-17 15:30:00-04:00,1.2400000095367432,1.2400000095367432,1.2301000356674194,1.2400000095367432,3443,0.0,0.0,2023-07-17
357,2023-07-17 15:31:00-04:00,1.2400000095367432,1.2400000095367432,1.2350000143051147,1.2400000095367432,1708,0.0,0.0,2023-07-17
358,2023-07-17 15:32:00-04:00,1.2400000095367432,1.2400000095367432,1.2350000143051147,1.2400000095367432,920,0.0,0.0,2023-07-17
359,2023-07-17 15:33:00-04:00,1.2350000143051147,1.2400000095367432,1.2300000190734863,1.2350000143051147,3410,0.0,0.0,2023-07-17
360,2023-07-17 15:34:00-04:00,1.2400000095367432,1.2400000095367432,1.2350000143051147,1.2400000095367432,1392,0.0,0.0,2023-07-17
361,2023-07-17 15:35:00-04:00,1.2350000143051147,1.2400000095367432,1.2350000143051147,1.2350000143051147,1785,0.0,0.0,2023-07-17
362,2023-07-17 15:36:00-04:00,1.2350000143051147,1.2400000095367432,1.2300000190734863,1.2350000143051147,12169,0.0,0.0,2023-07-17
363,2023-07-17 15:37:00-04:00,1.2350000143051147,1.2400000095367432,1.2350000143051147,1.2350000143051147,2000,0.0,0.0,2023-07-17
364,2023-07-17 15:38:00-04:00,1.2350000143051147,1.2400000095367432,1.2300000190734863,1.2350000143051147,47862,0.0,0.0,2023-07-17
365,2023-07-17 15:39:00-04:00,1.2400000095367432,1.2400000095367432,1.2350000143051147,1.2400000095367432,13376,0.0,0.0,2023-07-17
366,2023-07-17 15:40:00-04:00,1.236899971961975,1.2400000095367432,1.2350000143051147,1.2400000095367432,14505,0.0,0.0,2023-07-17
367,2023-07-17 15:41:00-04:00,1.2400000095367432,1.2400000095367432,1.2350000143051147,1.2350000143051147,7427,0.0,0.0,2023-07-17
368,2023-07-17 15:42:00-04:00,1.2400000095367432,1.2400000095367432,1.2350000143051147,1.2400000095367432,800,0.0,0.0,2023-07-17
369,2023-07-17 15:43:00-04:00,1.2400000095367432,1.25,1.2400000095367432,1.25,24387,0.0,0.0,2023-07-17
370,2023-07-17 15:44:00-04:00,1.2447999715805054,1.25,1.2447999715805054,1.2450000047683716,4000,0.0,0.0,2023-07-17
371,2023-07-17 15:45:00-04:00,1.25,1.25,1.2450000047683716,1.25,6599,0.0,0.0,2023-07-17
372,2023-07-17 15:46:00-04:00,1.2450000047683716,1.25,1.2400000095367432,1.2400000095367432,52943,0.0,0.0,2023-07-17
373,2023-07-17 15:47:00-04:00,1.25,1.25,1.2400000095367432,1.2450000047683716,21798,0.0,0.0,2023-07-17
374,2023-07-17 15:48:00-04:00,1.2400000095367432,1.249899983406067,1.2400000095367432,1.249899983406067,26792,0.0,0.0,2023-07-17
375,2023-07-17 15:49:00-04:00,1.2450000047683716,1.25,1.2400000095367432,1.2450000047683716,14384,0.0,0.0,2023-07-17
376,2023-07-17 15:50:00-04:00,1.2450000047683716,1.25,1.2400000095367432,1.2450000047683716,13039,0.0,0.0,2023-07-17
377,2023-07-17 15:51:00-04:00,1.2450000047683716,1.25,1.2400000095367432,1.246899962425232,11867,0.0,0.0,2023-07-17
378,2023-07-17 15:52:00-04:00,1.25,1.25,1.2400000095367432,1.2450000047683716,5855,0.0,0.0,2023-07-17
379,2023-07-17 15:53:00-04:00,1.25,1.25,1.2400000095367432,1.2450000047683716,3126,0.0,0.0,2023-07-17
380,2023-07-17 15:54:00-04:00,1.2450000047683716,1.25,1.2400000095367432,1.2400000095367432,48694,0.0,0.0,2023-07-17
381,2023-07-17 15:55:00-04:00,1.2400000095367432,1.25,1.2400000095367432,1.2400000095367432,50033,0.0,0.0,2023-07-17
382,2023-07-17 15:56:00-04:00,1.2400000095367432,1.25,1.2400000095367432,1.2400000095367432,24944,0.0,0.0,2023-07-17
383,2023-07-17 15:57:00-04:00,1.2450000047683716,1.25,1.2400000095367432,1.2450000047683716,21403,0.0,0.0,2023-07-17
384,2023-07-17 15:58:00-04:00,1.25,1.25,1.2400000095367432,1.2450000047683716,26515,0.0,0.0,2023-07-17
385,2023-07-17 15:59:00-04:00,1.2450000047683716,1.25,1.2400000095367432,1.2400000095367432,46268,0.0,0.0,2023-07-17
386,2023-07-18 09:30:00-04:00,1.25,1.25,1.25,1.25,23974,0.0,0.0,2023-07-18
387,2023-07-18 09:31:00-04:00,1.2599999904632568,1.2699999809265137,1.25,1.2599999904632568,39888,0.0,0.0,2023-07-18
388,2023-07-18 09:32:00-04:00,1.2503000497817993,1.2699999809265137,1.25,1.2649999856948853,11319,0.0,0.0,2023-07-18
389,2023-07-18 09:33:00-04:00,1.2699999809265137,1.2699999809265137,1.2615000009536743,1.2699999809265137,10899,0.0,0.0,2023-07-18
390,2023-07-18 09:34:00-04:00,1.2649999856948853,1.2698999643325806,1.2599999904632568,1.2698999643325806,9924,0.0,0.0,2023-07-18
391,2023-07-18 09:35:00-04:00,1.2699999809265137,1.2799999713897705,1.2699999809265137,1.2699999809265137,20020,0.0,0.0,2023-07-18
392,2023-07-18 09:36:00-04:00,1.2699999809265137,1.274999976158142,1.2599999904632568,1.2626999616622925,7369,0.0,0.0,2023-07-18
393,2023-07-18 09:37:00-04:00,1.2699999809265137,1.2699999809265137,1.26010000705719,1.26010000705719,14378,0.0,0.0,2023-07-18
394,2023-07-18 09:38:00-04:00,1.2698999643325806,1.2698999643325806,1.2649999856948853,1.2653000354766846,6972,0.0,0.0,2023-07-18
395,2023-07-18 09:39:00-04:00,1.2699999809265137,1.2699999809265137,1.2698999643325806,1.2699999809265137,5846,0.0,0.0,2023-07-18
396,2023-07-18 09:40:00-04:00,1.2649999856948853,1.268399953842163,1.2599999904632568,1.2599999904632568,5213,0.0,0.0,2023-07-18
397,2023-07-18 09:41:00-04:00,1.2599999904632568,1.2699999809265137,1.2599999904632568,1.2699999809265137,506,0.0,0.0,2023-07-18
398,2023-07-18 09:42:00-04:00,1.2649999856948853,1.2699999809265137,1.2599999904632568,1.2649999856948853,8846,0.0,0.0,2023-07-18
399,2023-07-18 09:43:00-04:00,1.2699999809265137,1.2733999490737915,1.2699999809265137,1.2733999490737915,9607,0.0,0.0,2023-07-18
400,2023-07-18 09:44:00-04:00,1.2798999547958374,1.2799999713897705,1.2699999809265137,1.2699999809265137,9505,0.0,0.0,2023-07-18
401,2023-07-18 09:45:00-04:00,1.2699999809265137,1.2798999547958374,1.2599999904632568,1.2608000040054321,22637,0.0,0.0,2023-07-18
402,2023-07-18 09:46:00-04:00,1.26010000705719,1.2699999809265137,1.2599999904632568,1.2649999856948853,14957,0.0,0.0,2023-07-18
403,2023-07-18 09:47:00-04:00,1.2698999643325806,1.2699999809265137,1.2649999856948853,1.2699999809265137,5434,0.0,0.0,2023-07-18
404,2023-07-18 09:48:00-04:00,1.2685999870300293,1.2699999809265137,1.2685999870300293,1.2699999809265137,4452,0.0,0.0,2023-07-18
405,2023-07-18 09:49:00-04:00,1.2699999809265137,1.2799999713897705,1.2699999809265137,1.2699999809265137,34972,0.0,0.0,2023-07-18
406,2023-07-18 09:50:00-04:00,1.2792999744415283,1.2899999618530273,1.2792999744415283,1.2899999618530273,36753,0.0,0.0,2023-07-18
407,2023-07-18 09:51:00-04:00,1.2799999713897705,1.2899999618530273,1.2799999713897705,1.2899999618530273,7867,0.0,0.0,2023-07-18
408,2023-07-18 09:52:00-04:00,1.2899999618530273,1.2899999618530273,1.2799999713897705,1.2894999980926514,16741,0.0,0.0,2023-07-18
409,2023-07-18 09:53:00-04:00,1.2899999618530273,1.2899999618530273,1.281599998474121,1.2884999513626099,17409,0.0,0.0,2023-07-18
410,2023-07-18 09:54:00-04:00,1.298799991607666,1.2999999523162842,1.2900999784469604,1.2999999523162842,44194,0.0,0.0,2023-07-18
411,2023-07-18 09:55:00-04:00,1.2999999523162842,1.2999999523162842,1.2899999618530273,1.2999999523162842,40035,0.0,0.0,2023-07-18
412,2023-07-18 09:56:00-04:00,1.2949999570846558,1.2999999523162842,1.2899999618530273,1.2999999523162842,8140,0.0,0.0,2023-07-18
413,2023-07-18 09:57:00-04:00,1.2999999523162842,1.2999999523162842,1.2899999618530273,1.2999999523162842,9949,0.0,0.0,2023-07-18
414,2023-07-18 09:58:00-04:00,1.2918000221252441,1.309999942779541,1.2918000221252441,1.3049999475479126,103080,0.0,0.0,2023-07-18
415,2023-07-18 09:59:00-04:00,1.2999999523162842,1.309999942779541,1.2999999523162842,1.3049999475479126,91110,0.0,0.0,2023-07-18
416,2023-07-18 10:00:00-04:00,1.3049999475479126,1.309499979019165,1.3014999628067017,1.3014999628067017,8336,0.0,0.0,2023-07-18
417,2023-07-18 10:01:00-04:00,1.3000999689102173,1.315000057220459,1.2999999523162842,1.315000057220459,42210,0.0,0.0,2023-07-18
418,2023-07-18 10:02:00-04:00,1.315000057220459,1.3200000524520874,1.3049999475479126,1.315000057220459,109441,0.0,0.0,2023-07-18
419,2023-07-18 10:03:00-04:00,1.3108999729156494,1.31850004196167,1.309999942779541,1.309999942779541,33015,0.0,0.0,2023-07-18
420,2023-07-18 10:04:00-04:00,1.309999942779541,1.3200000524520874,1.309999942779541,1.309999942779541,8270,0.0,0.0,2023-07-18
421,2023-07-18 10:05:00-04:00,1.3100999593734741,1.319200038909912,1.309999942779541,1.309999942779541,58736,0.0,0.0,2023-07-18
422,2023-07-18 10:06:00-04:00,1.315000057220459,1.3200000524520874,1.309999942779541,1.315000057220459,13916,0.0,0.0,2023-07-18
423,2023-07-18 10:07:00-04:00,1.315000057220459,1.3200000524520874,1.309999942779541,1.31850004196167,21536,0.0,0.0,2023-07-18
424,2023-07-18 10:08:00-04:00,1.3199000358581543,1.3199000358581543,1.309999942779541,1.3181999921798706,19548,0.0,0.0,2023-07-18
425,2023-07-18 10:09:00-04:00,1.3101999759674072,1.3199000358581543,1.309999942779541,1.309999942779541,4054,0.0,0.0,2023-07-18
426,2023-07-18 10:10:00-04:00,1.3114999532699585,1.3200000524520874,1.309999942779541,1.309999942779541,3952,0.0,0.0,2023-07-18
427,2023-07-18 10:11:00-04:00,1.3200000524520874,1.3200000524520874,1.315000057220459,1.315000057220459,2353,0.0,0.0,2023-07-18
428,2023-07-18 10:12:00-04:00,1.3199000358581543,1.3199000358581543,1.309999942779541,1.309999942779541,3131,0.0,0.0,2023-07-18
429,2023-07-18 10:14:00-04:00,1.319100022315979,1.3200000524520874,1.309999942779541,1.3172999620437622,4559,0.0,0.0,2023-07-18
430,2023-07-18 10:15:00-04:00,1.315000057220459,1.3300000429153442,1.315000057220459,1.3300000429153442,37035,0.0,0.0,2023-07-18
431,2023-07-18 10:16:00-04:00,1.3289999961853027,1.3299000263214111,1.3200000524520874,1.3200000524520874,12204,0.0,0.0,2023-07-18
432,2023-07-18 10:17:00-04:00,1.3300000429153442,1.3300000429153442,1.3200000524520874,1.3200000524520874,20481,0.0,0.0,2023-07-18
433,2023-07-18 10:18:00-04:00,1.3250000476837158,1.3300000429153442,1.3200000524520874,1.3252999782562256,5993,0.0,0.0,2023-07-18
434,2023-07-18 10:19:00-04:00,1.3300000429153442,1.3300000429153442,1.3200000524520874,1.3300000429153442,19330,0.0,0.0,2023-07-18
435,2023-07-18 10:20:00-04:00,1.3250000476837158,1.3300000429153442,1.3246999979019165,1.3250000476837158,11752,0.0,0.0,2023-07-18
436,2023-07-18 10:21:00-04:00,1.3300000429153442,1.340000033378601,1.3300000429153442,1.340000033378601,70447,0.0,0.0,2023-07-18
437,2023-07-18 10:22:00-04:00,1.3396999835968018,1.340000033378601,1.3300000429153442,1.340000033378601,46508,0.0,0.0,2023-07-18
438,2023-07-18 10:23:00-04:00,1.340000033378601,1.350000023841858,1.340000033378601,1.350000023841858,37784,0.0,0.0,2023-07-18
439,2023-07-18 10:24:00-04:00,1.340000033378601,1.350000023841858,1.340000033378601,1.3450000286102295,6916,0.0,0.0,2023-07-18
440,2023-07-18 10:25:00-04:00,1.3450000286102295,1.350000023841858,1.340000033378601,1.3413000106811523,6162,0.0,0.0,2023-07-18
441,2023-07-18 10:26:00-04:00,1.340000033378601,1.340000033378601,1.3300000429153442,1.3385000228881836,60842,0.0,0.0,2023-07-18
442,2023-07-18 10:27:00-04:00,1.330899953842163,1.339900016784668,1.3300000429153442,1.3300000429153442,9556,0.0,0.0,2023-07-18
443,2023-07-18 10:28:00-04:00,1.3320000171661377,1.3327000141143799,1.3300000429153442,1.3300000429153442,18031,0.0,0.0,2023-07-18
444,2023-07-18 10:29:00-04:00,1.3327000141143799,1.3350000381469727,1.3300000429153442,1.3300000429153442,22752,0.0,0.0,2023-07-18
445,2023-07-18 10:30:00-04:00,1.3300000429153442,1.3350000381469727,1.3200000524520874,1.3300000429153442,47387,0.0,0.0,2023-07-18
446,2023-07-18 10:31:00-04:00,1.3300000429153442,1.3300000429153442,1.3214000463485718,1.3214999437332153,12932,0.0,0.0,2023-07-18
447,2023-07-18 10:32:00-04:00,1.3200000524520874,1.3250000476837158,1.3200000524520874,1.3200000524520874,14350,0.0,0.0,2023-07-18
448,2023-07-18 10:33:00-04:00,1.3200000524520874,1.3216999769210815,1.3200000524520874,1.3216999769210815,8437,0.0,0.0,2023-07-18
449,2023-07-18 10:34:00-04:00,1.320099949836731,1.3300000429153442,1.320099949836731,1.3299000263214111,24161,0.0,0.0,2023-07-18
450,2023-07-18 10:35:00-04:00,1.320099949836731,1.3300000429153442,1.320099949836731,1.3300000429153442,43823,0.0,0.0,2023-07-18
451,2023-07-18 10:36:00-04:00,1.340000033378601,1.3450000286102295,1.3300000429153442,1.3450000286102295,40606,0.0,0.0,2023-07-18
452,2023-07-18 10:37:00-04:00,1.3450000286102295,1.350000023841858,1.3401000499725342,1.3450000286102295,17989,0.0,0.0,2023-07-18
453,2023-07-18 10:38:00-04:00,1.3450000286102295,1.350000023841858,1.340000033378601,1.3415000438690186,21668,0.0,0.0,2023-07-18
454,2023-07-18 10:39:00-04:00,1.340000033378601,1.3401999473571777,1.3350000381469727,1.3350000381469727,83391,0.0,0.0,2023-07-18
455,2023-07-18 10:40:00-04:00,1.340000033378601,1.340000033378601,1.3300000429153442,1.3343000411987305,6893,0.0,0.0,2023-07-18
456,2023-07-18 10:41:00-04:00,1.3300000429153442,1.340000033378601,1.3300000429153442,1.3300000429153442,10271,0.0,0.0,2023-07-18
457,2023-07-18 10:42:00-04:00,1.3301000595092773,1.340000033378601,1.3301000595092773,1.339900016784668,8039,0.0,0.0,2023-07-18
458,2023-07-18 10:43:00-04:00,1.3350000381469727,1.340000033378601,1.3327000141143799,1.3327000141143799,13053,0.0,0.0,2023-07-18
459,2023-07-18 10:44:00-04:00,1.339900016784668,1.340000033378601,1.3350000381469727,1.340000033378601,7016,0.0,0.0,2023-07-18
460,2023-07-18 10:45:00-04:00,1.3315000534057617,1.3315000534057617,1.3300000429153442,1.3300000429153442,8374,0.0,0.0,2023-07-18
461,2023-07-18 10:46:00-04:00,1.3398000001907349,1.3398000001907349,1.3331999778747559,1.339400053024292,727,0.0,0.0,2023-07-18
462,2023-07-18 10:47:00-04:00,1.340000033378601,1.340000033378601,1.3300000429153442,1.340000033378601,7815,0.0,0.0,2023-07-18
463,2023-07-18 10:48:00-04:00,1.3350000381469727,1.347000002861023,1.3350000381469727,1.3450000286102295,64117,0.0,0.0,2023-07-18
464,2023-07-18 10:49:00-04:00,1.340000033378601,1.350000023841858,1.340000033378601,1.3423000574111938,22634,0.0,0.0,2023-07-18
465,2023-07-18 10:50:00-04:00,1.350000023841858,1.350000023841858,1.3408000469207764,1.3464000225067139,11835,0.0,0.0,2023-07-18
466,2023-07-18 10:51:00-04:00,1.3416999578475952,1.350000023841858,1.340000033378601,1.3450000286102295,6632,0.0,0.0,2023-07-18
467,2023-07-18 10:52:00-04:00,1.3450000286102295,1.350000023841858,1.340000033378601,1.340000033378601,18137,0.0,0.0,2023-07-18
468,2023-07-18 10:53:00-04:00,1.350000023841858,1.350000023841858,1.3415000438690186,1.350000023841858,14423,0.0,0.0,2023-07-18
469,2023-07-18 10:54:00-04:00,1.3415000438690186,1.350000023841858,1.340000033378601,1.3450000286102295,10345,0.0,0.0,2023-07-18
470,2023-07-18 10:55:00-04:00,1.3415000438690186,1.350000023841858,1.3415000438690186,1.350000023841858,3398,0.0,0.0,2023-07-18
471,2023-07-18 10:56:00-04:00,1.3450000286102295,1.350000023841858,1.340000033378601,1.347499966621399,14983,0.0,0.0,2023-07-18
472,2023-07-18 10:57:00-04:00,1.347499966621399,1.350000023841858,1.3406000137329102,1.3450000286102295,1950,0.0,0.0,2023-07-18
473,2023-07-18 10:58:00-04:00,1.350000023841858,1.350000023841858,1.3450000286102295,1.350000023841858,4308,0.0,0.0,2023-07-18
474,2023-07-18 10:59:00-04:00,1.3450000286102295,1.350000023841858,1.340000033378601,1.350000023841858,15270,0.0,0.0,2023-07-18
475,2023-07-18 11:00:00-04:00,1.350000023841858,1.350000023841858,1.340000033378601,1.3450000286102295,25024,0.0,0.0,2023-07-18
476,2023-07-18 11:01:00-04:00,1.3450000286102295,1.350000023841858,1.340000033378601,1.3401000499725342,18300,0.0,0.0,2023-07-18
477,2023-07-18 11:02:00-04:00,1.340000033378601,1.347499966621399,1.340000033378601,1.3450000286102295,18837,0.0,0.0,2023-07-18
478,2023-07-18 11:03:00-04:00,1.340499997138977,1.3485000133514404,1.340000033378601,1.347499966621399,19143,0.0,0.0,2023-07-18
479,2023-07-18 11:04:00-04:00,1.340000033378601,1.340000033378601,1.3350000381469727,1.3350000381469727,50019,0.0,0.0,2023-07-18
480,2023-07-18 11:05:00-04:00,1.339900016784668,1.340000033378601,1.3315000534057617,1.3315000534057617,9370,0.0,0.0,2023-07-18
481,2023-07-18 11:06:00-04:00,1.3301000595092773,1.3450000286102295,1.3301000595092773,1.3450000286102295,58713,0.0,0.0,2023-07-18
482,2023-07-18 11:07:00-04:00,1.3450000286102295,1.350000023841858,1.3430999517440796,1.3450000286102295,6604,0.0,0.0,2023-07-18
483,2023-07-18 11:08:00-04:00,1.3450000286102295,1.350000023841858,1.343000054359436,1.3499000072479248,11122,0.0,0.0,2023-07-18
484,2023-07-18 11:09:00-04:00,1.3499000072479248,1.350000023841858,1.3407000303268433,1.3437000513076782,6735,0.0,0.0,2023-07-18
485,2023-07-18 11:10:00-04:00,1.347100019454956,1.350000023841858,1.3450000286102295,1.350000023841858,13628,0.0,0.0,2023-07-18
486,2023-07-18 11:11:00-04:00,1.350000023841858,1.3650000095367432,1.350000023841858,1.350100040435791,385215,0.0,0.0,2023-07-18
487,2023-07-18 11:12:00-04:00,1.3519999980926514,1.3565000295639038,1.350000023841858,1.350000023841858,9211,0.0,0.0,2023-07-18
488,2023-07-18 11:13:00-04:00,1.351699948310852,1.356600046157837,1.350000023841858,1.3521000146865845,2365,0.0,0.0,2023-07-18
489,2023-07-18 11:14:00-04:00,1.350100040435791,1.3585000038146973,1.350000023841858,1.350000023841858,9676,0.0,0.0,2023-07-18
490,2023-07-18 11:15:00-04:00,1.350100040435791,1.3600000143051147,1.350000023841858,1.3600000143051147,9464,0.0,0.0,2023-07-18
491,2023-07-18 11:16:00-04:00,1.350000023841858,1.3600000143051147,1.350000023841858,1.350100040435791,22355,0.0,0.0,2023-07-18
492,2023-07-18 11:17:00-04:00,1.3598999977111816,1.3600000143051147,1.350000023841858,1.3515000343322754,3001,0.0,0.0,2023-07-18
493,2023-07-18 11:18:00-04:00,1.350100040435791,1.3574999570846558,1.350000023841858,1.3550000190734863,17888,0.0,0.0,2023-07-18
494,2023-07-18 11:19:00-04:00,1.3600000143051147,1.3600000143051147,1.350000023841858,1.3507000207901,5995,0.0,0.0,2023-07-18
495,2023-07-18 11:20:00-04:00,1.3600000143051147,1.3600000143051147,1.350100040435791,1.3600000143051147,12250,0.0,0.0,2023-07-18
496,2023-07-18 11:21:00-04:00,1.3600000143051147,1.3600000143051147,1.350000023841858,1.3550000190734863,21221,0.0,0.0,2023-07-18
497,2023-07-18 11:22:00-04:00,1.3600000143051147,1.3600000143051147,1.350000023841858,1.3600000143051147,1527,0.0,0.0,2023-07-18
498,2023-07-18 11:23:00-04:00,1.3600000143051147,1.3600000143051147,1.350000023841858,1.3522000312805176,10334,0.0,0.0,2023-07-18
499,2023-07-18 11:24:00-04:00,1.3550000190734863,1.3600000143051147,1.3525999784469604,1.3525999784469604,2101,0.0,0.0,2023-07-18
500,2023-07-18 11:25:00-04:00,1.3573999404907227,1.3600000143051147,1.350000023841858,1.3515000343322754,3403,0.0,0.0,2023-07-18
501,2023-07-18 11:26:00-04:00,1.350100040435791,1.3600000143051147,1.350100040435791,1.3600000143051147,2785,0.0,0.0,2023-07-18
502,2023-07-18 11:27:00-04:00,1.350000023841858,1.3585000038146973,1.350000023841858,1.350000023841858,17281,0.0,0.0,2023-07-18
503,2023-07-18 11:28:00-04:00,1.350000023841858,1.3574999570846558,1.350000023841858,1.350000023841858,21861,0.0,0.0,2023-07-18
504,2023-07-18 11:29:00-04:00,1.350000023841858,1.3600000143051147,1.350000023841858,1.3574999570846558,7639,0.0,0.0,2023-07-18
505,2023-07-18 11:30:00-04:00,1.350000023841858,1.3550000190734863,1.350000023841858,1.3550000190734863,2985,0.0,0.0,2023-07-18
506,2023-07-18 11:31:00-04:00,1.3550000190734863,1.3550000190734863,1.343500018119812,1.350000023841858,81119,0.0,0.0,2023-07-18
507,2023-07-18 11:32:00-04:00,1.3450000286102295,1.350000023841858,1.3401999473571777,1.350000023841858,61337,0.0,0.0,2023-07-18
508,2023-07-18 11:33:00-04:00,1.3420000076293945,1.350000023841858,1.3420000076293945,1.350000023841858,15981,0.0,0.0,2023-07-18
509,2023-07-18 11:34:00-04:00,1.3438999652862549,1.3450000286102295,1.3438999652862549,1.3450000286102295,2988,0.0,0.0,2023-07-18
510,2023-07-18 11:35:00-04:00,1.3436000347137451,1.3487999439239502,1.340000033378601,1.340000033378601,14773,0.0,0.0,2023-07-18
511,2023-07-18 11:36:00-04:00,1.3482999801635742,1.350000023841858,1.3482999801635742,1.350000023841858,3906,0.0,0.0,2023-07-18
512,2023-07-18 11:37:00-04:00,1.340000033378601,1.340000033378601,1.340000033378601,1.340000033378601,359,0.0,0.0,2023-07-18
513,2023-07-18 11:38:00-04:00,1.342900037765503,1.350000023841858,1.340000033378601,1.3437000513076782,7050,0.0,0.0,2023-07-18
514,2023-07-18 11:39:00-04:00,1.3450000286102295,1.3483999967575073,1.3450000286102295,1.3483999967575073,3045,0.0,0.0,2023-07-18
515,2023-07-18 11:40:00-04:00,1.3450000286102295,1.3450000286102295,1.3415000438690186,1.3420000076293945,6473,0.0,0.0,2023-07-18
516,2023-07-18 11:41:00-04:00,1.3466999530792236,1.350000023841858,1.3450000286102295,1.3472000360488892,4714,0.0,0.0,2023-07-18
517,2023-07-18 11:42:00-04:00,1.3437000513076782,1.350000023841858,1.340000033378601,1.3415000438690186,11468,0.0,0.0,2023-07-18
518,2023-07-18 11:43:00-04:00,1.3450000286102295,1.350000023841858,1.340000033378601,1.3430999517440796,12487,0.0,0.0,2023-07-18
519,2023-07-18 11:44:00-04:00,1.3450000286102295,1.347499966621399,1.3401000499725342,1.3401000499725342,32743,0.0,0.0,2023-07-18
520,2023-07-18 11:45:00-04:00,1.340000033378601,1.350000023841858,1.340000033378601,1.350000023841858,2347,0.0,0.0,2023-07-18
521,2023-07-18 11:46:00-04:00,1.3485000133514404,1.350000023841858,1.343000054359436,1.3450000286102295,3655,0.0,0.0,2023-07-18
522,2023-07-18 11:47:00-04:00,1.350000023841858,1.350000023841858,1.3485000133514404,1.3485000133514404,14980,0.0,0.0,2023-07-18
523,2023-07-18 11:48:00-04:00,1.3450000286102295,1.350000023841858,1.3450000286102295,1.350000023841858,5401,0.0,0.0,2023-07-18
524,2023-07-18 11:49:00-04:00,1.3415000438690186,1.350000023841858,1.3415000438690186,1.350000023841858,2669,0.0,0.0,2023-07-18
525,2023-07-18 11:50:00-04:00,1.350000023841858,1.350000023841858,1.3450000286102295,1.3450000286102295,4117,0.0,0.0,2023-07-18
526,2023-07-18 11:51:00-04:00,1.350000023841858,1.350000023841858,1.3427000045776367,1.350000023841858,1133,0.0,0.0,2023-07-18
527,2023-07-18 11:52:00-04:00,1.350000023841858,1.350000023841858,1.3415000438690186,1.350000023841858,4329,0.0,0.0,2023-07-18
528,2023-07-18 11:53:00-04:00,1.350000023841858,1.350000023841858,1.340000033378601,1.350000023841858,12861,0.0,0.0,2023-07-18
529,2023-07-18 11:54:00-04:00,1.3415000438690186,1.350000023841858,1.340000033378601,1.350000023841858,8595,0.0,0.0,2023-07-18
530,2023-07-18 11:55:00-04:00,1.350000023841858,1.350000023841858,1.3473000526428223,1.348099946975708,11721,0.0,0.0,2023-07-18
531,2023-07-18 11:56:00-04:00,1.350000023841858,1.350000023841858,1.350000023841858,1.350000023841858,3760,0.0,0.0,2023-07-18
532,2023-07-18 11:57:00-04:00,1.350000023841858,1.350000023841858,1.340000033378601,1.3450000286102295,23718,0.0,0.0,2023-07-18
533,2023-07-18 11:58:00-04:00,1.350000023841858,1.350000023841858,1.3450000286102295,1.3450000286102295,4736,0.0,0.0,2023-07-18
534,2023-07-18 11:59:00-04:00,1.3450000286102295,1.350000023841858,1.340000033378601,1.3450000286102295,22183,0.0,0.0,2023-07-18
535,2023-07-18 12:00:00-04:00,1.340000033378601,1.350000023841858,1.340000033378601,1.350000023841858,6478,0.0,0.0,2023-07-18
536,2023-07-18 12:01:00-04:00,1.3450000286102295,1.350000023841858,1.3415000438690186,1.3450000286102295,2833,0.0,0.0,2023-07-18
537,2023-07-18 12:02:00-04:00,1.340000033378601,1.350000023841858,1.340000033378601,1.3450000286102295,2419,0.0,0.0,2023-07-18
538,2023-07-18 12:03:00-04:00,1.350000023841858,1.350000023841858,1.3450000286102295,1.3450000286102295,7041,0.0,0.0,2023-07-18
539,2023-07-18 12:04:00-04:00,1.350000023841858,1.350000023841858,1.340000033378601,1.340000033378601,7455,0.0,0.0,2023-07-18
540,2023-07-18 12:05:00-04:00,1.350000023841858,1.350000023841858,1.340000033378601,1.3450000286102295,4850,0.0,0.0,2023-07-18
541,2023-07-18 12:06:00-04:00,1.350000023841858,1.3600000143051147,1.3450000286102295,1.350000023841858,228721,0.0,0.0,2023-07-18
542,2023-07-18 12:07:00-04:00,1.350000023841858,1.3600000143051147,1.350000023841858,1.3574999570846558,6328,0.0,0.0,2023-07-18
543,2023-07-18 12:08:00-04:00,1.3574999570846558,1.3574999570846558,1.3525999784469604,1.3525999784469604,1097,0.0,0.0,2023-07-18
544,2023-07-18 12:09:00-04:00,1.3600000143051147,1.3600000143051147,1.350000023841858,1.350100040435791,3817,0.0,0.0,2023-07-18
545,2023-07-18 12:10:00-04:00,1.3600000143051147,1.3600000143051147,1.350100040435791,1.3600000143051147,9630,0.0,0.0,2023-07-18
546,2023-07-18 12:11:00-04:00,1.3600000143051147,1.3600000143051147,1.3515000343322754,1.3550000190734863,2230,0.0,0.0,2023-07-18
547,2023-07-18 12:12:00-04:00,1.3550000190734863,1.3600000143051147,1.350100040435791,1.3515000343322754,4892,0.0,0.0,2023-07-18
548,2023-07-18 12:13:00-04:00,1.3600000143051147,1.3600000143051147,1.3509999513626099,1.3550000190734863,90833,0.0,0.0,2023-07-18
549,2023-07-18 12:14:00-04:00,1.3550000190734863,1.3585000038146973,1.3550000190734863,1.3574999570846558,2040,0.0,0.0,2023-07-18
550,2023-07-18 12:15:00-04:00,1.350000023841858,1.3600000143051147,1.350000023841858,1.3550000190734863,16131,0.0,0.0,2023-07-18
551,2023-07-18 12:16:00-04:00,1.3550000190734863,1.3574999570846558,1.350000023841858,1.350000023841858,37867,0.0,0.0,2023-07-18
552,2023-07-18 12:17:00-04:00,1.3550000190734863,1.3574999570846558,1.3450000286102295,1.3450000286102295,316565,0.0,0.0,2023-07-18
553,2023-07-18 12:18:00-04:00,1.3450000286102295,1.350000023841858,1.340000033378601,1.350000023841858,3954,0.0,0.0,2023-07-18
554,2023-07-18 12:19:00-04:00,1.3473999500274658,1.350000023841858,1.3401000499725342,1.3450000286102295,1939,0.0,0.0,2023-07-18
555,2023-07-18 12:20:00-04:00,1.3450000286102295,1.350000023841858,1.340499997138977,1.3450000286102295,6361,0.0,0.0,2023-07-18
556,2023-07-18 12:21:00-04:00,1.3450000286102295,1.3450000286102295,1.3450000286102295,1.3450000286102295,5047,0.0,0.0,2023-07-18
557,2023-07-18 12:22:00-04:00,1.340000033378601,1.350000023841858,1.340000033378601,1.340000033378601,1525,0.0,0.0,2023-07-18
558,2023-07-18 12:23:00-04:00,1.340000033378601,1.350000023841858,1.340000033378601,1.3431999683380127,22781,0.0,0.0,2023-07-18
559,2023-07-18 12:24:00-04:00,1.340000033378601,1.350000023841858,1.340000033378601,1.350000023841858,6847,0.0,0.0,2023-07-18
560,2023-07-18 12:25:00-04:00,1.340000033378601,1.340000033378601,1.3300000429153442,1.3309999704360962,56387,0.0,0.0,2023-07-18
561,2023-07-18 12:26:00-04:00,1.3350000381469727,1.340000033378601,1.3350000381469727,1.3350000381469727,2666,0.0,0.0,2023-07-18
562,2023-07-18 12:27:00-04:00,1.3350000381469727,1.340000033378601,1.3300000429153442,1.3325999975204468,8447,0.0,0.0,2023-07-18
563,2023-07-18 12:28:00-04:00,1.3350000381469727,1.340000033378601,1.3313000202178955,1.3313000202178955,18713,0.0,0.0,2023-07-18
564,2023-07-18 12:29:00-04:00,1.3350000381469727,1.340000033378601,1.3350000381469727,1.3371000289916992,912,0.0,0.0,2023-07-18
565,2023-07-18 12:30:00-04:00,1.3300000429153442,1.3336999416351318,1.3300000429153442,1.3315000534057617,2556,0.0,0.0,2023-07-18
566,2023-07-18 12:31:00-04:00,1.3301000595092773,1.3325999975204468,1.3300000429153442,1.3325999975204468,2027,0.0,0.0,2023-07-18
567,2023-07-18 12:32:00-04:00,1.3350000381469727,1.3350000381469727,1.3336999416351318,1.3336999416351318,2000,0.0,0.0,2023-07-18
568,2023-07-18 12:33:00-04:00,1.3350000381469727,1.3350000381469727,1.3350000381469727,1.3350000381469727,2367,0.0,0.0,2023-07-18
569,2023-07-18 12:34:00-04:00,1.339900016784668,1.339900016784668,1.3300000429153442,1.3350000381469727,2875,0.0,0.0,2023-07-18
570,2023-07-18 12:35:00-04:00,1.3350000381469727,1.339900016784668,1.3315999507904053,1.3350000381469727,3820,0.0,0.0,2023-07-18
571,2023-07-18 12:36:00-04:00,1.3350000381469727,1.3398000001907349,1.333799958229065,1.3350000381469727,2465,0.0,0.0,2023-07-18
572,2023-07-18 12:37:00-04:00,1.3350000381469727,1.3350000381469727,1.3350000381469727,1.3350000381469727,1793,0.0,0.0,2023-07-18
573,2023-07-18 12:38:00-04:00,1.3380000591278076,1.340000033378601,1.3329999446868896,1.340000033378601,2574,0.0,0.0,2023-07-18
574,2023-07-18 12:39:00-04:00,1.340000033378601,1.3450000286102295,1.332800030708313,1.3450000286102295,48607,0.0,0.0,2023-07-18
575,2023-07-18 12:40:00-04:00,1.3450000286102295,1.3450000286102295,1.340000033378601,1.3450000286102295,9363,0.0,0.0,2023-07-18
576,2023-07-18 12:41:00-04:00,1.3450000286102295,1.3450000286102295,1.340000033378601,1.340000033378601,7029,0.0,0.0,2023-07-18
577,2023-07-18 12:42:00-04:00,1.340000033378601,1.350000023841858,1.340000033378601,1.3450000286102295,4263,0.0,0.0,2023-07-18
578,2023-07-18 12:43:00-04:00,1.3450000286102295,1.347499966621399,1.3422000408172607,1.347499966621399,2417,0.0,0.0,2023-07-18
579,2023-07-18 12:44:00-04:00,1.3450000286102295,1.3450000286102295,1.3450000286102295,1.3450000286102295,7459,0.0,0.0,2023-07-18
580,2023-07-18 12:45:00-04:00,1.3450000286102295,1.3450000286102295,1.3450000286102295,1.3450000286102295,1466,0.0,0.0,2023-07-18
581,2023-07-18 12:46:00-04:00,1.340000033378601,1.3450000286102295,1.340000033378601,1.340000033378601,5198,0.0,0.0,2023-07-18
582,2023-07-18 12:47:00-04:00,1.350000023841858,1.350000023841858,1.340000033378601,1.350000023841858,10055,0.0,0.0,2023-07-18
583,2023-07-18 12:48:00-04:00,1.340000033378601,1.3450000286102295,1.340000033378601,1.3450000286102295,1367,0.0,0.0,2023-07-18
584,2023-07-18 12:49:00-04:00,1.3450000286102295,1.3600000143051147,1.340000033378601,1.3550000190734863,212965,0.0,0.0,2023-07-18
585,2023-07-18 12:50:00-04:00,1.3600000143051147,1.3600000143051147,1.3550000190734863,1.3600000143051147,17372,0.0,0.0,2023-07-18
586,2023-07-18 12:51:00-04:00,1.350100040435791,1.3600000143051147,1.350000023841858,1.3600000143051147,8234,0.0,0.0,2023-07-18
587,2023-07-18 12:52:00-04:00,1.3600000143051147,1.3700000047683716,1.3550000190734863,1.3601000308990479,198203,0.0,0.0,2023-07-18
588,2023-07-18 12:53:00-04:00,1.3615000247955322,1.3700000047683716,1.3600000143051147,1.3700000047683716,22798,0.0,0.0,2023-07-18
589,2023-07-18 12:54:00-04:00,1.3700000047683716,1.3700000047683716,1.3619999885559082,1.3700000047683716,26787,0.0,0.0,2023-07-18
590,2023-07-18 12:55:00-04:00,1.3700000047683716,1.3700000047683716,1.3600000143051147,1.3700000047683716,14238,0.0,0.0,2023-07-18
591,2023-07-18 12:56:00-04:00,1.3700000047683716,1.3700000047683716,1.3650000095367432,1.3650000095367432,4606,0.0,0.0,2023-07-18
592,2023-07-18 12:57:00-04:00,1.3650000095367432,1.3700000047683716,1.3650000095367432,1.3700000047683716,8940,0.0,0.0,2023-07-18
593,2023-07-18 12:58:00-04:00,1.3650000095367432,1.3700000047683716,1.3650000095367432,1.3700000047683716,20722,0.0,0.0,2023-07-18
594,2023-07-18 12:59:00-04:00,1.3700000047683716,1.3799999952316284,1.3700000047683716,1.3799999952316284,79344,0.0,0.0,2023-07-18
595,2023-07-18 13:00:00-04:00,1.375,1.3799999952316284,1.3700000047683716,1.3700000047683716,17878,0.0,0.0,2023-07-18
596,2023-07-18 13:01:00-04:00,1.375,1.3799999952316284,1.3700000047683716,1.3700000047683716,11664,0.0,0.0,2023-07-18
597,2023-07-18 13:02:00-04:00,1.3739999532699585,1.3799999952316284,1.371500015258789,1.3799999952316284,11057,0.0,0.0,2023-07-18
598,2023-07-18 13:03:00-04:00,1.3799999952316284,1.3799999952316284,1.375,1.3798999786376953,10744,0.0,0.0,2023-07-18
599,2023-07-18 13:04:00-04:00,1.3799999952316284,1.3799999952316284,1.3700000047683716,1.375,13211,0.0,0.0,2023-07-18
600,2023-07-18 13:05:00-04:00,1.3799999952316284,1.3899999856948853,1.3700000047683716,1.3799999952316284,53057,0.0,0.0,2023-07-18
601,2023-07-18 13:06:00-04:00,1.3801000118255615,1.3899999856948853,1.3801000118255615,1.3899999856948853,12670,0.0,0.0,2023-07-18
602,2023-07-18 13:07:00-04:00,1.3799999952316284,1.3896000385284424,1.3799999952316284,1.3896000385284424,10822,0.0,0.0,2023-07-18
603,2023-07-18 13:08:00-04:00,1.3833999633789062,1.3899999856948853,1.3831000328063965,1.3831000328063965,5860,0.0,0.0,2023-07-18
604,2023-07-18 13:09:00-04:00,1.386299967765808,1.3899999856948853,1.3849999904632568,1.3899999856948853,4911,0.0,0.0,2023-07-18
605,2023-07-18 13:10:00-04:00,1.3899999856948853,1.3899999856948853,1.3799999952316284,1.3799999952316284,75981,0.0,0.0,2023-07-18
606,2023-07-18 13:11:00-04:00,1.3849999904632568,1.3899999856948853,1.3801000118255615,1.3849999904632568,27350,0.0,0.0,2023-07-18
607,2023-07-18 13:12:00-04:00,1.3849999904632568,1.3899999856948853,1.3801000118255615,1.3801000118255615,4924,0.0,0.0,2023-07-18
608,2023-07-18 13:13:00-04:00,1.3799999952316284,1.3899999856948853,1.3799999952316284,1.3818999528884888,14651,0.0,0.0,2023-07-18
609,2023-07-18 13:14:00-04:00,1.3861000537872314,1.3899999856948853,1.3830000162124634,1.3899999856948853,7650,0.0,0.0,2023-07-18
610,2023-07-18 13:15:00-04:00,1.3849999904632568,1.3899999856948853,1.3799999952316284,1.3801000118255615,8731,0.0,0.0,2023-07-18
611,2023-07-18 13:16:00-04:00,1.381500005722046,1.3899999856948853,1.3600000143051147,1.3600000143051147,313038,0.0,0.0,2023-07-18
612,2023-07-18 13:17:00-04:00,1.3600000143051147,1.3600000143051147,1.350000023841858,1.3600000143051147,113079,0.0,0.0,2023-07-18
613,2023-07-18 13:18:00-04:00,1.368499994277954,1.368499994277954,1.3650000095367432,1.3650000095367432,2038,0.0,0.0,2023-07-18
614,2023-07-18 13:19:00-04:00,1.3650000095367432,1.3660999536514282,1.3600000143051147,1.3600000143051147,20784,0.0,0.0,2023-07-18
615,2023-07-18 13:20:00-04:00,1.3600000143051147,1.360700011253357,1.3600000143051147,1.360700011253357,15991,0.0,0.0,2023-07-18
616,2023-07-18 13:21:00-04:00,1.363800048828125,1.3681000471115112,1.3600000143051147,1.3650000095367432,2011,0.0,0.0,2023-07-18
617,2023-07-18 13:22:00-04:00,1.3650000095367432,1.3650000095367432,1.3600000143051147,1.3600000143051147,1575,0.0,0.0,2023-07-18
618,2023-07-18 13:23:00-04:00,1.3650000095367432,1.3650000095367432,1.3600000143051147,1.3600000143051147,42790,0.0,0.0,2023-07-18
619,2023-07-18 13:24:00-04:00,1.3600000143051147,1.3654999732971191,1.3600000143051147,1.3650000095367432,7906,0.0,0.0,2023-07-18
620,2023-07-18 13:25:00-04:00,1.3650000095367432,1.3658000230789185,1.3600000143051147,1.3658000230789185,5200,0.0,0.0,2023-07-18
621,2023-07-18 13:26:00-04:00,1.3667000532150269,1.3700000047683716,1.3600000143051147,1.3650000095367432,16388,0.0,0.0,2023-07-18
622,2023-07-18 13:27:00-04:00,1.3602999448776245,1.3700000047683716,1.3602999448776245,1.3650000095367432,2534,0.0,0.0,2023-07-18
623,2023-07-18 13:28:00-04:00,1.367300033569336,1.3700000047683716,1.3609999418258667,1.3650000095367432,14290,0.0,0.0,2023-07-18
624,2023-07-18 13:29:00-04:00,1.367799997329712,1.3700000047683716,1.3601000308990479,1.3650000095367432,19760,0.0,0.0,2023-07-18
625,2023-07-18 13:30:00-04:00,1.3650000095367432,1.3700000047683716,1.3600000143051147,1.3650000095367432,8146,0.0,0.0,2023-07-18
626,2023-07-18 13:31:00-04:00,1.3700000047683716,1.3700000047683716,1.3600000143051147,1.3600000143051147,74252,0.0,0.0,2023-07-18
627,2023-07-18 13:32:00-04:00,1.3550000190734863,1.3550000190734863,1.3515000343322754,1.3550000190734863,3830,0.0,0.0,2023-07-18
628,2023-07-18 13:33:00-04:00,1.3550000190734863,1.3550000190734863,1.3550000190734863,1.3550000190734863,1737,0.0,0.0,2023-07-18
629,2023-07-18 13:34:00-04:00,1.3550000190734863,1.3567999601364136,1.3550000190734863,1.3550000190734863,2419,0.0,0.0,2023-07-18
630,2023-07-18 13:35:00-04:00,1.3550000190734863,1.3600000143051147,1.3425999879837036,1.3450000286102295,38542,0.0,0.0,2023-07-18
631,2023-07-18 13:36:00-04:00,1.340000033378601,1.3452999591827393,1.340000033378601,1.3452999591827393,18815,0.0,0.0,2023-07-18
632,2023-07-18 13:37:00-04:00,1.3495999574661255,1.350000023841858,1.34089994430542,1.3480000495910645,16993,0.0,0.0,2023-07-18
633,2023-07-18 13:38:00-04:00,1.3401000499725342,1.350000023841858,1.3401000499725342,1.350000023841858,1576,0.0,0.0,2023-07-18
634,2023-07-18 13:39:00-04:00,1.350000023841858,1.350000023841858,1.3450000286102295,1.350000023841858,9149,0.0,0.0,2023-07-18
635,2023-07-18 13:40:00-04:00,1.350000023841858,1.3600000143051147,1.350000023841858,1.3585000038146973,38856,0.0,0.0,2023-07-18
636,2023-07-18 13:41:00-04:00,1.3550000190734863,1.3550000190734863,1.3550000190734863,1.3550000190734863,1366,0.0,0.0,2023-07-18
637,2023-07-18 13:42:00-04:00,1.3550000190734863,1.3550000190734863,1.3515000343322754,1.3515000343322754,1310,0.0,0.0,2023-07-18
638,2023-07-18 13:43:00-04:00,1.3550000190734863,1.3550000190734863,1.350100040435791,1.3550000190734863,2255,0.0,0.0,2023-07-18
639,2023-07-18 13:44:00-04:00,1.350100040435791,1.3550000190734863,1.350100040435791,1.3550000190734863,1250,0.0,0.0,2023-07-18
640,2023-07-18 13:45:00-04:00,1.3550000190734863,1.356600046157837,1.3450000286102295,1.3450000286102295,39647,0.0,0.0,2023-07-18
641,2023-07-18 13:46:00-04:00,1.3450000286102295,1.350000023841858,1.3450000286102295,1.350000023841858,3443,0.0,0.0,2023-07-18
642,2023-07-18 13:47:00-04:00,1.350000023841858,1.350000023841858,1.350000023841858,1.350000023841858,5573,0.0,0.0,2023-07-18
643,2023-07-18 13:48:00-04:00,1.3485000133514404,1.3485000133514404,1.340000033378601,1.3485000133514404,3917,0.0,0.0,2023-07-18
644,2023-07-18 13:49:00-04:00,1.3494999408721924,1.3494999408721924,1.3481999635696411,1.3481999635696411,255,0.0,0.0,2023-07-18
645,2023-07-18 13:50:00-04:00,1.3424999713897705,1.350000023841858,1.3424999713897705,1.3450000286102295,1760,0.0,0.0,2023-07-18
646,2023-07-18 13:51:00-04:00,1.3450000286102295,1.3450000286102295,1.3450000286102295,1.3450000286102295,1978,0.0,0.0,2023-07-18
647,2023-07-18 13:52:00-04:00,1.350000023841858,1.350000023841858,1.3415000438690186,1.3415000438690186,1352,0.0,0.0,2023-07-18
648,2023-07-18 13:53:00-04:00,1.3485000133514404,1.3485000133514404,1.3485000133514404,1.3485000133514404,364,0.0,0.0,2023-07-18
649,2023-07-18 13:54:00-04:00,1.3401000499725342,1.3450000286102295,1.3401000499725342,1.3450000286102295,9024,0.0,0.0,2023-07-18
650,2023-07-18 13:55:00-04:00,1.3450000286102295,1.350000023841858,1.3450000286102295,1.3450000286102295,3801,0.0,0.0,2023-07-18
651,2023-07-18 13:56:00-04:00,1.3450000286102295,1.350000023841858,1.3450000286102295,1.350000023841858,768,0.0,0.0,2023-07-18
652,2023-07-18 13:57:00-04:00,1.34089994430542,1.350000023841858,1.34089994430542,1.3485000133514404,386,0.0,0.0,2023-07-18
653,2023-07-18 13:58:00-04:00,1.3450000286102295,1.350000023841858,1.3450000286102295,1.350000023841858,825,0.0,0.0,2023-07-18
654,2023-07-18 13:59:00-04:00,1.340000033378601,1.3488999605178833,1.340000033378601,1.3488999605178833,2211,0.0,0.0,2023-07-18
655,2023-07-18 14:00:00-04:00,1.3450000286102295,1.350000023841858,1.3408000469207764,1.350000023841858,5005,0.0,0.0,2023-07-18
656,2023-07-18 14:01:00-04:00,1.3497999906539917,1.350000023841858,1.3406000137329102,1.350000023841858,23606,0.0,0.0,2023-07-18
657,2023-07-18 14:02:00-04:00,1.350000023841858,1.350000023841858,1.3401000499725342,1.3401000499725342,434,0.0,0.0,2023-07-18
658,2023-07-18 14:03:00-04:00,1.3480000495910645,1.350000023841858,1.3450000286102295,1.350000023841858,1284,0.0,0.0,2023-07-18
659,2023-07-18 14:04:00-04:00,1.350000023841858,1.350000023841858,1.3450000286102295,1.3450000286102295,311,0.0,0.0,2023-07-18
660,2023-07-18 14:05:00-04:00,1.350000023841858,1.350000023841858,1.340000033378601,1.3420000076293945,27516,0.0,0.0,2023-07-18
661,2023-07-18 14:06:00-04:00,1.3450000286102295,1.350000023841858,1.3450000286102295,1.350000023841858,500,0.0,0.0,2023-07-18
662,2023-07-18 14:07:00-04:00,1.347499966621399,1.350000023841858,1.3450000286102295,1.3450000286102295,775,0.0,0.0,2023-07-18
663,2023-07-18 14:08:00-04:00,1.350000023841858,1.350000023841858,1.350000023841858,1.350000023841858,115,0.0,0.0,2023-07-18
664,2023-07-18 14:09:00-04:00,1.350000023841858,1.350000023841858,1.3450000286102295,1.3450000286102295,6100,0.0,0.0,2023-07-18
665,2023-07-18 14:10:00-04:00,1.350000023841858,1.350000023841858,1.3499000072479248,1.350000023841858,1415,0.0,0.0,2023-07-18
666,2023-07-18 14:11:00-04:00,1.350000023841858,1.3598999977111816,1.3450000286102295,1.3598999977111816,40750,0.0,0.0,2023-07-18
667,2023-07-18 14:12:00-04:00,1.3600000143051147,1.3600000143051147,1.3600000143051147,1.3600000143051147,1053,0.0,0.0,2023-07-18
668,2023-07-18 14:13:00-04:00,1.3600000143051147,1.3600000143051147,1.350000023841858,1.350000023841858,1488,0.0,0.0,2023-07-18
669,2023-07-18 14:14:00-04:00,1.3600000143051147,1.3600000143051147,1.3600000143051147,1.3600000143051147,200,0.0,0.0,2023-07-18
670,2023-07-18 14:15:00-04:00,1.3550000190734863,1.3585000038146973,1.350000023841858,1.350000023841858,2192,0.0,0.0,2023-07-18
671,2023-07-18 14:16:00-04:00,1.3598999977111816,1.3600000143051147,1.3515000343322754,1.3515000343322754,858,0.0,0.0,2023-07-18
672,2023-07-18 14:17:00-04:00,1.3600000143051147,1.3600000143051147,1.3550000190734863,1.3600000143051147,1359,0.0,0.0,2023-07-18
673,2023-07-18 14:18:00-04:00,1.356600046157837,1.3600000143051147,1.3550000190734863,1.3550000190734863,3816,0.0,0.0,2023-07-18
674,2023-07-18 14:19:00-04:00,1.3600000143051147,1.3600000143051147,1.350100040435791,1.350100040435791,392,0.0,0.0,2023-07-18
675,2023-07-18 14:20:00-04:00,1.3550000190734863,1.3600000143051147,1.350000023841858,1.3560999631881714,5559,0.0,0.0,2023-07-18
676,2023-07-18 14:21:00-04:00,1.3600000143051147,1.3600000143051147,1.3524999618530273,1.3524999618530273,1400,0.0,0.0,2023-07-18
677,2023-07-18 14:22:00-04:00,1.3550000190734863,1.3600000143051147,1.350000023841858,1.3600000143051147,10354,0.0,0.0,2023-07-18
678,2023-07-18 14:23:00-04:00,1.3600000143051147,1.3600000143051147,1.3550000190734863,1.3600000143051147,562,0.0,0.0,2023-07-18
679,2023-07-18 14:24:00-04:00,1.3600000143051147,1.3600000143051147,1.3550000190734863,1.3550000190734863,2002,0.0,0.0,2023-07-18
680,2023-07-18 14:25:00-04:00,1.3550000190734863,1.3600000143051147,1.350000023841858,1.350000023841858,17669,0.0,0.0,2023-07-18
681,2023-07-18 14:26:00-04:00,1.3502999544143677,1.3600000143051147,1.3502999544143677,1.3600000143051147,1916,0.0,0.0,2023-07-18
682,2023-07-18 14:27:00-04:00,1.3550000190734863,1.3600000143051147,1.350000023841858,1.350000023841858,4319,0.0,0.0,2023-07-18
683,2023-07-18 14:28:00-04:00,1.3550000190734863,1.3600000143051147,1.3550000190734863,1.3600000143051147,640,0.0,0.0,2023-07-18
684,2023-07-18 14:29:00-04:00,1.3574999570846558,1.3600000143051147,1.350000023841858,1.3600000143051147,803,0.0,0.0,2023-07-18
685,2023-07-18 14:30:00-04:00,1.3550000190734863,1.3600000143051147,1.3545000553131104,1.3595999479293823,73587,0.0,0.0,2023-07-18
686,2023-07-18 14:31:00-04:00,1.3550000190734863,1.3700000047683716,1.3550000190734863,1.3700000047683716,44411,0.0,0.0,2023-07-18
687,2023-07-18 14:32:00-04:00,1.3700000047683716,1.3700000047683716,1.3600000143051147,1.3698999881744385,4442,0.0,0.0,2023-07-18
688,2023-07-18 14:33:00-04:00,1.3674999475479126,1.3700000047683716,1.3601000308990479,1.3671000003814697,2839,0.0,0.0,2023-07-18
689,2023-07-18 14:34:00-04:00,1.3700000047683716,1.3700000047683716,1.360700011253357,1.3674999475479126,2934,0.0,0.0,2023-07-18
690,2023-07-18 14:35:00-04:00,1.3650000095367432,1.3700000047683716,1.3600000143051147,1.3700000047683716,2390,0.0,0.0,2023-07-18
691,2023-07-18 14:36:00-04:00,1.3600000143051147,1.3700000047683716,1.3600000143051147,1.3674999475479126,2030,0.0,0.0,2023-07-18
692,2023-07-18 14:37:00-04:00,1.3700000047683716,1.3799999952316284,1.3650000095367432,1.375,120500,0.0,0.0,2023-07-18
693,2023-07-18 14:38:00-04:00,1.3798999786376953,1.3799999952316284,1.3700000047683716,1.378100037574768,12342,0.0,0.0,2023-07-18
694,2023-07-18 14:39:00-04:00,1.375,1.3799999952316284,1.3600000143051147,1.3694000244140625,25360,0.0,0.0,2023-07-18
695,2023-07-18 14:40:00-04:00,1.3650000095367432,1.3650000095367432,1.360700011253357,1.360700011253357,6073,0.0,0.0,2023-07-18
696,2023-07-18 14:41:00-04:00,1.3632999658584595,1.3632999658584595,1.3632999658584595,1.3632999658584595,100,0.0,0.0,2023-07-18
697,2023-07-18 14:42:00-04:00,1.3676999807357788,1.3676999807357788,1.3676999807357788,1.3676999807357788,1010,0.0,0.0,2023-07-18
698,2023-07-18 14:43:00-04:00,1.3698999881744385,1.3698999881744385,1.3698999881744385,1.3698999881744385,302,0.0,0.0,2023-07-18
699,2023-07-18 14:44:00-04:00,1.3667999505996704,1.3667999505996704,1.3600000143051147,1.3650000095367432,9289,0.0,0.0,2023-07-18
700,2023-07-18 14:45:00-04:00,1.3626999855041504,1.3650000095367432,1.3600000143051147,1.3616000413894653,5339,0.0,0.0,2023-07-18
701,2023-07-18 14:46:00-04:00,1.3650000095367432,1.3650000095367432,1.3650000095367432,1.3650000095367432,100,0.0,0.0,2023-07-18
702,2023-07-18 14:47:00-04:00,1.3698999881744385,1.3698999881744385,1.3650000095367432,1.3650000095367432,3611,0.0,0.0,2023-07-18
703,2023-07-18 14:48:00-04:00,1.3669999837875366,1.3700000047683716,1.3650000095367432,1.3700000047683716,756,0.0,0.0,2023-07-18
704,2023-07-18 14:49:00-04:00,1.3650000095367432,1.3700000047683716,1.3650000095367432,1.3650000095367432,4137,0.0,0.0,2023-07-18
705,2023-07-18 14:50:00-04:00,1.3650000095367432,1.3650000095367432,1.350000023841858,1.3550000190734863,162757,0.0,0.0,2023-07-18
706,2023-07-18 14:51:00-04:00,1.3550000190734863,1.3550000190734863,1.3550000190734863,1.3550000190734863,1000,0.0,0.0,2023-07-18
707,2023-07-18 14:52:00-04:00,1.3600000143051147,1.3600000143051147,1.3600000143051147,1.3600000143051147,130,0.0,0.0,2023-07-18
708,2023-07-18 14:53:00-04:00,1.3600000143051147,1.3600000143051147,1.3550000190734863,1.3574999570846558,552,0.0,0.0,2023-07-18
709,2023-07-18 14:54:00-04:00,1.3600000143051147,1.3600000143051147,1.3600000143051147,1.3600000143051147,437,0.0,0.0,2023-07-18
710,2023-07-18 14:55:00-04:00,1.3600000143051147,1.3600000143051147,1.350100040435791,1.3600000143051147,8245,0.0,0.0,2023-07-18
711,2023-07-18 14:56:00-04:00,1.3573999404907227,1.3600000143051147,1.3573999404907227,1.3585000038146973,3083,0.0,0.0,2023-07-18
712,2023-07-18 14:57:00-04:00,1.350100040435791,1.3600000143051147,1.350100040435791,1.3517999649047852,5648,0.0,0.0,2023-07-18
713,2023-07-18 14:58:00-04:00,1.3593000173568726,1.3600000143051147,1.3550000190734863,1.3598999977111816,1660,0.0,0.0,2023-07-18
714,2023-07-18 14:59:00-04:00,1.3600000143051147,1.3600000143051147,1.3600000143051147,1.3600000143051147,311,0.0,0.0,2023-07-18
715,2023-07-18 15:00:00-04:00,1.3592000007629395,1.3600000143051147,1.3550000190734863,1.3600000143051147,1997,0.0,0.0,2023-07-18
716,2023-07-18 15:01:00-04:00,1.358199954032898,1.3600000143051147,1.358199954032898,1.3600000143051147,237,0.0,0.0,2023-07-18
717,2023-07-18 15:02:00-04:00,1.3600000143051147,1.3600000143051147,1.3513000011444092,1.3550000190734863,2111,0.0,0.0,2023-07-18
718,2023-07-18 15:03:00-04:00,1.3600000143051147,1.3600000143051147,1.3588000535964966,1.3600000143051147,1318,0.0,0.0,2023-07-18
719,2023-07-18 15:04:00-04:00,1.3598999977111816,1.3600000143051147,1.3550000190734863,1.3600000143051147,1674,0.0,0.0,2023-07-18
720,2023-07-18 15:05:00-04:00,1.3600000143051147,1.3600000143051147,1.3504999876022339,1.3600000143051147,326,0.0,0.0,2023-07-18
721,2023-07-18 15:06:00-04:00,1.3600000143051147,1.3600000143051147,1.350000023841858,1.3507000207901,6540,0.0,0.0,2023-07-18
722,2023-07-18 15:07:00-04:00,1.350600004196167,1.3573999404907227,1.350600004196167,1.3550000190734863,619,0.0,0.0,2023-07-18
723,2023-07-18 15:08:00-04:00,1.3550000190734863,1.3550000190734863,1.350000023841858,1.3550000190734863,2512,0.0,0.0,2023-07-18
724,2023-07-18 15:09:00-04:00,1.3550000190734863,1.3600000143051147,1.350000023841858,1.350000023841858,15022,0.0,0.0,2023-07-18
725,2023-07-18 15:10:00-04:00,1.350000023841858,1.3586000204086304,1.350000023841858,1.3585000038146973,6737,0.0,0.0,2023-07-18
726,2023-07-18 15:11:00-04:00,1.358299970626831,1.358299970626831,1.350000023841858,1.350000023841858,4662,0.0,0.0,2023-07-18
727,2023-07-18 15:12:00-04:00,1.3550000190734863,1.3550000190734863,1.3550000190734863,1.3550000190734863,101,0.0,0.0,2023-07-18
728,2023-07-18 15:13:00-04:00,1.3600000143051147,1.3600000143051147,1.3509999513626099,1.3600000143051147,1840,0.0,0.0,2023-07-18
729,2023-07-18 15:14:00-04:00,1.3550000190734863,1.3600000143051147,1.350000023841858,1.3550000190734863,15703,0.0,0.0,2023-07-18
730,2023-07-18 15:15:00-04:00,1.3589999675750732,1.3600000143051147,1.350000023841858,1.3600000143051147,5377,0.0,0.0,2023-07-18
731,2023-07-18 15:16:00-04:00,1.3600000143051147,1.3600000143051147,1.350000023841858,1.350000023841858,23465,0.0,0.0,2023-07-18
732,2023-07-18 15:17:00-04:00,1.3550000190734863,1.3600000143051147,1.3550000190734863,1.3550000190734863,1732,0.0,0.0,2023-07-18
733,2023-07-18 15:18:00-04:00,1.3550000190734863,1.3600000143051147,1.3550000190734863,1.3550000190734863,1002,0.0,0.0,2023-07-18
734,2023-07-18 15:19:00-04:00,1.3600000143051147,1.3600000143051147,1.3550000190734863,1.3550000190734863,1451,0.0,0.0,2023-07-18
735,2023-07-18 15:20:00-04:00,1.3600000143051147,1.3600000143051147,1.3550000190734863,1.3600000143051147,1414,0.0,0.0,2023-07-18
736,2023-07-18 15:21:00-04:00,1.3550000190734863,1.3600000143051147,1.350000023841858,1.3550000190734863,8751,0.0,0.0,2023-07-18
737,2023-07-18 15:22:00-04:00,1.3600000143051147,1.3600000143051147,1.350000023841858,1.350000023841858,21527,0.0,0.0,2023-07-18
738,2023-07-18 15:23:00-04:00,1.350000023841858,1.3600000143051147,1.350000023841858,1.354599952697754,1655,0.0,0.0,2023-07-18
739,2023-07-18 15:24:00-04:00,1.3586000204086304,1.3600000143051147,1.3515000343322754,1.3515000343322754,2990,0.0,0.0,2023-07-18
740,2023-07-18 15:25:00-04:00,1.3598999977111816,1.3600000143051147,1.3515000343322754,1.3588999509811401,3488,0.0,0.0,2023-07-18
741,2023-07-18 15:26:00-04:00,1.3515000343322754,1.3600000143051147,1.3515000343322754,1.3550000190734863,700,0.0,0.0,2023-07-18
742,2023-07-18 15:27:00-04:00,1.3600000143051147,1.3600000143051147,1.3586000204086304,1.3586000204086304,1792,0.0,0.0,2023-07-18
743,2023-07-18 15:28:00-04:00,1.3551000356674194,1.3600000143051147,1.350000023841858,1.3550000190734863,8505,0.0,0.0,2023-07-18
744,2023-07-18 15:29:00-04:00,1.3600000143051147,1.3600000143051147,1.3550000190734863,1.3574999570846558,6651,0.0,0.0,2023-07-18
745,2023-07-18 15:30:00-04:00,1.3600000143051147,1.3600000143051147,1.350000023841858,1.3600000143051147,4582,0.0,0.0,2023-07-18
746,2023-07-18 15:31:00-04:00,1.3600000143051147,1.3600000143051147,1.3550000190734863,1.3600000143051147,465,0.0,0.0,2023-07-18
747,2023-07-18 15:32:00-04:00,1.3600000143051147,1.3600000143051147,1.3550000190734863,1.3579000234603882,1485,0.0,0.0,2023-07-18
748,2023-07-18 15:33:00-04:00,1.3600000143051147,1.3600000143051147,1.3550000190734863,1.3550000190734863,1378,0.0,0.0,2023-07-18
749,2023-07-18 15:34:00-04:00,1.3600000143051147,1.3600000143051147,1.3503999710083008,1.3600000143051147,1401,0.0,0.0,2023-07-18
750,2023-07-18 15:35:00-04:00,1.3550000190734863,1.3600000143051147,1.350000023841858,1.350000023841858,2417,0.0,0.0,2023-07-18
751,2023-07-18 15:36:00-04:00,1.3600000143051147,1.3600000143051147,1.350000023841858,1.350000023841858,2150,0.0,0.0,2023-07-18
752,2023-07-18 15:37:00-04:00,1.3600000143051147,1.3600000143051147,1.340000033378601,1.350000023841858,77013,0.0,0.0,2023-07-18
753,2023-07-18 15:38:00-04:00,1.3450000286102295,1.3485000133514404,1.3450000286102295,1.3472000360488892,1775,0.0,0.0,2023-07-18
754,2023-07-18 15:39:00-04:00,1.3418999910354614,1.350000023841858,1.3414000272750854,1.3490999937057495,5771,0.0,0.0,2023-07-18
755,2023-07-18 15:40:00-04:00,1.350000023841858,1.350000023841858,1.3411999940872192,1.3450000286102295,14620,0.0,0.0,2023-07-18
756,2023-07-18 15:41:00-04:00,1.350000023841858,1.350000023841858,1.3450000286102295,1.350000023841858,2931,0.0,0.0,2023-07-18
757,2023-07-18 15:42:00-04:00,1.350000023841858,1.350000023841858,1.341599941253662,1.350000023841858,4981,0.0,0.0,2023-07-18
758,2023-07-18 15:43:00-04:00,1.350000023841858,1.350000023841858,1.340000033378601,1.350000023841858,3327,0.0,0.0,2023-07-18
759,2023-07-18 15:44:00-04:00,1.350000023841858,1.350000023841858,1.3450000286102295,1.3450000286102295,10437,0.0,0.0,2023-07-18
760,2023-07-18 15:45:00-04:00,1.350000023841858,1.350000023841858,1.3422000408172607,1.350000023841858,9646,0.0,0.0,2023-07-18
761,2023-07-18 15:46:00-04:00,1.350000023841858,1.350000023841858,1.340000033378601,1.3450000286102295,16307,0.0,0.0,2023-07-18
762,2023-07-18 15:47:00-04:00,1.350000023841858,1.350000023841858,1.3450000286102295,1.350000023841858,3110,0.0,0.0,2023-07-18
763,2023-07-18 15:48:00-04:00,1.350000023841858,1.350000023841858,1.3450000286102295,1.350000023841858,5891,0.0,0.0,2023-07-18
764,2023-07-18 15:49:00-04:00,1.350000023841858,1.350000023841858,1.340000033378601,1.3450000286102295,15642,0.0,0.0,2023-07-18
765,2023-07-18 15:50:00-04:00,1.3450000286102295,1.350000023841858,1.340000033378601,1.340000033378601,12439,0.0,0.0,2023-07-18
766,2023-07-18 15:51:00-04:00,1.340000033378601,1.350000023841858,1.340000033378601,1.340000033378601,21306,0.0,0.0,2023-07-18
767,2023-07-18 15:52:00-04:00,1.350000023841858,1.350000023841858,1.340000033378601,1.340000033378601,8468,0.0,0.0,2023-07-18
768,2023-07-18 15:53:00-04:00,1.350000023841858,1.350000023841858,1.340000033378601,1.3450000286102295,28324,0.0,0.0,2023-07-18
769,2023-07-18 15:54:00-04:00,1.340000033378601,1.350000023841858,1.340000033378601,1.350000023841858,10961,0.0,0.0,2023-07-18
770,2023-07-18 15:55:00-04:00,1.350000023841858,1.350000023841858,1.3300000429153442,1.340000033378601,284366,0.0,0.0,2023-07-18
771,2023-07-18 15:56:00-04:00,1.340000033378601,1.3459999561309814,1.3350000381469727,1.3350000381469727,44645,0.0,0.0,2023-07-18
772,2023-07-18 15:57:00-04:00,1.3309999704360962,1.340000033378601,1.3300000429153442,1.3300000429153442,35794,0.0,0.0,2023-07-18
773,2023-07-18 15:58:00-04:00,1.330299973487854,1.340000033378601,1.3300000429153442,1.3350000381469727,7932,0.0,0.0,2023-07-18
774,2023-07-18 15:59:00-04:00,1.332800030708313,1.350000023841858,1.3300000429153442,1.350000023841858,145556,0.0,0.0,2023-07-18
775,2023-07-19 09:30:00-04:00,1.3700000047683716,1.3799999952316284,1.3700000047683716,1.3700000047683716,106738,0.0,0.0,2023-07-19
776,2023-07-19 09:31:00-04:00,1.3650000095367432,1.3799999952316284,1.3650000095367432,1.3799999952316284,5015,0.0,0.0,2023-07-19
777,2023-07-19 09:32:00-04:00,1.3801000118255615,1.3899999856948853,1.3799999952316284,1.3849999904632568,10881,0.0,0.0,2023-07-19
778,2023-07-19 09:33:00-04:00,1.3899999856948853,1.399999976158142,1.3898999691009521,1.3949999809265137,64735,0.0,0.0,2023-07-19
779,2023-07-19 09:34:00-04:00,1.3901000022888184,1.409999966621399,1.3849999904632568,1.4003000259399414,229265,0.0,0.0,2023-07-19
780,2023-07-19 09:35:00-04:00,1.409999966621399,1.4299999475479126,1.4049999713897705,1.4279999732971191,273865,0.0,0.0,2023-07-19
781,2023-07-19 09:36:00-04:00,1.4199999570846558,1.440000057220459,1.4199999570846558,1.4328999519348145,85427,0.0,0.0,2023-07-19
782,2023-07-19 09:37:00-04:00,1.4398000240325928,1.440000057220459,1.4300999641418457,1.4398000240325928,65188,0.0,0.0,2023-07-19
783,2023-07-19 09:38:00-04:00,1.440000057220459,1.440000057220459,1.430400013923645,1.440000057220459,19974,0.0,0.0,2023-07-19
784,2023-07-19 09:39:00-04:00,1.4305000305175781,1.440000057220459,1.4299999475479126,1.440000057220459,51565,0.0,0.0,2023-07-19
785,2023-07-19 09:40:00-04:00,1.4381999969482422,1.440000057220459,1.4199999570846558,1.4299999475479126,67886,0.0,0.0,2023-07-19
786,2023-07-19 09:41:00-04:00,1.4299999475479126,1.4299999475479126,1.4199999570846558,1.4199999570846558,24061,0.0,0.0,2023-07-19
787,2023-07-19 09:42:00-04:00,1.4214999675750732,1.4299999475479126,1.4199999570846558,1.4299999475479126,18775,0.0,0.0,2023-07-19
788,2023-07-19 09:43:00-04:00,1.4299999475479126,1.4299999475479126,1.4200999736785889,1.429900050163269,75568,0.0,0.0,2023-07-19
789,2023-07-19 09:44:00-04:00,1.4249999523162842,1.4299999475479126,1.4199999570846558,1.4249999523162842,61838,0.0,0.0,2023-07-19
790,2023-07-19 09:45:00-04:00,1.4299999475479126,1.4299999475479126,1.4199999570846558,1.4291000366210938,6480,0.0,0.0,2023-07-19
791,2023-07-19 09:46:00-04:00,1.4249999523162842,1.440000057220459,1.4249999523162842,1.4399000406265259,64242,0.0,0.0,2023-07-19
792,2023-07-19 09:47:00-04:00,1.4397000074386597,1.440000057220459,1.4299999475479126,1.43149995803833,34687,0.0,0.0,2023-07-19
793,2023-07-19 09:48:00-04:00,1.440000057220459,1.4600000381469727,1.4300999641418457,1.4550000429153442,446307,0.0,0.0,2023-07-19
794,2023-07-19 09:49:00-04:00,1.4600000381469727,1.4600000381469727,1.4500000476837158,1.4585000276565552,40717,0.0,0.0,2023-07-19
795,2023-07-19 09:50:00-04:00,1.4585000276565552,1.4600000381469727,1.4401999711990356,1.4495999813079834,67035,0.0,0.0,2023-07-19
796,2023-07-19 09:51:00-04:00,1.4500000476837158,1.4500000476837158,1.440000057220459,1.4500000476837158,25645,0.0,0.0,2023-07-19
797,2023-07-19 09:52:00-04:00,1.4500000476837158,1.4500000476837158,1.440000057220459,1.440000057220459,18201,0.0,0.0,2023-07-19
798,2023-07-19 09:53:00-04:00,1.4450000524520874,1.4500000476837158,1.4299999475479126,1.4385000467300415,19067,0.0,0.0,2023-07-19
799,2023-07-19 09:54:00-04:00,1.4336999654769897,1.440000057220459,1.4299999475479126,1.434999942779541,112470,0.0,0.0,2023-07-19
800,2023-07-19 09:55:00-04:00,1.43149995803833,1.440000057220459,1.4299999475479126,1.4368000030517578,26861,0.0,0.0,2023-07-19
801,2023-07-19 09:56:00-04:00,1.434999942779541,1.434999942779541,1.4305000305175781,1.434999942779541,1497,0.0,0.0,2023-07-19
802,2023-07-19 09:57:00-04:00,1.434999942779541,1.434999942779541,1.409999966621399,1.4199999570846558,136306,0.0,0.0,2023-07-19
803,2023-07-19 09:58:00-04:00,1.4111000299453735,1.4493000507354736,1.4111000299453735,1.43149995803833,102503,0.0,0.0,2023-07-19
804,2023-07-19 09:59:00-04:00,1.440000057220459,1.440000057220459,1.4299999475479126,1.4299999475479126,24014,0.0,0.0,2023-07-19
805,2023-07-19 10:00:00-04:00,1.4296000003814697,1.4299999475479126,1.4199999570846558,1.4208999872207642,26254,0.0,0.0,2023-07-19
806,2023-07-19 10:01:00-04:00,1.429900050163269,1.4299999475479126,1.4214999675750732,1.4217000007629395,2922,0.0,0.0,2023-07-19
807,2023-07-19 10:02:00-04:00,1.4199999570846558,1.4299999475479126,1.4199999570846558,1.4199999570846558,29534,0.0,0.0,2023-07-19
808,2023-07-19 10:03:00-04:00,1.4249999523162842,1.4299999475479126,1.4199999570846558,1.4299999475479126,9509,0.0,0.0,2023-07-19
809,2023-07-19 10:04:00-04:00,1.4299999475479126,1.440000057220459,1.4251999855041504,1.434999942779541,60862,0.0,0.0,2023-07-19
810,2023-07-19 10:05:00-04:00,1.434999942779541,1.440000057220459,1.4299999475479126,1.4299999475479126,14513,0.0,0.0,2023-07-19
811,2023-07-19 10:06:00-04:00,1.4299999475479126,1.440000057220459,1.4299999475479126,1.440000057220459,7971,0.0,0.0,2023-07-19
812,2023-07-19 10:07:00-04:00,1.434999942779541,1.440000057220459,1.4300999641418457,1.440000057220459,9953,0.0,0.0,2023-07-19
813,2023-07-19 10:08:00-04:00,1.4399000406265259,1.4500000476837158,1.4299999475479126,1.4500000476837158,29216,0.0,0.0,2023-07-19
814,2023-07-19 10:09:00-04:00,1.4450000524520874,1.4500000476837158,1.440000057220459,1.441499948501587,17551,0.0,0.0,2023-07-19
815,2023-07-19 10:10:00-04:00,1.4421000480651855,1.4500000476837158,1.440000057220459,1.4450000524520874,19843,0.0,0.0,2023-07-19
816,2023-07-19 10:11:00-04:00,1.4450000524520874,1.4500000476837158,1.4400999546051025,1.4450000524520874,22358,0.0,0.0,2023-07-19
817,2023-07-19 10:12:00-04:00,1.4500000476837158,1.4500000476837158,1.440000057220459,1.440000057220459,35598,0.0,0.0,2023-07-19
818,2023-07-19 10:13:00-04:00,1.4500000476837158,1.4500000476837158,1.4400999546051025,1.4450000524520874,6929,0.0,0.0,2023-07-19
819,2023-07-19 10:14:00-04:00,1.4471999406814575,1.4500000476837158,1.440000057220459,1.4474999904632568,19654,0.0,0.0,2023-07-19
820,2023-07-19 10:15:00-04:00,1.4400999546051025,1.4500000476837158,1.440000057220459,1.4450000524520874,18271,0.0,0.0,2023-07-19
821,2023-07-19 10:16:00-04:00,1.4400999546051025,1.4500000476837158,1.440000057220459,1.441499948501587,60188,0.0,0.0,2023-07-19
822,2023-07-19 10:17:00-04:00,1.4493999481201172,1.4500000476837158,1.440000057220459,1.4450000524520874,13544,0.0,0.0,2023-07-19
823,2023-07-19 10:18:00-04:00,1.441499948501587,1.4500000476837158,1.440000057220459,1.440000057220459,37666,0.0,0.0,2023-07-19
824,2023-07-19 10:19:00-04:00,1.4499000310897827,1.4500000476837158,1.440000057220459,1.4450000524520874,25765,0.0,0.0,2023-07-19
825,2023-07-19 10:20:00-04:00,1.4450000524520874,1.4500000476837158,1.4400999546051025,1.4500000476837158,4621,0.0,0.0,2023-07-19
826,2023-07-19 10:21:00-04:00,1.448799967765808,1.4500000476837158,1.4400999546051025,1.4500000476837158,10172,0.0,0.0,2023-07-19
827,2023-07-19 10:22:00-04:00,1.4500000476837158,1.4500000476837158,1.440000057220459,1.4500000476837158,36789,0.0,0.0,2023-07-19
828,2023-07-19 10:23:00-04:00,1.4450000524520874,1.4700000286102295,1.4450000524520874,1.4700000286102295,408037,0.0,0.0,2023-07-19
829,2023-07-19 10:24:00-04:00,1.4607000350952148,1.4700000286102295,1.4600000381469727,1.4600000381469727,80372,0.0,0.0,2023-07-19
830,2023-07-19 10:25:00-04:00,1.465000033378601,1.465000033378601,1.4500999450683594,1.4600000381469727,35066,0.0,0.0,2023-07-19
831,2023-07-19 10:26:00-04:00,1.4550000429153442,1.4700000286102295,1.4550000429153442,1.4601000547409058,83131,0.0,0.0,2023-07-19
832,2023-07-19 10:27:00-04:00,1.4600000381469727,1.4700000286102295,1.4600000381469727,1.4615000486373901,25655,0.0,0.0,2023-07-19
833,2023-07-19 10:28:00-04:00,1.465000033378601,1.4700000286102295,1.4600000381469727,1.4700000286102295,10372,0.0,0.0,2023-07-19
834,2023-07-19 10:29:00-04:00,1.4699000120162964,1.4700000286102295,1.4600000381469727,1.4692000150680542,57407,0.0,0.0,2023-07-19
835,2023-07-19 10:30:00-04:00,1.4616999626159668,1.4800000190734863,1.4600000381469727,1.479599952697754,124931,0.0,0.0,2023-07-19
836,2023-07-19 10:31:00-04:00,1.4700000286102295,1.4800000190734863,1.4700000286102295,1.475000023841858,40234,0.0,0.0,2023-07-19
837,2023-07-19 10:32:00-04:00,1.4767999649047852,1.4800000190734863,1.4700000286102295,1.4800000190734863,24273,0.0,0.0,2023-07-19
838,2023-07-19 10:33:00-04:00,1.475000023841858,1.4800000190734863,1.4700000286102295,1.4785000085830688,86556,0.0,0.0,2023-07-19
839,2023-07-19 10:34:00-04:00,1.4800000190734863,1.4900000095367432,1.4752000570297241,1.48989999294281,63743,0.0,0.0,2023-07-19
840,2023-07-19 10:35:00-04:00,1.4815000295639038,1.4900000095367432,1.4800000190734863,1.4900000095367432,58411,0.0,0.0,2023-07-19
841,2023-07-19 10:36:00-04:00,1.4850000143051147,1.4900000095367432,1.4800000190734863,1.4800000190734863,60302,0.0,0.0,2023-07-19
842,2023-07-19 10:37:00-04:00,1.4850000143051147,1.4900000095367432,1.4800000190734863,1.4850000143051147,36719,0.0,0.0,2023-07-19
843,2023-07-19 10:38:00-04:00,1.4900000095367432,1.4900000095367432,1.4800000190734863,1.4803999662399292,33168,0.0,0.0,2023-07-19
844,2023-07-19 10:39:00-04:00,1.480299949645996,1.5099999904632568,1.4800000190734863,1.5026999711990356,411474,0.0,0.0,2023-07-19
845,2023-07-19 10:40:00-04:00,1.5049999952316284,1.5099999904632568,1.5,1.5084999799728394,67509,0.0,0.0,2023-07-19
846,2023-07-19 10:41:00-04:00,1.5099999904632568,1.5099999904632568,1.5025999546051025,1.5088000297546387,39979,0.0,0.0,2023-07-19
847,2023-07-19 10:42:00-04:00,1.5099999904632568,1.5199999809265137,1.503999948501587,1.5199999809265137,74943,0.0,0.0,2023-07-19
848,2023-07-19 10:43:00-04:00,1.5132999420166016,1.5299999713897705,1.510599970817566,1.5299999713897705,124976,0.0,0.0,2023-07-19
849,2023-07-19 10:44:00-04:00,1.5296000242233276,1.5299999713897705,1.5200999975204468,1.5299999713897705,130200,0.0,0.0,2023-07-19
850,2023-07-19 10:45:00-04:00,1.5299999713897705,1.5399999618530273,1.5200999975204468,1.534999966621399,70407,0.0,0.0,2023-07-19
851,2023-07-19 10:46:00-04:00,1.534999966621399,1.5449999570846558,1.524999976158142,1.5449999570846558,334208,0.0,0.0,2023-07-19
852,2023-07-19 10:47:00-04:00,1.5490000247955322,1.5499999523162842,1.5299999713897705,1.5390000343322754,162543,0.0,0.0,2023-07-19
853,2023-07-19 10:48:00-04:00,1.534999966621399,1.5399999618530273,1.5299999713897705,1.5300999879837036,56849,0.0,0.0,2023-07-19
854,2023-07-19 10:49:00-04:00,1.5299999713897705,1.5382000207901,1.5199999809265137,1.5200999975204468,57517,0.0,0.0,2023-07-19
855,2023-07-19 10:50:00-04:00,1.524999976158142,1.5299999713897705,1.5199999809265137,1.5299999713897705,36144,0.0,0.0,2023-07-19
856,2023-07-19 10:51:00-04:00,1.5199999809265137,1.5293999910354614,1.5199999809265137,1.524999976158142,19545,0.0,0.0,2023-07-19
857,2023-07-19 10:52:00-04:00,1.524999976158142,1.5399999618530273,1.524999976158142,1.5399999618530273,48728,0.0,0.0,2023-07-19
858,2023-07-19 10:53:00-04:00,1.5300999879837036,1.5399999618530273,1.5299999713897705,1.5307999849319458,219045,0.0,0.0,2023-07-19
859,2023-07-19 10:54:00-04:00,1.5399999618530273,1.5399999618530273,1.5199999809265137,1.534999966621399,208890,0.0,0.0,2023-07-19
860,2023-07-19 10:55:00-04:00,1.534999966621399,1.5449999570846558,1.5299999713897705,1.5449999570846558,97161,0.0,0.0,2023-07-19
861,2023-07-19 10:56:00-04:00,1.5399999618530273,1.5499999523162842,1.5399999618530273,1.5499999523162842,29640,0.0,0.0,2023-07-19
862,2023-07-19 10:57:00-04:00,1.5485999584197998,1.5499999523162842,1.5399999618530273,1.5499999523162842,139299,0.0,0.0,2023-07-19
863,2023-07-19 10:58:00-04:00,1.5499999523162842,1.5585999488830566,1.5399999618530273,1.5413999557495117,105457,0.0,0.0,2023-07-19
864,2023-07-19 10:59:00-04:00,1.5499999523162842,1.5499999523162842,1.530400037765503,1.5399999618530273,137047,0.0,0.0,2023-07-19
865,2023-07-19 11:00:00-04:00,1.534999966621399,1.5399999618530273,1.5299999713897705,1.5317000150680542,27293,0.0,0.0,2023-07-19
866,2023-07-19 11:01:00-04:00,1.5299999713897705,1.5399999618530273,1.5299999713897705,1.5299999713897705,107178,0.0,0.0,2023-07-19
867,2023-07-19 11:02:00-04:00,1.534999966621399,1.5491000413894653,1.5299999713897705,1.54830002784729,31739,0.0,0.0,2023-07-19
868,2023-07-19 11:03:00-04:00,1.5449999570846558,1.558500051498413,1.5399999618530273,1.5499999523162842,144635,0.0,0.0,2023-07-19
869,2023-07-19 11:04:00-04:00,1.5500999689102173,1.559999942779541,1.5499999523162842,1.5500999689102173,96165,0.0,0.0,2023-07-19
870,2023-07-19 11:05:00-04:00,1.5514999628067017,1.559999942779541,1.5499999523162842,1.5503000020980835,35688,0.0,0.0,2023-07-19
871,2023-07-19 11:06:00-04:00,1.559999942779541,1.565000057220459,1.5499999523162842,1.559999942779541,117685,0.0,0.0,2023-07-19
872,2023-07-19 11:07:00-04:00,1.5597000122070312,1.559999942779541,1.5499999523162842,1.5549999475479126,18714,0.0,0.0,2023-07-19
873,2023-07-19 11:08:00-04:00,1.558500051498413,1.5693999528884888,1.5499999523162842,1.5693999528884888,106180,0.0,0.0,2023-07-19
874,2023-07-19 11:09:00-04:00,1.5700000524520874,1.5700000524520874,1.5592000484466553,1.5592000484466553,236357,0.0,0.0,2023-07-19
875,2023-07-19 11:10:00-04:00,1.5549999475479126,1.5700000524520874,1.552899956703186,1.565000057220459,75947,0.0,0.0,2023-07-19
876,2023-07-19 11:11:00-04:00,1.565000057220459,1.5700000524520874,1.5499999523162842,1.5700000524520874,144263,0.0,0.0,2023-07-19
877,2023-07-19 11:12:00-04:00,1.559999942779541,1.5800000429153442,1.559999942779541,1.559999942779541,117422,0.0,0.0,2023-07-19
878,2023-07-19 11:13:00-04:00,1.565000057220459,1.5700000524520874,1.559999942779541,1.5611000061035156,262171,0.0,0.0,2023-07-19
879,2023-07-19 11:14:00-04:00,1.5684000253677368,1.5684000253677368,1.5549999475479126,1.5549999475479126,56539,0.0,0.0,2023-07-19
880,2023-07-19 11:15:00-04:00,1.5506999492645264,1.559999942779541,1.5499999523162842,1.5549999475479126,15900,0.0,0.0,2023-07-19
881,2023-07-19 11:16:00-04:00,1.5549999475479126,1.559999942779541,1.5499999523162842,1.5500999689102173,126604,0.0,0.0,2023-07-19
882,2023-07-19 11:17:00-04:00,1.5499999523162842,1.565000057220459,1.5499999523162842,1.559999942779541,93097,0.0,0.0,2023-07-19
883,2023-07-19 11:18:00-04:00,1.565000057220459,1.5700000524520874,1.559999942779541,1.565000057220459,34572,0.0,0.0,2023-07-19
884,2023-07-19 11:19:00-04:00,1.559999942779541,1.5700000524520874,1.5499999523162842,1.559999942779541,71269,0.0,0.0,2023-07-19
885,2023-07-19 11:20:00-04:00,1.5608999729156494,1.5700000524520874,1.559999942779541,1.5700000524520874,19967,0.0,0.0,2023-07-19
886,2023-07-19 11:21:00-04:00,1.565000057220459,1.5750000476837158,1.559999942779541,1.5750000476837158,56301,0.0,0.0,2023-07-19
887,2023-07-19 11:22:00-04:00,1.5750000476837158,1.5800000429153442,1.5700000524520874,1.573099970817566,9698,0.0,0.0,2023-07-19
888,2023-07-19 11:23:00-04:00,1.5750000476837158,1.589900016784668,1.5700000524520874,1.5850000381469727,79119,0.0,0.0,2023-07-19
889,2023-07-19 11:24:00-04:00,1.5800000429153442,1.5850000381469727,1.5700000524520874,1.5700000524520874,59072,0.0,0.0,2023-07-19
890,2023-07-19 11:25:00-04:00,1.5750000476837158,1.5799000263214111,1.5700000524520874,1.5750000476837158,10162,0.0,0.0,2023-07-19
891,2023-07-19 11:26:00-04:00,1.5750000476837158,1.5800000429153442,1.5700000524520874,1.5700000524520874,40344,0.0,0.0,2023-07-19
892,2023-07-19 11:27:00-04:00,1.5706000328063965,1.5800000429153442,1.559999942779541,1.5698000192642212,289483,0.0,0.0,2023-07-19
893,2023-07-19 11:28:00-04:00,1.559999942779541,1.5750000476837158,1.559999942779541,1.5700000524520874,163334,0.0,0.0,2023-07-19
894,2023-07-19 11:29:00-04:00,1.570099949836731,1.590000033378601,1.5700000524520874,1.5885000228881836,189572,0.0,0.0,2023-07-19
895,2023-07-19 11:30:00-04:00,1.5800000429153442,1.590000033378601,1.5700000524520874,1.5782999992370605,195995,0.0,0.0,2023-07-19
896,2023-07-19 11:31:00-04:00,1.5800000429153442,1.5800000429153442,1.5708999633789062,1.579200029373169,12693,0.0,0.0,2023-07-19
897,2023-07-19 11:32:00-04:00,1.5800000429153442,1.590000033378601,1.5800000429153442,1.5881999731063843,93583,0.0,0.0,2023-07-19
898,2023-07-19 11:33:00-04:00,1.5850000381469727,1.5850000381469727,1.5700000524520874,1.5799000263214111,18793,0.0,0.0,2023-07-19
899,2023-07-19 11:34:00-04:00,1.5800000429153442,1.5800000429153442,1.5708999633789062,1.5714999437332153,12755,0.0,0.0,2023-07-19
900,2023-07-19 11:35:00-04:00,1.5799000263214111,1.5800000429153442,1.5703999996185303,1.5794999599456787,17217,0.0,0.0,2023-07-19
901,2023-07-19 11:36:00-04:00,1.5750000476837158,1.5801000595092773,1.5700000524520874,1.5800000429153442,91165,0.0,0.0,2023-07-19
902,2023-07-19 11:37:00-04:00,1.5800000429153442,1.5800000429153442,1.5705000162124634,1.5785000324249268,241123,0.0,0.0,2023-07-19
903,2023-07-19 11:38:00-04:00,1.5750000476837158,1.5800000429153442,1.5600999593734741,1.565000057220459,67218,0.0,0.0,2023-07-19
904,2023-07-19 11:39:00-04:00,1.5699000358581543,1.5700000524520874,1.559999942779541,1.5683000087738037,54899,0.0,0.0,2023-07-19
905,2023-07-19 11:40:00-04:00,1.5700000524520874,1.5791000127792358,1.5616999864578247,1.5700000524520874,51181,0.0,0.0,2023-07-19
906,2023-07-19 11:41:00-04:00,1.5785000324249268,1.5800000429153442,1.5700000524520874,1.5714000463485718,44905,0.0,0.0,2023-07-19
907,2023-07-19 11:42:00-04:00,1.5715999603271484,1.5800000429153442,1.5714999437332153,1.5800000429153442,18223,0.0,0.0,2023-07-19
908,2023-07-19 11:43:00-04:00,1.5785000324249268,1.5800000429153442,1.5700000524520874,1.5750000476837158,30598,0.0,0.0,2023-07-19
909,2023-07-19 11:44:00-04:00,1.5800000429153442,1.5800000429153442,1.572700023651123,1.5750000476837158,30388,0.0,0.0,2023-07-19
910,2023-07-19 11:45:00-04:00,1.5750000476837158,1.590000033378601,1.5750000476837158,1.5815000534057617,59542,0.0,0.0,2023-07-19
911,2023-07-19 11:46:00-04:00,1.5801000595092773,1.600000023841858,1.5800000429153442,1.600000023841858,254175,0.0,0.0,2023-07-19
912,2023-07-19 11:47:00-04:00,1.5950000286102295,1.600000023841858,1.590000033378601,1.5950000286102295,28360,0.0,0.0,2023-07-19
913,2023-07-19 11:48:00-04:00,1.5950000286102295,1.6100000143051147,1.590000033378601,1.6074999570846558,79758,0.0,0.0,2023-07-19
914,2023-07-19 11:49:00-04:00,1.6026999950408936,1.6100000143051147,1.600000023841858,1.600100040435791,15129,0.0,0.0,2023-07-19
915,2023-07-19 11:50:00-04:00,1.6050000190734863,1.6100000143051147,1.5850000381469727,1.5850000381469727,107775,0.0,0.0,2023-07-19
916,2023-07-19 11:51:00-04:00,1.5850000381469727,1.5950000286102295,1.5801000595092773,1.5937999486923218,63454,0.0,0.0,2023-07-19
917,2023-07-19 11:52:00-04:00,1.5950000286102295,1.600000023841858,1.590000033378601,1.5960999727249146,31348,0.0,0.0,2023-07-19
918,2023-07-19 11:53:00-04:00,1.5950000286102295,1.600000023841858,1.590000033378601,1.5994000434875488,22313,0.0,0.0,2023-07-19
919,2023-07-19 11:54:00-04:00,1.590000033378601,1.600000023841858,1.590000033378601,1.600000023841858,34336,0.0,0.0,2023-07-19
920,2023-07-19 11:55:00-04:00,1.5994000434875488,1.6100000143051147,1.5950000286102295,1.6100000143051147,95854,0.0,0.0,2023-07-19
921,2023-07-19 11:56:00-04:00,1.6100000143051147,1.618499994277954,1.600100040435791,1.600100040435791,103385,0.0,0.0,2023-07-19
922,2023-07-19 11:57:00-04:00,1.6015000343322754,1.6200000047683716,1.600000023841858,1.6175999641418457,83194,0.0,0.0,2023-07-19
923,2023-07-19 11:58:00-04:00,1.6150000095367432,1.6200000047683716,1.6100000143051147,1.6200000047683716,39638,0.0,0.0,2023-07-19
924,2023-07-19 11:59:00-04:00,1.6150000095367432,1.6200000047683716,1.6101000308990479,1.6200000047683716,49305,0.0,0.0,2023-07-19
925,2023-07-19 12:00:00-04:00,1.6167000532150269,1.6200000047683716,1.6100000143051147,1.6100000143051147,16475,0.0,0.0,2023-07-19
926,2023-07-19 12:01:00-04:00,1.6150000095367432,1.6200000047683716,1.6100000143051147,1.6116000413894653,42487,0.0,0.0,2023-07-19
927,2023-07-19 12:02:00-04:00,1.6100000143051147,1.618499994277954,1.6100000143051147,1.6100000143051147,57650,0.0,0.0,2023-07-19
928,2023-07-19 12:03:00-04:00,1.6100000143051147,1.6200000047683716,1.6100000143051147,1.618499994277954,37231,0.0,0.0,2023-07-19
929,2023-07-19 12:04:00-04:00,1.6150000095367432,1.6200000047683716,1.6100000143051147,1.6101000308990479,18512,0.0,0.0,2023-07-19
930,2023-07-19 12:05:00-04:00,1.6100000143051147,1.6100000143051147,1.600000023841858,1.600000023841858,61589,0.0,0.0,2023-07-19
931,2023-07-19 12:06:00-04:00,1.6100000143051147,1.6100000143051147,1.5950000286102295,1.6002999544143677,64572,0.0,0.0,2023-07-19
932,2023-07-19 12:07:00-04:00,1.6015000343322754,1.6085000038146973,1.600000023841858,1.6050000190734863,18007,0.0,0.0,2023-07-19
933,2023-07-19 12:08:00-04:00,1.600000023841858,1.6100000143051147,1.600000023841858,1.6023999452590942,13164,0.0,0.0,2023-07-19
934,2023-07-19 12:09:00-04:00,1.600000023841858,1.6150000095367432,1.600000023841858,1.6050000190734863,62680,0.0,0.0,2023-07-19
935,2023-07-19 12:10:00-04:00,1.6090999841690063,1.6200000047683716,1.6090999841690063,1.6150000095367432,53232,0.0,0.0,2023-07-19
936,2023-07-19 12:11:00-04:00,1.610200047492981,1.610200047492981,1.600000023841858,1.600000023841858,32567,0.0,0.0,2023-07-19
937,2023-07-19 12:12:00-04:00,1.6100000143051147,1.6100000143051147,1.600000023841858,1.6018999814987183,24131,0.0,0.0,2023-07-19
938,2023-07-19 12:13:00-04:00,1.6050000190734863,1.6100000143051147,1.6014000177383423,1.6050000190734863,20204,0.0,0.0,2023-07-19
939,2023-07-19 12:14:00-04:00,1.6098999977111816,1.6098999977111816,1.600000023841858,1.6050000190734863,28753,0.0,0.0,2023-07-19
940,2023-07-19 12:15:00-04:00,1.6018999814987183,1.6098999977111816,1.600100040435791,1.6075999736785889,7742,0.0,0.0,2023-07-19
941,2023-07-19 12:16:00-04:00,1.6100000143051147,1.6100000143051147,1.600000023841858,1.600000023841858,22844,0.0,0.0,2023-07-19
942,2023-07-19 12:17:00-04:00,1.600000023841858,1.6014000177383423,1.5750000476837158,1.5750000476837158,145272,0.0,0.0,2023-07-19
943,2023-07-19 12:18:00-04:00,1.5800000429153442,1.590000033378601,1.5800000429153442,1.5815000534057617,50758,0.0,0.0,2023-07-19
944,2023-07-19 12:19:00-04:00,1.580899953842163,1.5885000228881836,1.5800000429153442,1.5815999507904053,14775,0.0,0.0,2023-07-19
945,2023-07-19 12:20:00-04:00,1.5815000534057617,1.590000033378601,1.5800000429153442,1.590000033378601,5711,0.0,0.0,2023-07-19
946,2023-07-19 12:21:00-04:00,1.5801000595092773,1.590000033378601,1.5750000476837158,1.5750000476837158,23157,0.0,0.0,2023-07-19
947,2023-07-19 12:22:00-04:00,1.5750000476837158,1.5787999629974365,1.5700000524520874,1.573199987411499,33834,0.0,0.0,2023-07-19
948,2023-07-19 12:23:00-04:00,1.5707999467849731,1.573799967765808,1.5700000524520874,1.5713000297546387,4415,0.0,0.0,2023-07-19
949,2023-07-19 12:24:00-04:00,1.5750000476837158,1.5800000429153442,1.5700000524520874,1.572700023651123,50019,0.0,0.0,2023-07-19
950,2023-07-19 12:25:00-04:00,1.5700000524520874,1.5709999799728394,1.5499999523162842,1.5506000518798828,129893,0.0,0.0,2023-07-19
951,2023-07-19 12:26:00-04:00,1.5514999628067017,1.559999942779541,1.5499999523162842,1.5549999475479126,39197,0.0,0.0,2023-07-19
952,2023-07-19 12:27:00-04:00,1.5499999523162842,1.5499999523162842,1.5299999713897705,1.5400999784469604,181291,0.0,0.0,2023-07-19
953,2023-07-19 12:28:00-04:00,1.5499999523162842,1.5499999523162842,1.5399999618530273,1.5414999723434448,108681,0.0,0.0,2023-07-19
954,2023-07-19 12:29:00-04:00,1.5484999418258667,1.5499999523162842,1.5399999618530273,1.5399999618530273,25707,0.0,0.0,2023-07-19
955,2023-07-19 12:30:00-04:00,1.5399999618530273,1.5399999618530273,1.5299999713897705,1.5299999713897705,39452,0.0,0.0,2023-07-19
956,2023-07-19 12:31:00-04:00,1.534999966621399,1.5399999618530273,1.5299999713897705,1.5299999713897705,46485,0.0,0.0,2023-07-19
957,2023-07-19 12:32:00-04:00,1.534999966621399,1.5399999618530273,1.5299999713897705,1.5299999713897705,21498,0.0,0.0,2023-07-19
958,2023-07-19 12:33:00-04:00,1.5399999618530273,1.5499999523162842,1.531499981880188,1.5449999570846558,50057,0.0,0.0,2023-07-19
959,2023-07-19 12:34:00-04:00,1.5499999523162842,1.5499999523162842,1.5399999618530273,1.5400999784469604,19475,0.0,0.0,2023-07-19
960,2023-07-19 12:35:00-04:00,1.5499999523162842,1.5499999523162842,1.5399999618530273,1.5499999523162842,12361,0.0,0.0,2023-07-19
961,2023-07-19 12:36:00-04:00,1.5499999523162842,1.5499999523162842,1.5399999618530273,1.548200011253357,8101,0.0,0.0,2023-07-19
962,2023-07-19 12:37:00-04:00,1.5399999618530273,1.5499999523162842,1.5399999618530273,1.5484999418258667,33100,0.0,0.0,2023-07-19
963,2023-07-19 12:38:00-04:00,1.5399999618530273,1.5499999523162842,1.5399999618530273,1.5399999618530273,7711,0.0,0.0,2023-07-19
964,2023-07-19 12:39:00-04:00,1.5499999523162842,1.5499999523162842,1.5399999618530273,1.5499999523162842,16941,0.0,0.0,2023-07-19
965,2023-07-19 12:40:00-04:00,1.5449999570846558,1.5499999523162842,1.5397000312805176,1.5397000312805176,60401,0.0,0.0,2023-07-19
966,2023-07-19 12:41:00-04:00,1.534999966621399,1.5449999570846558,1.534999966621399,1.541100025177002,52379,0.0,0.0,2023-07-19
967,2023-07-19 12:42:00-04:00,1.5400999784469604,1.5484999418258667,1.5399999618530273,1.5484999418258667,11058,0.0,0.0,2023-07-19
968,2023-07-19 12:43:00-04:00,1.5479999780654907,1.5499999523162842,1.5399999618530273,1.5499999523162842,19211,0.0,0.0,2023-07-19
969,2023-07-19 12:44:00-04:00,1.5499999523162842,1.5499999523162842,1.5414999723434448,1.5484999418258667,2328,0.0,0.0,2023-07-19
970,2023-07-19 12:45:00-04:00,1.5499999523162842,1.5499999523162842,1.5399999618530273,1.5422999858856201,4548,0.0,0.0,2023-07-19
971,2023-07-19 12:46:00-04:00,1.5499999523162842,1.5499999523162842,1.5399999618530273,1.5499999523162842,6169,0.0,0.0,2023-07-19
972,2023-07-19 12:47:00-04:00,1.5414999723434448,1.559999942779541,1.5414999723434448,1.559999942779541,52430,0.0,0.0,2023-07-19
973,2023-07-19 12:48:00-04:00,1.5549999475479126,1.559999942779541,1.5500999689102173,1.5583000183105469,5968,0.0,0.0,2023-07-19
974,2023-07-19 12:49:00-04:00,1.559999942779541,1.559999942779541,1.5499999523162842,1.559999942779541,21360,0.0,0.0,2023-07-19
975,2023-07-19 12:50:00-04:00,1.5598000288009644,1.559999942779541,1.5549999475479126,1.559999942779541,4580,0.0,0.0,2023-07-19
976,2023-07-19 12:51:00-04:00,1.5500999689102173,1.5700000524520874,1.5500999689102173,1.559999942779541,38714,0.0,0.0,2023-07-19
977,2023-07-19 12:52:00-04:00,1.565000057220459,1.5700000524520874,1.5600999593734741,1.5600999593734741,5980,0.0,0.0,2023-07-19
978,2023-07-19 12:53:00-04:00,1.5700000524520874,1.5700000524520874,1.559999942779541,1.569100022315979,53728,0.0,0.0,2023-07-19
979,2023-07-19 12:54:00-04:00,1.5700000524520874,1.5700000524520874,1.5614999532699585,1.5700000524520874,1175,0.0,0.0,2023-07-19
980,2023-07-19 12:55:00-04:00,1.56850004196167,1.5787999629974365,1.565000057220459,1.5750000476837158,72423,0.0,0.0,2023-07-19
981,2023-07-19 12:56:00-04:00,1.5700000524520874,1.5750000476837158,1.5614999532699585,1.5700000524520874,22841,0.0,0.0,2023-07-19
982,2023-07-19 12:57:00-04:00,1.565000057220459,1.5699000358581543,1.5606000423431396,1.5607000589370728,32415,0.0,0.0,2023-07-19
983,2023-07-19 12:58:00-04:00,1.5700000524520874,1.5800000429153442,1.565000057220459,1.5800000429153442,53520,0.0,0.0,2023-07-19
984,2023-07-19 12:59:00-04:00,1.5785000324249268,1.5800000429153442,1.5750000476837158,1.5764000415802002,17701,0.0,0.0,2023-07-19
985,2023-07-19 13:00:00-04:00,1.5705000162124634,1.5800000429153442,1.5705000162124634,1.5779999494552612,3278,0.0,0.0,2023-07-19
986,2023-07-19 13:01:00-04:00,1.5800000429153442,1.5800000429153442,1.5700000524520874,1.5700000524520874,64146,0.0,0.0,2023-07-19
987,2023-07-19 13:02:00-04:00,1.5800000429153442,1.5800000429153442,1.5700000524520874,1.5750000476837158,10930,0.0,0.0,2023-07-19
988,2023-07-19 13:03:00-04:00,1.5750000476837158,1.5750000476837158,1.5700000524520874,1.5748000144958496,33833,0.0,0.0,2023-07-19
989,2023-07-19 13:04:00-04:00,1.5700000524520874,1.5799000263214111,1.5700000524520874,1.5799000263214111,36351,0.0,0.0,2023-07-19
990,2023-07-19 13:05:00-04:00,1.5700000524520874,1.5800000429153442,1.5700000524520874,1.5750000476837158,42410,0.0,0.0,2023-07-19
991,2023-07-19 13:06:00-04:00,1.5714999437332153,1.5800000429153442,1.5700000524520874,1.579800009727478,7194,0.0,0.0,2023-07-19
992,2023-07-19 13:07:00-04:00,1.5776000022888184,1.5776000022888184,1.5700000524520874,1.570099949836731,3063,0.0,0.0,2023-07-19
993,2023-07-19 13:08:00-04:00,1.5700000524520874,1.5700000524520874,1.559999942779541,1.5601999759674072,28454,0.0,0.0,2023-07-19
994,2023-07-19 13:09:00-04:00,1.559999942779541,1.559999942779541,1.559999942779541,1.559999942779541,42509,0.0,0.0,2023-07-19
995,2023-07-19 13:10:00-04:00,1.559999942779541,1.5700000524520874,1.559999942779541,1.5681999921798706,18047,0.0,0.0,2023-07-19
996,2023-07-19 13:11:00-04:00,1.5700000524520874,1.5700000524520874,1.565000057220459,1.5700000524520874,10984,0.0,0.0,2023-07-19
997,2023-07-19 13:12:00-04:00,1.56850004196167,1.5800000429153442,1.56850004196167,1.5750000476837158,37642,0.0,0.0,2023-07-19
998,2023-07-19 13:13:00-04:00,1.570099949836731,1.5800000429153442,1.570099949836731,1.5800000429153442,4509,0.0,0.0,2023-07-19
999,2023-07-19 13:14:00-04:00,1.5750000476837158,1.5800000429153442,1.570099949836731,1.5750000476837158,21654,0.0,0.0,2023-07-19
1000,2023-07-19 13:15:00-04:00,1.5750000476837158,1.5774999856948853,1.5709999799728394,1.5735000371932983,4141,0.0,0.0,2023-07-19
1001,2023-07-19 13:16:00-04:00,1.5700000524520874,1.5750000476837158,1.5700000524520874,1.5750000476837158,3162,0.0,0.0,2023-07-19
1002,2023-07-19 13:17:00-04:00,1.5714999437332153,1.5782999992370605,1.5714999437332153,1.5782999992370605,5134,0.0,0.0,2023-07-19
1003,2023-07-19 13:18:00-04:00,1.5750000476837158,1.5785000324249268,1.5750000476837158,1.5750000476837158,9291,0.0,0.0,2023-07-19
1004,2023-07-19 13:19:00-04:00,1.5700000524520874,1.5700000524520874,1.559999942779541,1.5601999759674072,38592,0.0,0.0,2023-07-19
1005,2023-07-19 13:20:00-04:00,1.5614999532699585,1.56850004196167,1.559999942779541,1.565000057220459,11830,0.0,0.0,2023-07-19
1006,2023-07-19 13:21:00-04:00,1.5602999925613403,1.565000057220459,1.559999942779541,1.565000057220459,9655,0.0,0.0,2023-07-19
1007,2023-07-19 13:22:00-04:00,1.5693999528884888,1.5693999528884888,1.5614999532699585,1.565000057220459,3501,0.0,0.0,2023-07-19
1008,2023-07-19 13:23:00-04:00,1.565000057220459,1.5699000358581543,1.559999942779541,1.56850004196167,8467,0.0,0.0,2023-07-19
1009,2023-07-19 13:24:00-04:00,1.5699000358581543,1.5699000358581543,1.559999942779541,1.565000057220459,6671,0.0,0.0,2023-07-19
1010,2023-07-19 13:25:00-04:00,1.5688999891281128,1.5688999891281128,1.5600999593734741,1.565000057220459,14876,0.0,0.0,2023-07-19
1011,2023-07-19 13:26:00-04:00,1.559999942779541,1.568600058555603,1.559999942779541,1.5602999925613403,6379,0.0,0.0,2023-07-19
1012,2023-07-19 13:27:00-04:00,1.559999942779541,1.5687999725341797,1.559999942779541,1.5687999725341797,6352,0.0,0.0,2023-07-19
1013,2023-07-19 13:28:00-04:00,1.5699000358581543,1.5699000358581543,1.559999942779541,1.565000057220459,5716,0.0,0.0,2023-07-19
1014,2023-07-19 13:29:00-04:00,1.565000057220459,1.5700000524520874,1.559999942779541,1.56850004196167,16167,0.0,0.0,2023-07-19
1015,2023-07-19 13:30:00-04:00,1.565000057220459,1.5700000524520874,1.559999942779541,1.559999942779541,3653,0.0,0.0,2023-07-19
1016,2023-07-19 13:31:00-04:00,1.559999942779541,1.565000057220459,1.5499999523162842,1.5503000020980835,65873,0.0,0.0,2023-07-19
1017,2023-07-19 13:32:00-04:00,1.5549999475479126,1.559999942779541,1.5499999523162842,1.555799961090088,14223,0.0,0.0,2023-07-19
1018,2023-07-19 13:33:00-04:00,1.5549999475479126,1.559999942779541,1.5499999523162842,1.5503000020980835,11955,0.0,0.0,2023-07-19
1019,2023-07-19 13:34:00-04:00,1.559999942779541,1.559999942779541,1.5399999618530273,1.5399999618530273,82991,0.0,0.0,2023-07-19
1020,2023-07-19 13:35:00-04:00,1.5435999631881714,1.5435999631881714,1.5299999713897705,1.534999966621399,57190,0.0,0.0,2023-07-19
1021,2023-07-19 13:36:00-04:00,1.5384999513626099,1.5499999523162842,1.5299999713897705,1.5414999723434448,42567,0.0,0.0,2023-07-19
1022,2023-07-19 13:37:00-04:00,1.5499999523162842,1.5499999523162842,1.5399999618530273,1.5449999570846558,1613,0.0,0.0,2023-07-19
1023,2023-07-19 13:38:00-04:00,1.5449999570846558,1.5470000505447388,1.5449999570846558,1.5470000505447388,551,0.0,0.0,2023-07-19
1024,2023-07-19 13:39:00-04:00,1.5418000221252441,1.5499999523162842,1.5418000221252441,1.5499999523162842,1991,0.0,0.0,2023-07-19
1025,2023-07-19 13:40:00-04:00,1.5489000082015991,1.5499999523162842,1.5400999784469604,1.5403000116348267,9211,0.0,0.0,2023-07-19
1026,2023-07-19 13:41:00-04:00,1.5400999784469604,1.5479999780654907,1.5400999784469604,1.5479999780654907,13210,0.0,0.0,2023-07-19
1027,2023-07-19 13:42:00-04:00,1.5418000221252441,1.5449999570846558,1.5418000221252441,1.5449999570846558,2444,0.0,0.0,2023-07-19
1028,2023-07-19 13:43:00-04:00,1.5499999523162842,1.5575000047683716,1.5449999570846558,1.5500999689102173,95531,0.0,0.0,2023-07-19
1029,2023-07-19 13:44:00-04:00,1.5499999523162842,1.559999942779541,1.5499999523162842,1.5556999444961548,26909,0.0,0.0,2023-07-19
1030,2023-07-19 13:45:00-04:00,1.5499999523162842,1.5499999523162842,1.5499999523162842,1.5499999523162842,328,0.0,0.0,2023-07-19
1031,2023-07-19 13:47:00-04:00,1.5500999689102173,1.5586999654769897,1.5500999689102173,1.5586999654769897,8579,0.0,0.0,2023-07-19
1032,2023-07-19 13:48:00-04:00,1.55649995803833,1.559999942779541,1.5505000352859497,1.556399941444397,6054,0.0,0.0,2023-07-19
1033,2023-07-19 13:49:00-04:00,1.5549999475479126,1.556399941444397,1.5499999523162842,1.5549999475479126,11469,0.0,0.0,2023-07-19
1034,2023-07-19 13:50:00-04:00,1.5549999475479126,1.559999942779541,1.5504000186920166,1.555999994277954,3406,0.0,0.0,2023-07-19
1035,2023-07-19 13:51:00-04:00,1.5549999475479126,1.558500051498413,1.5499999523162842,1.5499999523162842,6481,0.0,0.0,2023-07-19
1036,2023-07-19 13:52:00-04:00,1.5499999523162842,1.559999942779541,1.5499999523162842,1.5549999475479126,10710,0.0,0.0,2023-07-19
1037,2023-07-19 13:53:00-04:00,1.5549999475479126,1.5582000017166138,1.5549999475479126,1.5549999475479126,687,0.0,0.0,2023-07-19
1038,2023-07-19 13:54:00-04:00,1.5499999523162842,1.559999942779541,1.5499999523162842,1.5561000108718872,8334,0.0,0.0,2023-07-19
1039,2023-07-19 13:55:00-04:00,1.559999942779541,1.559999942779541,1.5549999475479126,1.559999942779541,14343,0.0,0.0,2023-07-19
1040,2023-07-19 13:56:00-04:00,1.5549999475479126,1.559999942779541,1.5514999628067017,1.5514999628067017,2436,0.0,0.0,2023-07-19
1041,2023-07-19 13:57:00-04:00,1.5549999475479126,1.559999942779541,1.5499999523162842,1.5506999492645264,4412,0.0,0.0,2023-07-19
1042,2023-07-19 13:58:00-04:00,1.5499999523162842,1.5549999475479126,1.5499999523162842,1.5514999628067017,6174,0.0,0.0,2023-07-19
1043,2023-07-19 13:59:00-04:00,1.5506999492645264,1.5599000453948975,1.5501999855041504,1.5549999475479126,4804,0.0,0.0,2023-07-19
1044,2023-07-19 14:00:00-04:00,1.559999942779541,1.5700000524520874,1.5513999462127686,1.5700000524520874,251282,0.0,0.0,2023-07-19
1045,2023-07-19 14:01:00-04:00,1.5700000524520874,1.5700000524520874,1.565000057220459,1.565000057220459,2460,0.0,0.0,2023-07-19
1046,2023-07-19 14:02:00-04:00,1.565000057220459,1.5699000358581543,1.559999942779541,1.565000057220459,2626,0.0,0.0,2023-07-19
1047,2023-07-19 14:03:00-04:00,1.5699000358581543,1.5700000524520874,1.559999942779541,1.565000057220459,33375,0.0,0.0,2023-07-19
1048,2023-07-19 14:04:00-04:00,1.5700000524520874,1.5700000524520874,1.559999942779541,1.565000057220459,16347,0.0,0.0,2023-07-19
1049,2023-07-19 14:05:00-04:00,1.559999942779541,1.5700000524520874,1.559999942779541,1.5674999952316284,22384,0.0,0.0,2023-07-19
1050,2023-07-19 14:06:00-04:00,1.559999942779541,1.565000057220459,1.559999942779541,1.559999942779541,5443,0.0,0.0,2023-07-19
1051,2023-07-19 14:07:00-04:00,1.565000057220459,1.565000057220459,1.559999942779541,1.565000057220459,2419,0.0,0.0,2023-07-19
1052,2023-07-19 14:08:00-04:00,1.559999942779541,1.5700000524520874,1.559999942779541,1.559999942779541,5217,0.0,0.0,2023-07-19
1053,2023-07-19 14:09:00-04:00,1.5614999532699585,1.565000057220459,1.5499999523162842,1.5499999523162842,15642,0.0,0.0,2023-07-19
1054,2023-07-19 14:10:00-04:00,1.5499999523162842,1.5499999523162842,1.5399999618530273,1.5407999753952026,61038,0.0,0.0,2023-07-19
1055,2023-07-19 14:11:00-04:00,1.5399999618530273,1.5499000549316406,1.5399999618530273,1.5499000549316406,26028,0.0,0.0,2023-07-19
1056,2023-07-19 14:12:00-04:00,1.5399999618530273,1.5499999523162842,1.5399999618530273,1.545699954032898,17780,0.0,0.0,2023-07-19
1057,2023-07-19 14:13:00-04:00,1.5496000051498413,1.5496000051498413,1.5449999570846558,1.5449999570846558,11741,0.0,0.0,2023-07-19
1058,2023-07-19 14:14:00-04:00,1.5399999618530273,1.5464999675750732,1.5399999618530273,1.5414999723434448,5058,0.0,0.0,2023-07-19
1059,2023-07-19 14:15:00-04:00,1.5405000448226929,1.5494999885559082,1.5399999618530273,1.5399999618530273,5872,0.0,0.0,2023-07-19
1060,2023-07-19 14:16:00-04:00,1.5484999418258667,1.5484999418258667,1.5449999570846558,1.5449999570846558,858,0.0,0.0,2023-07-19
1061,2023-07-19 14:17:00-04:00,1.5449999570846558,1.5449999570846558,1.5449999570846558,1.5449999570846558,611,0.0,0.0,2023-07-19
1062,2023-07-19 14:18:00-04:00,1.5449999570846558,1.5449999570846558,1.5399999618530273,1.5449999570846558,6787,0.0,0.0,2023-07-19
1063,2023-07-19 14:19:00-04:00,1.5484999418258667,1.5499999523162842,1.5405000448226929,1.548799991607666,3310,0.0,0.0,2023-07-19
1064,2023-07-19 14:20:00-04:00,1.5400999784469604,1.5498000383377075,1.5400999784469604,1.5476000308990479,9417,0.0,0.0,2023-07-19
1065,2023-07-19 14:21:00-04:00,1.5410000085830688,1.5489000082015991,1.5399999618530273,1.5475000143051147,12037,0.0,0.0,2023-07-19
1066,2023-07-19 14:22:00-04:00,1.5399999618530273,1.5499999523162842,1.5399999618530273,1.5449999570846558,29294,0.0,0.0,2023-07-19
1067,2023-07-19 14:23:00-04:00,1.5499999523162842,1.5499999523162842,1.5449999570846558,1.5492000579833984,13841,0.0,0.0,2023-07-19
1068,2023-07-19 14:24:00-04:00,1.5499999523162842,1.5499999523162842,1.5449999570846558,1.5449999570846558,3549,0.0,0.0,2023-07-19
1069,2023-07-19 14:25:00-04:00,1.5499999523162842,1.5499999523162842,1.5499999523162842,1.5499999523162842,100,0.0,0.0,2023-07-19
1070,2023-07-19 14:26:00-04:00,1.5407999753952026,1.5549999475479126,1.5407999753952026,1.5549999475479126,85697,0.0,0.0,2023-07-19
1071,2023-07-19 14:27:00-04:00,1.5499999523162842,1.559999942779541,1.5499999523162842,1.5549999475479126,6109,0.0,0.0,2023-07-19
1072,2023-07-19 14:28:00-04:00,1.5549999475479126,1.5549999475479126,1.5449999570846558,1.5449999570846558,20587,0.0,0.0,2023-07-19
1073,2023-07-19 14:29:00-04:00,1.5413000583648682,1.5413000583648682,1.5406999588012695,1.5406999588012695,740,0.0,0.0,2023-07-19
1074,2023-07-19 14:30:00-04:00,1.5449999570846558,1.5499999523162842,1.5399999618530273,1.5499999523162842,8717,0.0,0.0,2023-07-19
1075,2023-07-19 14:31:00-04:00,1.5449999570846558,1.5499999523162842,1.5449999570846558,1.5449999570846558,2058,0.0,0.0,2023-07-19
1076,2023-07-19 14:32:00-04:00,1.5499999523162842,1.5499999523162842,1.5399999618530273,1.5449999570846558,16602,0.0,0.0,2023-07-19
1077,2023-07-19 14:33:00-04:00,1.5499999523162842,1.5549999475479126,1.5449999570846558,1.5499999523162842,31926,0.0,0.0,2023-07-19
1078,2023-07-19 14:34:00-04:00,1.5500999689102173,1.5599000453948975,1.5499999523162842,1.5499999523162842,2955,0.0,0.0,2023-07-19
1079,2023-07-19 14:35:00-04:00,1.5499999523162842,1.5549999475479126,1.5499999523162842,1.5549999475479126,355,0.0,0.0,2023-07-19
1080,2023-07-19 14:36:00-04:00,1.5549999475479126,1.5549999475479126,1.5549999475479126,1.5549999475479126,359,0.0,0.0,2023-07-19
1081,2023-07-19 14:37:00-04:00,1.5549999475479126,1.5549999475479126,1.5549999475479126,1.5549999475479126,506,0.0,0.0,2023-07-19
1082,2023-07-19 14:38:00-04:00,1.5549999475479126,1.5599000453948975,1.5549999475479126,1.5549999475479126,3252,0.0,0.0,2023-07-19
1083,2023-07-19 14:39:00-04:00,1.5549999475479126,1.5549999475479126,1.5499999523162842,1.5499999523162842,2938,0.0,0.0,2023-07-19
1084,2023-07-19 14:40:00-04:00,1.5499999523162842,1.559999942779541,1.5499999523162842,1.5499999523162842,6461,0.0,0.0,2023-07-19
1085,2023-07-19 14:41:00-04:00,1.5499999523162842,1.559999942779541,1.5499999523162842,1.559999942779541,2125,0.0,0.0,2023-07-19
1086,2023-07-19 14:42:00-04:00,1.5503000020980835,1.559999942779541,1.5499999523162842,1.559999942779541,6931,0.0,0.0,2023-07-19
1087,2023-07-19 14:43:00-04:00,1.5549999475479126,1.5549999475479126,1.5499999523162842,1.5549999475479126,1755,0.0,0.0,2023-07-19
1088,2023-07-19 14:44:00-04:00,1.559999942779541,1.559999942779541,1.5549999475479126,1.5549999475479126,1636,0.0,0.0,2023-07-19
1089,2023-07-19 14:45:00-04:00,1.5549999475479126,1.559999942779541,1.5505000352859497,1.5505000352859497,9137,0.0,0.0,2023-07-19
1090,2023-07-19 14:46:00-04:00,1.559999942779541,1.559999942779541,1.5549999475479126,1.5549999475479126,3932,0.0,0.0,2023-07-19
1091,2023-07-19 14:47:00-04:00,1.5549999475479126,1.559999942779541,1.5449999570846558,1.5449999570846558,24283,0.0,0.0,2023-07-19
1092,2023-07-19 14:48:00-04:00,1.5449999570846558,1.5499999523162842,1.5399999618530273,1.5399999618530273,7528,0.0,0.0,2023-07-19
1093,2023-07-19 14:49:00-04:00,1.5436999797821045,1.5477999448776245,1.5414999723434448,1.5477999448776245,21233,0.0,0.0,2023-07-19
1094,2023-07-19 14:50:00-04:00,1.5443999767303467,1.5449999570846558,1.5405999422073364,1.5449999570846558,1145,0.0,0.0,2023-07-19
1095,2023-07-19 14:51:00-04:00,1.5449999570846558,1.5477999448776245,1.5399999618530273,1.5449999570846558,6877,0.0,0.0,2023-07-19
1096,2023-07-19 14:52:00-04:00,1.5449999570846558,1.5497000217437744,1.5406999588012695,1.5449999570846558,8928,0.0,0.0,2023-07-19
1097,2023-07-19 14:53:00-04:00,1.5449999570846558,1.5484999418258667,1.5449999570846558,1.5449999570846558,916,0.0,0.0,2023-07-19
1098,2023-07-19 14:54:00-04:00,1.5400999784469604,1.5405000448226929,1.5400999784469604,1.5405000448226929,6092,0.0,0.0,2023-07-19
1099,2023-07-19 14:55:00-04:00,1.5449999570846558,1.5449999570846558,1.534999966621399,1.5384999513626099,39278,0.0,0.0,2023-07-19
1100,2023-07-19 14:56:00-04:00,1.5324000120162964,1.5399999618530273,1.5324000120162964,1.5398000478744507,23079,0.0,0.0,2023-07-19
1101,2023-07-19 14:57:00-04:00,1.534999966621399,1.5449999570846558,1.5331000089645386,1.534999966621399,144483,0.0,0.0,2023-07-19
1102,2023-07-19 14:58:00-04:00,1.534999966621399,1.5399999618530273,1.534999966621399,1.534999966621399,80091,0.0,0.0,2023-07-19
1103,2023-07-19 14:59:00-04:00,1.531499981880188,1.5399999618530273,1.531499981880188,1.5369000434875488,56163,0.0,0.0,2023-07-19
1104,2023-07-19 15:00:00-04:00,1.5399999618530273,1.5499999523162842,1.5399999618530273,1.5449999570846558,30679,0.0,0.0,2023-07-19
1105,2023-07-19 15:01:00-04:00,1.5449999570846558,1.5449999570846558,1.5449999570846558,1.5449999570846558,1265,0.0,0.0,2023-07-19
1106,2023-07-19 15:02:00-04:00,1.5499000549316406,1.5499999523162842,1.5399999618530273,1.5499999523162842,25018,0.0,0.0,2023-07-19
1107,2023-07-19 15:03:00-04:00,1.5499999523162842,1.5499999523162842,1.5410000085830688,1.5499999523162842,5040,0.0,0.0,2023-07-19
1108,2023-07-19 15:04:00-04:00,1.5449999570846558,1.5499999523162842,1.5400999784469604,1.5499999523162842,40416,0.0,0.0,2023-07-19
1109,2023-07-19 15:05:00-04:00,1.5499999523162842,1.5499999523162842,1.5499999523162842,1.5499999523162842,334,0.0,0.0,2023-07-19
1110,2023-07-19 15:06:00-04:00,1.5499999523162842,1.5499999523162842,1.5449999570846558,1.5449999570846558,44523,0.0,0.0,2023-07-19
1111,2023-07-19 15:07:00-04:00,1.5449999570846558,1.5499999523162842,1.541599988937378,1.5449999570846558,9583,0.0,0.0,2023-07-19
1112,2023-07-19 15:08:00-04:00,1.5449999570846558,1.5499999523162842,1.5420000553131104,1.5460000038146973,21997,0.0,0.0,2023-07-19
1113,2023-07-19 15:09:00-04:00,1.5449999570846558,1.5499999523162842,1.5403000116348267,1.5449999570846558,2175,0.0,0.0,2023-07-19
1114,2023-07-19 15:10:00-04:00,1.5400999784469604,1.5449999570846558,1.5400999784469604,1.5448999404907227,6743,0.0,0.0,2023-07-19
1115,2023-07-19 15:11:00-04:00,1.5449999570846558,1.5499999523162842,1.5449999570846558,1.5449999570846558,1248,0.0,0.0,2023-07-19
1116,2023-07-19 15:12:00-04:00,1.5400999784469604,1.5449999570846558,1.5399999618530273,1.5449999570846558,13028,0.0,0.0,2023-07-19
1117,2023-07-19 15:13:00-04:00,1.5413000583648682,1.5499999523162842,1.5399999618530273,1.5499999523162842,14530,0.0,0.0,2023-07-19
1118,2023-07-19 15:14:00-04:00,1.5449999570846558,1.5499999523162842,1.5399999618530273,1.5449999570846558,2811,0.0,0.0,2023-07-19
1119,2023-07-19 15:15:00-04:00,1.5499999523162842,1.5499999523162842,1.5449999570846558,1.5449999570846558,9637,0.0,0.0,2023-07-19
1120,2023-07-19 15:16:00-04:00,1.5476000308990479,1.5499999523162842,1.541200041770935,1.5449999570846558,3047,0.0,0.0,2023-07-19
1121,2023-07-19 15:17:00-04:00,1.5499999523162842,1.5499999523162842,1.5399999618530273,1.548799991607666,7449,0.0,0.0,2023-07-19
1122,2023-07-19 15:18:00-04:00,1.5449999570846558,1.5499999523162842,1.5400999784469604,1.5449999570846558,3904,0.0,0.0,2023-07-19
1123,2023-07-19 15:19:00-04:00,1.5449999570846558,1.5499999523162842,1.5399999618530273,1.5449999570846558,10675,0.0,0.0,2023-07-19
1124,2023-07-19 15:20:00-04:00,1.5499999523162842,1.5499999523162842,1.5449999570846558,1.5449999570846558,2010,0.0,0.0,2023-07-19
1125,2023-07-19 15:21:00-04:00,1.5499999523162842,1.5499999523162842,1.5449999570846558,1.5449999570846558,1375,0.0,0.0,2023-07-19
1126,2023-07-19 15:22:00-04:00,1.5499999523162842,1.5499999523162842,1.5400999784469604,1.5499999523162842,3369,0.0,0.0,2023-07-19
1127,2023-07-19 15:23:00-04:00,1.5449999570846558,1.5499999523162842,1.5449999570846558,1.5449999570846558,2621,0.0,0.0,2023-07-19
1128,2023-07-19 15:24:00-04:00,1.5499999523162842,1.5499999523162842,1.541700005531311,1.541700005531311,3927,0.0,0.0,2023-07-19
1129,2023-07-19 15:25:00-04:00,1.5449999570846558,1.5499999523162842,1.5449999570846558,1.5499999523162842,1182,0.0,0.0,2023-07-19
1130,2023-07-19 15:26:00-04:00,1.5499000549316406,1.5499999523162842,1.5449999570846558,1.5499999523162842,3790,0.0,0.0,2023-07-19
1131,2023-07-19 15:27:00-04:00,1.5449999570846558,1.5499999523162842,1.5399999618530273,1.5449999570846558,9948,0.0,0.0,2023-07-19
1132,2023-07-19 15:28:00-04:00,1.54830002784729,1.5499999523162842,1.5399999618530273,1.5484999418258667,8163,0.0,0.0,2023-07-19
1133,2023-07-19 15:29:00-04:00,1.547700047492981,1.547700047492981,1.5399999618530273,1.5449999570846558,2210,0.0,0.0,2023-07-19
1134,2023-07-19 15:30:00-04:00,1.5400999784469604,1.5499999523162842,1.5400999784469604,1.5499999523162842,7036,0.0,0.0,2023-07-19
1135,2023-07-19 15:31:00-04:00,1.5424000024795532,1.5475000143051147,1.5299999713897705,1.5299999713897705,92950,0.0,0.0,2023-07-19
1136,2023-07-19 15:32:00-04:00,1.5364999771118164,1.5364999771118164,1.5299999713897705,1.5300999879837036,1321,0.0,0.0,2023-07-19
1137,2023-07-19 15:33:00-04:00,1.5299999713897705,1.5384999513626099,1.5299999713897705,1.5299999713897705,31922,0.0,0.0,2023-07-19
1138,2023-07-19 15:34:00-04:00,1.5299999713897705,1.534999966621399,1.5299999713897705,1.5326999425888062,3919,0.0,0.0,2023-07-19
1139,2023-07-19 15:35:00-04:00,1.5384999513626099,1.5384999513626099,1.5099999904632568,1.5260000228881836,202280,0.0,0.0,2023-07-19
1140,2023-07-19 15:36:00-04:00,1.528499960899353,1.5299999713897705,1.5099999904632568,1.5199999809265137,133438,0.0,0.0,2023-07-19
1141,2023-07-19 15:37:00-04:00,1.5149999856948853,1.524999976158142,1.5099999904632568,1.5099999904632568,113746,0.0,0.0,2023-07-19
1142,2023-07-19 15:38:00-04:00,1.5199999809265137,1.5199999809265137,1.5111000537872314,1.5149999856948853,64265,0.0,0.0,2023-07-19
1143,2023-07-19 15:39:00-04:00,1.5199999809265137,1.5199999809265137,1.5099999904632568,1.5149999856948853,27849,0.0,0.0,2023-07-19
1144,2023-07-19 15:40:00-04:00,1.5183000564575195,1.5199999809265137,1.5099999904632568,1.518399953842163,31875,0.0,0.0,2023-07-19
1145,2023-07-19 15:41:00-04:00,1.5149999856948853,1.5198999643325806,1.5099999904632568,1.5099999904632568,10102,0.0,0.0,2023-07-19
1146,2023-07-19 15:42:00-04:00,1.5187000036239624,1.5199999809265137,1.5099999904632568,1.5149999856948853,24282,0.0,0.0,2023-07-19
1147,2023-07-19 15:43:00-04:00,1.5149999856948853,1.5199999809265137,1.5149999856948853,1.5149999856948853,6276,0.0,0.0,2023-07-19
1148,2023-07-19 15:44:00-04:00,1.5139000415802002,1.517699956893921,1.5099999904632568,1.5099999904632568,10205,0.0,0.0,2023-07-19
1149,2023-07-19 15:45:00-04:00,1.5149999856948853,1.5199999809265137,1.5099999904632568,1.5199999809265137,39916,0.0,0.0,2023-07-19
1150,2023-07-19 15:46:00-04:00,1.5099999904632568,1.5148999691009521,1.5099999904632568,1.5148999691009521,9131,0.0,0.0,2023-07-19
1151,2023-07-19 15:47:00-04:00,1.5099999904632568,1.5175000429153442,1.5099999904632568,1.5099999904632568,17879,0.0,0.0,2023-07-19
1152,2023-07-19 15:48:00-04:00,1.5175000429153442,1.5199999809265137,1.5099999904632568,1.5099999904632568,36110,0.0,0.0,2023-07-19
1153,2023-07-19 15:49:00-04:00,1.5099999904632568,1.516800045967102,1.5099999904632568,1.5149999856948853,2788,0.0,0.0,2023-07-19
1154,2023-07-19 15:50:00-04:00,1.5149999856948853,1.5199999809265137,1.5099999904632568,1.5183000564575195,48799,0.0,0.0,2023-07-19
1155,2023-07-19 15:51:00-04:00,1.517199993133545,1.5199999809265137,1.5149999856948853,1.5199999809265137,72116,0.0,0.0,2023-07-19
1156,2023-07-19 15:52:00-04:00,1.517799973487854,1.5199999809265137,1.5099999904632568,1.51010000705719,16328,0.0,0.0,2023-07-19
1157,2023-07-19 15:53:00-04:00,1.5149999856948853,1.5199999809265137,1.5117000341415405,1.5149999856948853,7814,0.0,0.0,2023-07-19
1158,2023-07-19 15:54:00-04:00,1.5199999809265137,1.5199999809265137,1.5099999904632568,1.5123000144958496,27998,0.0,0.0,2023-07-19
1159,2023-07-19 15:55:00-04:00,1.5149999856948853,1.5199999809265137,1.51010000705719,1.5149999856948853,22882,0.0,0.0,2023-07-19
1160,2023-07-19 15:56:00-04:00,1.5116000175476074,1.5199999809265137,1.5099999904632568,1.5199999809265137,24451,0.0,0.0,2023-07-19
1161,2023-07-19 15:57:00-04:00,1.5184999704360962,1.5199999809265137,1.5099999904632568,1.5149999856948853,79250,0.0,0.0,2023-07-19
1162,2023-07-19 15:58:00-04:00,1.5185999870300293,1.5299999713897705,1.5125000476837158,1.527500033378601,142322,0.0,0.0,2023-07-19
1163,2023-07-19 15:59:00-04:00,1.524999976158142,1.5299999713897705,1.5199999809265137,1.524999976158142,107885,0.0,0.0,2023-07-19
1164,2023-07-20 09:30:00-04:00,1.5800000429153442,1.5800000429153442,1.5750000476837158,1.5800000429153442,344979,0.0,0.0,2023-07-20
1165,2023-07-20 09:31:00-04:00,1.5800000429153442,1.600000023841858,1.5750000476837158,1.5850000381469727,40973,0.0,0.0,2023-07-20
1166,2023-07-20 09:32:00-04:00,1.5850000381469727,1.5850000381469727,1.5750000476837158,1.5850000381469727,12065,0.0,0.0,2023-07-20
1167,2023-07-20 09:33:00-04:00,1.5850000381469727,1.600000023841858,1.5774999856948853,1.5950000286102295,238176,0.0,0.0,2023-07-20
1168,2023-07-20 09:34:00-04:00,1.5950000286102295,1.6200000047683716,1.5950000286102295,1.6126999855041504,71404,0.0,0.0,2023-07-20
1169,2023-07-20 09:35:00-04:00,1.6150000095367432,1.659999966621399,1.6150000095367432,1.649999976158142,301305,0.0,0.0,2023-07-20
1170,2023-07-20 09:36:00-04:00,1.6484999656677246,1.6484999656677246,1.6200000047683716,1.6200000047683716,102595,0.0,0.0,2023-07-20
1171,2023-07-20 09:37:00-04:00,1.628499984741211,1.6449999809265137,1.6100000143051147,1.6449999809265137,193650,0.0,0.0,2023-07-20
1172,2023-07-20 09:38:00-04:00,1.6399999856948853,1.649999976158142,1.6396000385284424,1.6452000141143799,128987,0.0,0.0,2023-07-20
1173,2023-07-20 09:39:00-04:00,1.6480000019073486,1.649999976158142,1.6299999952316284,1.6399999856948853,133407,0.0,0.0,2023-07-20
1174,2023-07-20 09:40:00-04:00,1.6449999809265137,1.6449999809265137,1.590000033378601,1.5992000102996826,134159,0.0,0.0,2023-07-20
1175,2023-07-20 09:41:00-04:00,1.5901000499725342,1.600000023841858,1.5800000429153442,1.5950000286102295,106883,0.0,0.0,2023-07-20
1176,2023-07-20 09:42:00-04:00,1.5950000286102295,1.6100000143051147,1.5499999523162842,1.5614999532699585,273981,0.0,0.0,2023-07-20
1177,2023-07-20 09:43:00-04:00,1.565000057220459,1.5700000524520874,1.5499999523162842,1.5549999475479126,40509,0.0,0.0,2023-07-20
1178,2023-07-20 09:44:00-04:00,1.5549999475479126,1.559999942779541,1.5499999523162842,1.5499999523162842,25284,0.0,0.0,2023-07-20
1179,2023-07-20 09:45:00-04:00,1.5549999475479126,1.5699000358581543,1.5499999523162842,1.5670000314712524,62454,0.0,0.0,2023-07-20
1180,2023-07-20 09:46:00-04:00,1.559999942779541,1.559999942779541,1.5399999618530273,1.5399999618530273,81588,0.0,0.0,2023-07-20
1181,2023-07-20 09:47:00-04:00,1.5300999879837036,1.558500051498413,1.5299999713897705,1.558500051498413,34658,0.0,0.0,2023-07-20
1182,2023-07-20 09:48:00-04:00,1.559999942779541,1.559999942779541,1.5399999618530273,1.544100046157837,30884,0.0,0.0,2023-07-20
1183,2023-07-20 09:49:00-04:00,1.5399999618530273,1.5399999618530273,1.531499981880188,1.534999966621399,10691,0.0,0.0,2023-07-20
1184,2023-07-20 09:50:00-04:00,1.5300999879837036,1.5399999618530273,1.5299999713897705,1.534999966621399,78437,0.0,0.0,2023-07-20
1185,2023-07-20 09:51:00-04:00,1.534999966621399,1.5399999618530273,1.5199999809265137,1.5217000246047974,183833,0.0,0.0,2023-07-20
1186,2023-07-20 09:52:00-04:00,1.5299999713897705,1.5299999713897705,1.5,1.5049999952316284,152957,0.0,0.0,2023-07-20
1187,2023-07-20 09:53:00-04:00,1.5098999738693237,1.5098999738693237,1.5,1.5098999738693237,65263,0.0,0.0,2023-07-20
1188,2023-07-20 09:54:00-04:00,1.5049999952316284,1.5298999547958374,1.5049999952316284,1.5298999547958374,38684,0.0,0.0,2023-07-20
1189,2023-07-20 09:55:00-04:00,1.524999976158142,1.524999976158142,1.5099999904632568,1.5149999856948853,28110,0.0,0.0,2023-07-20
1190,2023-07-20 09:56:00-04:00,1.5099999904632568,1.5190999507904053,1.5,1.5049999952316284,31995,0.0,0.0,2023-07-20
1191,2023-07-20 09:57:00-04:00,1.5098999738693237,1.5099999904632568,1.500599980354309,1.5099999904632568,20907,0.0,0.0,2023-07-20
1192,2023-07-20 09:58:00-04:00,1.5,1.5049999952316284,1.4700000286102295,1.475000023841858,320285,0.0,0.0,2023-07-20
1193,2023-07-20 09:59:00-04:00,1.4700000286102295,1.5099999904632568,1.4700000286102295,1.5049999952316284,69694,0.0,0.0,2023-07-20
1194,2023-07-20 10:00:00-04:00,1.5,1.5098999738693237,1.4900000095367432,1.4950000047683716,28057,0.0,0.0,2023-07-20
1195,2023-07-20 10:01:00-04:00,1.4900000095367432,1.4900000095367432,1.4800000190734863,1.4886000156402588,22410,0.0,0.0,2023-07-20
1196,2023-07-20 10:02:00-04:00,1.4800000190734863,1.5049999952316284,1.4800000190734863,1.5049999952316284,164154,0.0,0.0,2023-07-20
1197,2023-07-20 10:03:00-04:00,1.5049999952316284,1.5049999952316284,1.4800000190734863,1.48989999294281,107505,0.0,0.0,2023-07-20
1198,2023-07-20 10:04:00-04:00,1.4850000143051147,1.4900000095367432,1.4800000190734863,1.4850000143051147,25143,0.0,0.0,2023-07-20
1199,2023-07-20 10:05:00-04:00,1.4850000143051147,1.4900000095367432,1.4800000190734863,1.4815000295639038,17054,0.0,0.0,2023-07-20
1200,2023-07-20 10:06:00-04:00,1.4800000190734863,1.5,1.4800000190734863,1.4900000095367432,29072,0.0,0.0,2023-07-20
1201,2023-07-20 10:07:00-04:00,1.4950000047683716,1.5099999904632568,1.4909000396728516,1.5,53027,0.0,0.0,2023-07-20
1202,2023-07-20 10:08:00-04:00,1.5096999406814575,1.5099999904632568,1.4900000095367432,1.4901000261306763,68562,0.0,0.0,2023-07-20
1203,2023-07-20 10:09:00-04:00,1.4950000047683716,1.4950000047683716,1.4800000190734863,1.4950000047683716,45396,0.0,0.0,2023-07-20
1204,2023-07-20 10:10:00-04:00,1.4909000396728516,1.5,1.4900000095367432,1.4950000047683716,3047,0.0,0.0,2023-07-20
1205,2023-07-20 10:11:00-04:00,1.4950000047683716,1.5,1.4900000095367432,1.4900000095367432,12035,0.0,0.0,2023-07-20
1206,2023-07-20 10:12:00-04:00,1.4900000095367432,1.4950000047683716,1.4801000356674194,1.4915000200271606,36798,0.0,0.0,2023-07-20
1207,2023-07-20 10:13:00-04:00,1.5,1.5149999856948853,1.4903000593185425,1.5099999904632568,37742,0.0,0.0,2023-07-20
1208,2023-07-20 10:14:00-04:00,1.5099999904632568,1.5199999809265137,1.5099999904632568,1.5180000066757202,18823,0.0,0.0,2023-07-20
1209,2023-07-20 10:15:00-04:00,1.5149999856948853,1.5198999643325806,1.5099999904632568,1.5149999856948853,15424,0.0,0.0,2023-07-20
1210,2023-07-20 10:16:00-04:00,1.5149999856948853,1.519700050354004,1.5099999904632568,1.5099999904632568,2322,0.0,0.0,2023-07-20
1211,2023-07-20 10:17:00-04:00,1.5149999856948853,1.5199999809265137,1.5099999904632568,1.5149999856948853,4692,0.0,0.0,2023-07-20
1212,2023-07-20 10:18:00-04:00,1.5099999904632568,1.524999976158142,1.5099999904632568,1.5199999809265137,38177,0.0,0.0,2023-07-20
1213,2023-07-20 10:19:00-04:00,1.5149999856948853,1.518399953842163,1.5099999904632568,1.5116000175476074,7950,0.0,0.0,2023-07-20
1214,2023-07-20 10:20:00-04:00,1.5149999856948853,1.5190999507904053,1.5099999904632568,1.5149999856948853,3685,0.0,0.0,2023-07-20
1215,2023-07-20 10:21:00-04:00,1.5110000371932983,1.5110000371932983,1.5049999952316284,1.5099999904632568,68637,0.0,0.0,2023-07-20
1216,2023-07-20 10:22:00-04:00,1.5017999410629272,1.5049999952316284,1.5,1.5049999952316284,1184,0.0,0.0,2023-07-20
1217,2023-07-20 10:23:00-04:00,1.5,1.5049999952316284,1.5,1.5049999952316284,17906,0.0,0.0,2023-07-20
1218,2023-07-20 10:24:00-04:00,1.5,1.5,1.4900000095367432,1.4900000095367432,96194,0.0,0.0,2023-07-20
1219,2023-07-20 10:25:00-04:00,1.4900000095367432,1.4900000095367432,1.4815000295639038,1.4880000352859497,25023,0.0,0.0,2023-07-20
1220,2023-07-20 10:26:00-04:00,1.4800000190734863,1.4801000356674194,1.4600000381469727,1.4601999521255493,133318,0.0,0.0,2023-07-20
1221,2023-07-20 10:27:00-04:00,1.4600000381469727,1.465000033378601,1.4600000381469727,1.4600000381469727,9577,0.0,0.0,2023-07-20
1222,2023-07-20 10:28:00-04:00,1.465000033378601,1.4700000286102295,1.4600000381469727,1.465000033378601,25878,0.0,0.0,2023-07-20
1223,2023-07-20 10:29:00-04:00,1.4615000486373901,1.465000033378601,1.4500000476837158,1.4545999765396118,129442,0.0,0.0,2023-07-20
1224,2023-07-20 10:30:00-04:00,1.4500000476837158,1.4600000381469727,1.4500000476837158,1.4550000429153442,31283,0.0,0.0,2023-07-20
1225,2023-07-20 10:31:00-04:00,1.451200008392334,1.4529999494552612,1.434999942779541,1.440000057220459,182498,0.0,0.0,2023-07-20
1226,2023-07-20 10:32:00-04:00,1.440999984741211,1.4699000120162964,1.4299999475479126,1.4607000350952148,128772,0.0,0.0,2023-07-20
1227,2023-07-20 10:33:00-04:00,1.4600000381469727,1.4800000190734863,1.4600000381469727,1.4700000286102295,243245,0.0,0.0,2023-07-20
1228,2023-07-20 10:34:00-04:00,1.469499945640564,1.4700000286102295,1.4520000219345093,1.4520000219345093,19724,0.0,0.0,2023-07-20
1229,2023-07-20 10:35:00-04:00,1.4596999883651733,1.4700000286102295,1.4500000476837158,1.465000033378601,140017,0.0,0.0,2023-07-20
1230,2023-07-20 10:36:00-04:00,1.465000033378601,1.4700000286102295,1.4550000429153442,1.4550000429153442,38371,0.0,0.0,2023-07-20
1231,2023-07-20 10:37:00-04:00,1.4599000215530396,1.4700000286102295,1.455199956893921,1.4600000381469727,80878,0.0,0.0,2023-07-20
1232,2023-07-20 10:38:00-04:00,1.4700000286102295,1.4700000286102295,1.4600000381469727,1.4700000286102295,154287,0.0,0.0,2023-07-20
1233,2023-07-20 10:39:00-04:00,1.4700000286102295,1.4700000286102295,1.4600000381469727,1.461400032043457,17244,0.0,0.0,2023-07-20
1234,2023-07-20 10:40:00-04:00,1.4600000381469727,1.4600000381469727,1.4450000524520874,1.445199966430664,84196,0.0,0.0,2023-07-20
1235,2023-07-20 10:41:00-04:00,1.4500000476837158,1.4600000381469727,1.4500000476837158,1.4600000381469727,36880,0.0,0.0,2023-07-20
1236,2023-07-20 10:42:00-04:00,1.4598000049591064,1.4600000381469727,1.4500999450683594,1.457200050354004,18727,0.0,0.0,2023-07-20
1237,2023-07-20 10:43:00-04:00,1.4550000429153442,1.4599000215530396,1.4500000476837158,1.4599000215530396,8027,0.0,0.0,2023-07-20
1238,2023-07-20 10:44:00-04:00,1.4550000429153442,1.4600000381469727,1.4500000476837158,1.4500000476837158,31560,0.0,0.0,2023-07-20
1239,2023-07-20 10:45:00-04:00,1.4600000381469727,1.4600000381469727,1.4500000476837158,1.4600000381469727,31660,0.0,0.0,2023-07-20
1240,2023-07-20 10:46:00-04:00,1.4520000219345093,1.4520000219345093,1.4500000476837158,1.4500000476837158,5370,0.0,0.0,2023-07-20
1241,2023-07-20 10:47:00-04:00,1.4500000476837158,1.4500000476837158,1.440000057220459,1.4450000524520874,83995,0.0,0.0,2023-07-20
1242,2023-07-20 10:48:00-04:00,1.4450000524520874,1.4550000429153442,1.440000057220459,1.4550000429153442,48680,0.0,0.0,2023-07-20
1243,2023-07-20 10:49:00-04:00,1.4550000429153442,1.4599000215530396,1.4500000476837158,1.4550000429153442,4794,0.0,0.0,2023-07-20
1244,2023-07-20 10:50:00-04:00,1.4600000381469727,1.4600000381469727,1.4515000581741333,1.4550000429153442,15722,0.0,0.0,2023-07-20
1245,2023-07-20 10:51:00-04:00,1.4550000429153442,1.4600000381469727,1.4500000476837158,1.4550000429153442,9789,0.0,0.0,2023-07-20
1246,2023-07-20 10:52:00-04:00,1.4515000581741333,1.4600000381469727,1.4500000476837158,1.4500000476837158,31622,0.0,0.0,2023-07-20
1247,2023-07-20 10:53:00-04:00,1.4500000476837158,1.4500000476837158,1.440000057220459,1.448699951171875,56520,0.0,0.0,2023-07-20
1248,2023-07-20 10:54:00-04:00,1.4450000524520874,1.4600000381469727,1.4416999816894531,1.4550000429153442,36339,0.0,0.0,2023-07-20
1249,2023-07-20 10:55:00-04:00,1.4600000381469727,1.4600000381469727,1.4500000476837158,1.4500000476837158,6246,0.0,0.0,2023-07-20
1250,2023-07-20 10:56:00-04:00,1.4550000429153442,1.4585000276565552,1.4500000476837158,1.4550000429153442,12487,0.0,0.0,2023-07-20
1251,2023-07-20 10:57:00-04:00,1.4585000276565552,1.4585000276565552,1.440000057220459,1.4550000429153442,13661,0.0,0.0,2023-07-20
1252,2023-07-20 10:58:00-04:00,1.4550000429153442,1.4600000381469727,1.4500000476837158,1.4550000429153442,32064,0.0,0.0,2023-07-20
1253,2023-07-20 10:59:00-04:00,1.4550000429153442,1.4780000448226929,1.4550000429153442,1.4700000286102295,77689,0.0,0.0,2023-07-20
1254,2023-07-20 11:00:00-04:00,1.475000023841858,1.4800000190734863,1.4700000286102295,1.4800000190734863,68429,0.0,0.0,2023-07-20
1255,2023-07-20 11:01:00-04:00,1.4800000190734863,1.4800000190734863,1.4700000286102295,1.4800000190734863,26872,0.0,0.0,2023-07-20
1256,2023-07-20 11:02:00-04:00,1.4800000190734863,1.4800000190734863,1.4728000164031982,1.4728000164031982,8996,0.0,0.0,2023-07-20
1257,2023-07-20 11:03:00-04:00,1.4800000190734863,1.4800000190734863,1.4714000225067139,1.475000023841858,11858,0.0,0.0,2023-07-20
1258,2023-07-20 11:04:00-04:00,1.475000023841858,1.4800000190734863,1.4700000286102295,1.4800000190734863,1921,0.0,0.0,2023-07-20
1259,2023-07-20 11:05:00-04:00,1.475000023841858,1.4800000190734863,1.4700000286102295,1.4797999858856201,15355,0.0,0.0,2023-07-20
1260,2023-07-20 11:06:00-04:00,1.4800000190734863,1.4801000356674194,1.4800000190734863,1.4800000190734863,8941,0.0,0.0,2023-07-20
1261,2023-07-20 11:07:00-04:00,1.4800000190734863,1.4800000190734863,1.475000023841858,1.4799000024795532,14946,0.0,0.0,2023-07-20
1262,2023-07-20 11:08:00-04:00,1.4800000190734863,1.4800000190734863,1.4700000286102295,1.4700000286102295,1922,0.0,0.0,2023-07-20
1263,2023-07-20 11:09:00-04:00,1.4716999530792236,1.475000023841858,1.4600000381469727,1.465000033378601,75221,0.0,0.0,2023-07-20
1264,2023-07-20 11:10:00-04:00,1.465000033378601,1.465000033378601,1.4600000381469727,1.465000033378601,3168,0.0,0.0,2023-07-20
1265,2023-07-20 11:11:00-04:00,1.465000033378601,1.465000033378601,1.4601999521255493,1.462499976158142,4430,0.0,0.0,2023-07-20
1266,2023-07-20 11:12:00-04:00,1.465000033378601,1.465000033378601,1.4500000476837158,1.4550000429153442,18580,0.0,0.0,2023-07-20
1267,2023-07-20 11:13:00-04:00,1.4550000429153442,1.4600000381469727,1.4500000476837158,1.4550000429153442,5283,0.0,0.0,2023-07-20
1268,2023-07-20 11:14:00-04:00,1.4550000429153442,1.4600000381469727,1.4500000476837158,1.4500000476837158,2606,0.0,0.0,2023-07-20
1269,2023-07-20 11:15:00-04:00,1.4600000381469727,1.4600000381469727,1.4500000476837158,1.4550000429153442,3373,0.0,0.0,2023-07-20
1270,2023-07-20 11:16:00-04:00,1.4500000476837158,1.4579999446868896,1.4500000476837158,1.4550000429153442,9020,0.0,0.0,2023-07-20
1271,2023-07-20 11:17:00-04:00,1.4500999450683594,1.4550000429153442,1.4500000476837158,1.4500000476837158,3562,0.0,0.0,2023-07-20
1272,2023-07-20 11:18:00-04:00,1.4550000429153442,1.4600000381469727,1.4550000429153442,1.4550000429153442,15352,0.0,0.0,2023-07-20
1273,2023-07-20 11:19:00-04:00,1.4594000577926636,1.4600000381469727,1.4500000476837158,1.4550000429153442,8414,0.0,0.0,2023-07-20
1274,2023-07-20 11:20:00-04:00,1.4550000429153442,1.4574999809265137,1.4500000476837158,1.4574999809265137,2796,0.0,0.0,2023-07-20
1275,2023-07-20 11:21:00-04:00,1.4599000215530396,1.4599000215530396,1.4502999782562256,1.4502999782562256,1734,0.0,0.0,2023-07-20
1276,2023-07-20 11:22:00-04:00,1.450700044631958,1.4550000429153442,1.4500000476837158,1.4502999782562256,6621,0.0,0.0,2023-07-20
1277,2023-07-20 11:23:00-04:00,1.4550000429153442,1.4585000276565552,1.4550000429153442,1.4585000276565552,367,0.0,0.0,2023-07-20
1278,2023-07-20 11:24:00-04:00,1.4550000429153442,1.4591000080108643,1.4450000524520874,1.4500000476837158,77314,0.0,0.0,2023-07-20
1279,2023-07-20 11:25:00-04:00,1.4500000476837158,1.4507999420166016,1.4500000476837158,1.4500000476837158,407,0.0,0.0,2023-07-20
1280,2023-07-20 11:26:00-04:00,1.4550000429153442,1.4550000429153442,1.4500000476837158,1.4550000429153442,3559,0.0,0.0,2023-07-20
1281,2023-07-20 11:27:00-04:00,1.4550000429153442,1.4580999612808228,1.4500000476837158,1.4510999917984009,5711,0.0,0.0,2023-07-20
1282,2023-07-20 11:28:00-04:00,1.4560999870300293,1.468500018119812,1.4500000476837158,1.465000033378601,24982,0.0,0.0,2023-07-20
1283,2023-07-20 11:29:00-04:00,1.465000033378601,1.4692000150680542,1.465000033378601,1.4692000150680542,1278,0.0,0.0,2023-07-20
1284,2023-07-20 11:30:00-04:00,1.4600000381469727,1.469499945640564,1.4600000381469727,1.4605000019073486,12273,0.0,0.0,2023-07-20
1285,2023-07-20 11:31:00-04:00,1.4600000381469727,1.4700000286102295,1.4600000381469727,1.4700000286102295,17510,0.0,0.0,2023-07-20
1286,2023-07-20 11:32:00-04:00,1.4700000286102295,1.475000023841858,1.465000033378601,1.475000023841858,76967,0.0,0.0,2023-07-20
1287,2023-07-20 11:33:00-04:00,1.475000023841858,1.4765000343322754,1.4700000286102295,1.4765000343322754,15540,0.0,0.0,2023-07-20
1288,2023-07-20 11:34:00-04:00,1.475000023841858,1.475000023841858,1.4700000286102295,1.4700000286102295,19747,0.0,0.0,2023-07-20
1289,2023-07-20 11:35:00-04:00,1.475000023841858,1.475000023841858,1.4700000286102295,1.475000023841858,6462,0.0,0.0,2023-07-20
1290,2023-07-20 11:36:00-04:00,1.4700000286102295,1.4774999618530273,1.4600000381469727,1.465000033378601,35230,0.0,0.0,2023-07-20
1291,2023-07-20 11:37:00-04:00,1.4674999713897705,1.4674999713897705,1.465000033378601,1.465000033378601,816,0.0,0.0,2023-07-20
1292,2023-07-20 11:38:00-04:00,1.4600000381469727,1.4699000120162964,1.4600000381469727,1.4699000120162964,8488,0.0,0.0,2023-07-20
1293,2023-07-20 11:39:00-04:00,1.4638999700546265,1.465000033378601,1.4605000019073486,1.465000033378601,2450,0.0,0.0,2023-07-20
1294,2023-07-20 11:40:00-04:00,1.4600000381469727,1.4600000381469727,1.4600000381469727,1.4600000381469727,5657,0.0,0.0,2023-07-20
1295,2023-07-20 11:41:00-04:00,1.4600000381469727,1.4600000381469727,1.4500000476837158,1.450600028038025,53206,0.0,0.0,2023-07-20
1296,2023-07-20 11:42:00-04:00,1.4500000476837158,1.4550000429153442,1.4500000476837158,1.4550000429153442,6812,0.0,0.0,2023-07-20
1297,2023-07-20 11:43:00-04:00,1.4502999782562256,1.465000033378601,1.4500000476837158,1.465000033378601,105975,0.0,0.0,2023-07-20
1298,2023-07-20 11:44:00-04:00,1.465000033378601,1.4699000120162964,1.4600000381469727,1.469499945640564,19896,0.0,0.0,2023-07-20
1299,2023-07-20 11:45:00-04:00,1.465000033378601,1.4700000286102295,1.4616999626159668,1.465000033378601,4227,0.0,0.0,2023-07-20
1300,2023-07-20 11:46:00-04:00,1.465000033378601,1.465000033378601,1.4550000429153442,1.4550000429153442,10267,0.0,0.0,2023-07-20
1301,2023-07-20 11:47:00-04:00,1.4550000429153442,1.4550000429153442,1.4502999782562256,1.4515000581741333,2898,0.0,0.0,2023-07-20
1302,2023-07-20 11:48:00-04:00,1.4500000476837158,1.4550000429153442,1.4450000524520874,1.4450000524520874,23086,0.0,0.0,2023-07-20
1303,2023-07-20 11:49:00-04:00,1.4450000524520874,1.4450000524520874,1.440000057220459,1.440000057220459,32484,0.0,0.0,2023-07-20
1304,2023-07-20 11:50:00-04:00,1.440000057220459,1.440000057220459,1.4300999641418457,1.4385000467300415,11140,0.0,0.0,2023-07-20
1305,2023-07-20 11:51:00-04:00,1.434999942779541,1.440000057220459,1.4299999475479126,1.440000057220459,17470,0.0,0.0,2023-07-20
1306,2023-07-20 11:52:00-04:00,1.434999942779541,1.4394999742507935,1.4299999475479126,1.4300999641418457,12726,0.0,0.0,2023-07-20
1307,2023-07-20 11:53:00-04:00,1.4299999475479126,1.4450000524520874,1.4299999475479126,1.4428999423980713,41145,0.0,0.0,2023-07-20
1308,2023-07-20 11:54:00-04:00,1.4500000476837158,1.4500999450683594,1.440000057220459,1.440000057220459,26214,0.0,0.0,2023-07-20
1309,2023-07-20 11:55:00-04:00,1.440000057220459,1.4500000476837158,1.440000057220459,1.440000057220459,5164,0.0,0.0,2023-07-20
1310,2023-07-20 11:56:00-04:00,1.4500000476837158,1.4500000476837158,1.440000057220459,1.440000057220459,4309,0.0,0.0,2023-07-20
1311,2023-07-20 11:57:00-04:00,1.4473999738693237,1.4473999738693237,1.440000057220459,1.440000057220459,507,0.0,0.0,2023-07-20
1312,2023-07-20 11:58:00-04:00,1.4483000040054321,1.4500000476837158,1.440000057220459,1.440000057220459,731,0.0,0.0,2023-07-20
1313,2023-07-20 11:59:00-04:00,1.4424999952316284,1.4424999952316284,1.440000057220459,1.440000057220459,609,0.0,0.0,2023-07-20
1314,2023-07-20 12:00:00-04:00,1.4450000524520874,1.4450000524520874,1.440000057220459,1.440000057220459,421,0.0,0.0,2023-07-20
1315,2023-07-20 12:01:00-04:00,1.4427000284194946,1.4500000476837158,1.440000057220459,1.4500000476837158,6025,0.0,0.0,2023-07-20
1316,2023-07-20 12:02:00-04:00,1.4450000524520874,1.4491000175476074,1.440000057220459,1.4491000175476074,20459,0.0,0.0,2023-07-20
1317,2023-07-20 12:03:00-04:00,1.448099970817566,1.448099970817566,1.440000057220459,1.4450000524520874,14748,0.0,0.0,2023-07-20
1318,2023-07-20 12:04:00-04:00,1.4450000524520874,1.4474999904632568,1.440000057220459,1.4450000524520874,1872,0.0,0.0,2023-07-20
1319,2023-07-20 12:05:00-04:00,1.4500000476837158,1.4500000476837158,1.440000057220459,1.4474999904632568,1614,0.0,0.0,2023-07-20
1320,2023-07-20 12:06:00-04:00,1.4450000524520874,1.4499000310897827,1.440000057220459,1.440000057220459,10637,0.0,0.0,2023-07-20
1321,2023-07-20 12:07:00-04:00,1.4450000524520874,1.4450000524520874,1.4299999475479126,1.4299999475479126,32108,0.0,0.0,2023-07-20
1322,2023-07-20 12:08:00-04:00,1.440000057220459,1.440000057220459,1.4355000257492065,1.4399000406265259,1138,0.0,0.0,2023-07-20
1323,2023-07-20 12:09:00-04:00,1.4299999475479126,1.434999942779541,1.4299999475479126,1.434999942779541,1755,0.0,0.0,2023-07-20
1324,2023-07-20 12:11:00-04:00,1.4391000270843506,1.4391000270843506,1.4299999475479126,1.4299999475479126,8638,0.0,0.0,2023-07-20
1325,2023-07-20 12:12:00-04:00,1.440000057220459,1.440000057220459,1.4299999475479126,1.440000057220459,5991,0.0,0.0,2023-07-20
1326,2023-07-20 12:13:00-04:00,1.4322999715805054,1.440000057220459,1.4299999475479126,1.440000057220459,9172,0.0,0.0,2023-07-20
1327,2023-07-20 12:14:00-04:00,1.4311000108718872,1.440000057220459,1.4311000108718872,1.434999942779541,5192,0.0,0.0,2023-07-20
1328,2023-07-20 12:15:00-04:00,1.4313000440597534,1.440000057220459,1.4299999475479126,1.434999942779541,31921,0.0,0.0,2023-07-20
1329,2023-07-20 12:16:00-04:00,1.434999942779541,1.440000057220459,1.434999942779541,1.434999942779541,601,0.0,0.0,2023-07-20
1330,2023-07-20 12:17:00-04:00,1.4299999475479126,1.437600016593933,1.4299999475479126,1.434999942779541,1646,0.0,0.0,2023-07-20
1331,2023-07-20 12:18:00-04:00,1.4299999475479126,1.4299999475479126,1.4299999475479126,1.4299999475479126,8204,0.0,0.0,2023-07-20
1332,2023-07-20 12:19:00-04:00,1.43149995803833,1.43149995803833,1.4199999570846558,1.429900050163269,60570,0.0,0.0,2023-07-20
1333,2023-07-20 12:20:00-04:00,1.4199999570846558,1.4211000204086304,1.4199999570846558,1.4199999570846558,18038,0.0,0.0,2023-07-20
1334,2023-07-20 12:22:00-04:00,1.4249999523162842,1.4249999523162842,1.4199999570846558,1.4249999523162842,6247,0.0,0.0,2023-07-20
1335,2023-07-20 12:23:00-04:00,1.4210000038146973,1.4249999523162842,1.4199999570846558,1.4249999523162842,4161,0.0,0.0,2023-07-20
1336,2023-07-20 12:24:00-04:00,1.4199999570846558,1.4199999570846558,1.409999966621399,1.4185999631881714,123066,0.0,0.0,2023-07-20
1337,2023-07-20 12:25:00-04:00,1.4101999998092651,1.4184999465942383,1.409999966621399,1.4103000164031982,13032,0.0,0.0,2023-07-20
1338,2023-07-20 12:26:00-04:00,1.409999966621399,1.4178999662399292,1.409999966621399,1.409999966621399,7797,0.0,0.0,2023-07-20
1339,2023-07-20 12:27:00-04:00,1.4149999618530273,1.4198999404907227,1.409999966621399,1.4198999404907227,8790,0.0,0.0,2023-07-20
1340,2023-07-20 12:28:00-04:00,1.4149999618530273,1.4198999404907227,1.4121999740600586,1.4149999618530273,22526,0.0,0.0,2023-07-20
1341,2023-07-20 12:29:00-04:00,1.4185999631881714,1.419800043106079,1.409999966621399,1.4149999618530273,6481,0.0,0.0,2023-07-20
1342,2023-07-20 12:30:00-04:00,1.413699984550476,1.4199999570846558,1.409999966621399,1.4138000011444092,6902,0.0,0.0,2023-07-20
1343,2023-07-20 12:31:00-04:00,1.409999966621399,1.4149999618530273,1.409999966621399,1.4149999618530273,20250,0.0,0.0,2023-07-20
1344,2023-07-20 12:32:00-04:00,1.4114999771118164,1.4149999618530273,1.4103000164031982,1.4103000164031982,3383,0.0,0.0,2023-07-20
1345,2023-07-20 12:33:00-04:00,1.4103000164031982,1.4149999618530273,1.409999966621399,1.4149999618530273,1577,0.0,0.0,2023-07-20
1346,2023-07-20 12:34:00-04:00,1.4149999618530273,1.4149999618530273,1.409999966621399,1.410599946975708,40391,0.0,0.0,2023-07-20
1347,2023-07-20 12:35:00-04:00,1.409999966621399,1.409999966621399,1.399999976158142,1.4084999561309814,33894,0.0,0.0,2023-07-20
1348,2023-07-20 12:36:00-04:00,1.4052000045776367,1.4052000045776367,1.399999976158142,1.4003000259399414,15369,0.0,0.0,2023-07-20
1349,2023-07-20 12:37:00-04:00,1.4004000425338745,1.4049999713897705,1.399999976158142,1.4000999927520752,2871,0.0,0.0,2023-07-20
1350,2023-07-20 12:38:00-04:00,1.399999976158142,1.4042999744415283,1.399999976158142,1.399999976158142,20589,0.0,0.0,2023-07-20
1351,2023-07-20 12:39:00-04:00,1.399999976158142,1.4049999713897705,1.399999976158142,1.4000999927520752,33963,0.0,0.0,2023-07-20
1352,2023-07-20 12:40:00-04:00,1.399999976158142,1.405900001525879,1.399999976158142,1.405900001525879,6979,0.0,0.0,2023-07-20
1353,2023-07-20 12:41:00-04:00,1.409999966621399,1.409999966621399,1.3949999809265137,1.399999976158142,174245,0.0,0.0,2023-07-20
1354,2023-07-20 12:42:00-04:00,1.3949999809265137,1.399999976158142,1.3799999952316284,1.3949999809265137,254329,0.0,0.0,2023-07-20
1355,2023-07-20 12:43:00-04:00,1.3949999809265137,1.399999976158142,1.3899999856948853,1.399999976158142,9761,0.0,0.0,2023-07-20
1356,2023-07-20 12:44:00-04:00,1.3949999809265137,1.399899959564209,1.3899999856948853,1.3949999809265137,3217,0.0,0.0,2023-07-20
1357,2023-07-20 12:45:00-04:00,1.399899959564209,1.399899959564209,1.3899999856948853,1.3975000381469727,11499,0.0,0.0,2023-07-20
1358,2023-07-20 12:46:00-04:00,1.3949999809265137,1.3984999656677246,1.3899999856948853,1.3950999975204468,6259,0.0,0.0,2023-07-20
1359,2023-07-20 12:47:00-04:00,1.3899999856948853,1.399999976158142,1.3899999856948853,1.3949999809265137,14558,0.0,0.0,2023-07-20
1360,2023-07-20 12:48:00-04:00,1.3949999809265137,1.399999976158142,1.3899999856948853,1.3949999809265137,12773,0.0,0.0,2023-07-20
1361,2023-07-20 12:49:00-04:00,1.3990999460220337,1.4092999696731567,1.3949999809265137,1.4092999696731567,43106,0.0,0.0,2023-07-20
1362,2023-07-20 12:50:00-04:00,1.409999966621399,1.4199999570846558,1.399999976158142,1.4049999713897705,172881,0.0,0.0,2023-07-20
1363,2023-07-20 12:51:00-04:00,1.4049999713897705,1.409999966621399,1.4049999713897705,1.4049999713897705,2617,0.0,0.0,2023-07-20
1364,2023-07-20 12:52:00-04:00,1.4098999500274658,1.409999966621399,1.399999976158142,1.4049999713897705,2580,0.0,0.0,2023-07-20
1365,2023-07-20 12:53:00-04:00,1.399999976158142,1.4049999713897705,1.399999976158142,1.4049999713897705,4325,0.0,0.0,2023-07-20
1366,2023-07-20 12:54:00-04:00,1.4049999713897705,1.4049999713897705,1.4019999504089355,1.4049999713897705,1882,0.0,0.0,2023-07-20
1367,2023-07-20 12:55:00-04:00,1.4000999927520752,1.409999966621399,1.4000999927520752,1.4049999713897705,4642,0.0,0.0,2023-07-20
1368,2023-07-20 12:56:00-04:00,1.4097000360488892,1.4097000360488892,1.399999976158142,1.399999976158142,2623,0.0,0.0,2023-07-20
1369,2023-07-20 12:57:00-04:00,1.399999976158142,1.409999966621399,1.399999976158142,1.4026000499725342,710,0.0,0.0,2023-07-20
1370,2023-07-20 12:58:00-04:00,1.399999976158142,1.409999966621399,1.399999976158142,1.409999966621399,28121,0.0,0.0,2023-07-20
1371,2023-07-20 12:59:00-04:00,1.409999966621399,1.409999966621399,1.4049999713897705,1.409999966621399,16263,0.0,0.0,2023-07-20
1372,2023-07-20 13:00:00-04:00,1.399999976158142,1.409999966621399,1.399999976158142,1.4049999713897705,11485,0.0,0.0,2023-07-20
1373,2023-07-20 13:01:00-04:00,1.399999976158142,1.4098999500274658,1.399999976158142,1.399999976158142,12856,0.0,0.0,2023-07-20
1374,2023-07-20 13:02:00-04:00,1.399999976158142,1.399999976158142,1.399999976158142,1.399999976158142,988,0.0,0.0,2023-07-20
1375,2023-07-20 13:03:00-04:00,1.399999976158142,1.399999976158142,1.3949999809265137,1.3949999809265137,5762,0.0,0.0,2023-07-20
1376,2023-07-20 13:04:00-04:00,1.399999976158142,1.399999976158142,1.399999976158142,1.399999976158142,3616,0.0,0.0,2023-07-20
1377,2023-07-20 13:05:00-04:00,1.399999976158142,1.399999976158142,1.399999976158142,1.399999976158142,1897,0.0,0.0,2023-07-20
1378,2023-07-20 13:06:00-04:00,1.399999976158142,1.399999976158142,1.399999976158142,1.399999976158142,885,0.0,0.0,2023-07-20
1379,2023-07-20 13:07:00-04:00,1.399999976158142,1.4049999713897705,1.399999976158142,1.399999976158142,32288,0.0,0.0,2023-07-20
1380,2023-07-20 13:08:00-04:00,1.399999976158142,1.399999976158142,1.3949999809265137,1.399999976158142,50695,0.0,0.0,2023-07-20
1381,2023-07-20 13:09:00-04:00,1.3899999856948853,1.399999976158142,1.3899999856948853,1.3949999809265137,21763,0.0,0.0,2023-07-20
1382,2023-07-20 13:10:00-04:00,1.3949999809265137,1.3996000289916992,1.3899999856948853,1.3949999809265137,1515,0.0,0.0,2023-07-20
1383,2023-07-20 13:11:00-04:00,1.3949999809265137,1.3960000276565552,1.3949999809265137,1.3949999809265137,2195,0.0,0.0,2023-07-20
1384,2023-07-20 13:12:00-04:00,1.3949999809265137,1.399999976158142,1.3899999856948853,1.3949999809265137,2910,0.0,0.0,2023-07-20
1385,2023-07-20 13:13:00-04:00,1.3907999992370605,1.399899959564209,1.3899999856948853,1.3982000350952148,29034,0.0,0.0,2023-07-20
1386,2023-07-20 13:14:00-04:00,1.3899999856948853,1.3913999795913696,1.3899999856948853,1.3913999795913696,1406,0.0,0.0,2023-07-20
1387,2023-07-20 13:15:00-04:00,1.3949999809265137,1.3949999809265137,1.3949999809265137,1.3949999809265137,5196,0.0,0.0,2023-07-20
1388,2023-07-20 13:16:00-04:00,1.3949999809265137,1.399999976158142,1.3949999809265137,1.3976999521255493,2222,0.0,0.0,2023-07-20
1389,2023-07-20 13:17:00-04:00,1.3899999856948853,1.399999976158142,1.3899999856948853,1.3949999809265137,23401,0.0,0.0,2023-07-20
1390,2023-07-20 13:18:00-04:00,1.399999976158142,1.399999976158142,1.3899999856948853,1.3949999809265137,2024,0.0,0.0,2023-07-20
1391,2023-07-20 13:19:00-04:00,1.3992999792099,1.399999976158142,1.3992999792099,1.399999976158142,3670,0.0,0.0,2023-07-20
1392,2023-07-20 13:20:00-04:00,1.3995000123977661,1.399999976158142,1.3899999856948853,1.3899999856948853,5547,0.0,0.0,2023-07-20
1393,2023-07-20 13:21:00-04:00,1.399999976158142,1.399999976158142,1.3899999856948853,1.3899999856948853,939,0.0,0.0,2023-07-20
1394,2023-07-20 13:22:00-04:00,1.391800045967102,1.3949999809265137,1.3899999856948853,1.3899999856948853,1238,0.0,0.0,2023-07-20
1395,2023-07-20 13:23:00-04:00,1.3901000022888184,1.398800015449524,1.3899999856948853,1.3949999809265137,6866,0.0,0.0,2023-07-20
1396,2023-07-20 13:24:00-04:00,1.399999976158142,1.399999976158142,1.3899999856948853,1.3899999856948853,2202,0.0,0.0,2023-07-20
1397,2023-07-20 13:25:00-04:00,1.3967000246047974,1.399999976158142,1.3949999809265137,1.3949999809265137,5825,0.0,0.0,2023-07-20
1398,2023-07-20 13:26:00-04:00,1.3949999809265137,1.399899959564209,1.3949999809265137,1.399899959564209,2326,0.0,0.0,2023-07-20
1399,2023-07-20 13:27:00-04:00,1.399999976158142,1.399999976158142,1.3899999856948853,1.3901000022888184,9675,0.0,0.0,2023-07-20
1400,2023-07-20 13:28:00-04:00,1.3899999856948853,1.399999976158142,1.3899999856948853,1.399999976158142,971,0.0,0.0,2023-07-20
1401,2023-07-20 13:29:00-04:00,1.3949999809265137,1.3949999809265137,1.3913999795913696,1.3949999809265137,3428,0.0,0.0,2023-07-20
1402,2023-07-20 13:30:00-04:00,1.399899959564209,1.399999976158142,1.3949999809265137,1.3949999809265137,9280,0.0,0.0,2023-07-20
1403,2023-07-20 13:31:00-04:00,1.399999976158142,1.399999976158142,1.3899999856948853,1.3899999856948853,546,0.0,0.0,2023-07-20
1404,2023-07-20 13:32:00-04:00,1.3949999809265137,1.399999976158142,1.3949999809265137,1.3949999809265137,977,0.0,0.0,2023-07-20
1405,2023-07-20 13:33:00-04:00,1.3899999856948853,1.3899999856948853,1.3899999856948853,1.3899999856948853,4574,0.0,0.0,2023-07-20
1406,2023-07-20 13:34:00-04:00,1.3949999809265137,1.399999976158142,1.3899999856948853,1.399999976158142,10118,0.0,0.0,2023-07-20
1407,2023-07-20 13:35:00-04:00,1.3949999809265137,1.3949999809265137,1.3899999856948853,1.3899999856948853,226,0.0,0.0,2023-07-20
1408,2023-07-20 13:36:00-04:00,1.3899999856948853,1.399999976158142,1.3899999856948853,1.399999976158142,3656,0.0,0.0,2023-07-20
1409,2023-07-20 13:37:00-04:00,1.392300009727478,1.399999976158142,1.3899999856948853,1.399999976158142,20516,0.0,0.0,2023-07-20
1410,2023-07-20 13:38:00-04:00,1.399999976158142,1.399999976158142,1.3901000022888184,1.3949999809265137,15302,0.0,0.0,2023-07-20
1411,2023-07-20 13:39:00-04:00,1.399999976158142,1.399999976158142,1.3899999856948853,1.3949999809265137,11448,0.0,0.0,2023-07-20
1412,2023-07-20 13:40:00-04:00,1.3949999809265137,1.399999976158142,1.3899999856948853,1.3899999856948853,4577,0.0,0.0,2023-07-20
1413,2023-07-20 13:41:00-04:00,1.3899999856948853,1.3949999809265137,1.3899999856948853,1.3899999856948853,2164,0.0,0.0,2023-07-20
1414,2023-07-20 13:42:00-04:00,1.3949999809265137,1.399999976158142,1.3918999433517456,1.3949999809265137,4557,0.0,0.0,2023-07-20
1415,2023-07-20 13:43:00-04:00,1.399999976158142,1.399999976158142,1.3899999856948853,1.3899999856948853,3792,0.0,0.0,2023-07-20
1416,2023-07-20 13:44:00-04:00,1.399899959564209,1.399999976158142,1.3946000337600708,1.3946000337600708,4376,0.0,0.0,2023-07-20
1417,2023-07-20 13:45:00-04:00,1.3992999792099,1.4084999561309814,1.3992999792099,1.4084999561309814,53184,0.0,0.0,2023-07-20
1418,2023-07-20 13:46:00-04:00,1.4049999713897705,1.409999966621399,1.399999976158142,1.4098999500274658,17061,0.0,0.0,2023-07-20
1419,2023-07-20 13:47:00-04:00,1.4049999713897705,1.409999966621399,1.399999976158142,1.4098999500274658,17277,0.0,0.0,2023-07-20
1420,2023-07-20 13:48:00-04:00,1.4049999713897705,1.409999966621399,1.399999976158142,1.409999966621399,11247,0.0,0.0,2023-07-20
1421,2023-07-20 13:49:00-04:00,1.409999966621399,1.409999966621399,1.4049999713897705,1.409999966621399,4115,0.0,0.0,2023-07-20
1422,2023-07-20 13:50:00-04:00,1.409999966621399,1.409999966621399,1.4049999713897705,1.4049999713897705,859,0.0,0.0,2023-07-20
1423,2023-07-20 13:51:00-04:00,1.4049999713897705,1.409999966621399,1.399999976158142,1.409999966621399,5913,0.0,0.0,2023-07-20
1424,2023-07-20 13:52:00-04:00,1.409999966621399,1.409999966621399,1.4049999713897705,1.4098999500274658,20263,0.0,0.0,2023-07-20
1425,2023-07-20 13:53:00-04:00,1.4049999713897705,1.409999966621399,1.4049999713897705,1.4049999713897705,7718,0.0,0.0,2023-07-20
1426,2023-07-20 13:54:00-04:00,1.409999966621399,1.409999966621399,1.4098999500274658,1.4098999500274658,9194,0.0,0.0,2023-07-20
1427,2023-07-20 13:55:00-04:00,1.409999966621399,1.4149999618530273,1.399999976158142,1.4098999500274658,117918,0.0,0.0,2023-07-20
1428,2023-07-20 13:56:00-04:00,1.4098999500274658,1.4098999500274658,1.4014999866485596,1.4014999866485596,14821,0.0,0.0,2023-07-20
1429,2023-07-20 13:57:00-04:00,1.4049999713897705,1.4049999713897705,1.399999976158142,1.403499960899353,3737,0.0,0.0,2023-07-20
1430,2023-07-20 13:58:00-04:00,1.4049999713897705,1.409999966621399,1.399999976158142,1.4049999713897705,93181,0.0,0.0,2023-07-20
1431,2023-07-20 13:59:00-04:00,1.4049999713897705,1.4079999923706055,1.399999976158142,1.399999976158142,6019,0.0,0.0,2023-07-20
1432,2023-07-20 14:00:00-04:00,1.4004000425338745,1.4004000425338745,1.399999976158142,1.399999976158142,21455,0.0,0.0,2023-07-20
1433,2023-07-20 14:01:00-04:00,1.399999976158142,1.4049999713897705,1.399999976158142,1.4049999713897705,3589,0.0,0.0,2023-07-20
1434,2023-07-20 14:02:00-04:00,1.399999976158142,1.399999976158142,1.399999976158142,1.399999976158142,7584,0.0,0.0,2023-07-20
1435,2023-07-20 14:03:00-04:00,1.4010000228881836,1.4075000286102295,1.399999976158142,1.4075000286102295,1751,0.0,0.0,2023-07-20
1436,2023-07-20 14:04:00-04:00,1.4049999713897705,1.4076000452041626,1.399999976158142,1.4076000452041626,11103,0.0,0.0,2023-07-20
1437,2023-07-20 14:05:00-04:00,1.399999976158142,1.4075000286102295,1.399999976158142,1.4049999713897705,19742,0.0,0.0,2023-07-20
1438,2023-07-20 14:06:00-04:00,1.4049999713897705,1.4088000059127808,1.399999976158142,1.399999976158142,15301,0.0,0.0,2023-07-20
1439,2023-07-20 14:07:00-04:00,1.399999976158142,1.4098000526428223,1.399999976158142,1.4049999713897705,6818,0.0,0.0,2023-07-20
1440,2023-07-20 14:08:00-04:00,1.4049999713897705,1.4049999713897705,1.399999976158142,1.399999976158142,616,0.0,0.0,2023-07-20
1441,2023-07-20 14:09:00-04:00,1.4075000286102295,1.409999966621399,1.4000999927520752,1.4049999713897705,3294,0.0,0.0,2023-07-20
1442,2023-07-20 14:10:00-04:00,1.399999976158142,1.409999966621399,1.399999976158142,1.4079999923706055,2708,0.0,0.0,2023-07-20
1443,2023-07-20 14:11:00-04:00,1.4049999713897705,1.409999966621399,1.4049999713897705,1.4049999713897705,938,0.0,0.0,2023-07-20
1444,2023-07-20 14:12:00-04:00,1.399999976158142,1.409999966621399,1.399999976158142,1.4049999713897705,1274,0.0,0.0,2023-07-20
1445,2023-07-20 14:13:00-04:00,1.4014999866485596,1.4049999713897705,1.4014999866485596,1.4049999713897705,305,0.0,0.0,2023-07-20
1446,2023-07-20 14:14:00-04:00,1.399999976158142,1.4075000286102295,1.399999976158142,1.4011000394821167,9648,0.0,0.0,2023-07-20
1447,2023-07-20 14:15:00-04:00,1.399999976158142,1.4098999500274658,1.399999976158142,1.4075000286102295,8815,0.0,0.0,2023-07-20
1448,2023-07-20 14:16:00-04:00,1.399999976158142,1.4082000255584717,1.399999976158142,1.399999976158142,12012,0.0,0.0,2023-07-20
1449,2023-07-20 14:17:00-04:00,1.4014999866485596,1.409999966621399,1.399999976158142,1.409999966621399,3251,0.0,0.0,2023-07-20
1450,2023-07-20 14:18:00-04:00,1.399999976158142,1.399999976158142,1.399999976158142,1.399999976158142,1154,0.0,0.0,2023-07-20
1451,2023-07-20 14:19:00-04:00,1.399999976158142,1.4098999500274658,1.399999976158142,1.399999976158142,1833,0.0,0.0,2023-07-20
1452,2023-07-20 14:20:00-04:00,1.399999976158142,1.4049999713897705,1.399999976158142,1.399999976158142,1937,0.0,0.0,2023-07-20
1453,2023-07-20 14:21:00-04:00,1.399999976158142,1.399999976158142,1.3899999856948853,1.3940000534057617,54050,0.0,0.0,2023-07-20
1454,2023-07-20 14:22:00-04:00,1.3918999433517456,1.399999976158142,1.3901000022888184,1.399999976158142,13008,0.0,0.0,2023-07-20
1455,2023-07-20 14:23:00-04:00,1.3949999809265137,1.3949999809265137,1.3949999809265137,1.3949999809265137,306,0.0,0.0,2023-07-20
1456,2023-07-20 14:24:00-04:00,1.399899959564209,1.399899959564209,1.3899999856948853,1.3899999856948853,7859,0.0,0.0,2023-07-20
1457,2023-07-20 14:25:00-04:00,1.3899999856948853,1.3949999809265137,1.3899999856948853,1.3899999856948853,841,0.0,0.0,2023-07-20
1458,2023-07-20 14:26:00-04:00,1.3899999856948853,1.3899999856948853,1.3899999856948853,1.3899999856948853,478,0.0,0.0,2023-07-20
1459,2023-07-20 14:27:00-04:00,1.3899999856948853,1.3949999809265137,1.3899999856948853,1.3899999856948853,2053,0.0,0.0,2023-07-20
1460,2023-07-20 14:28:00-04:00,1.3949999809265137,1.3949999809265137,1.3899999856948853,1.3949999809265137,4216,0.0,0.0,2023-07-20
1461,2023-07-20 14:29:00-04:00,1.3899999856948853,1.3997000455856323,1.3899999856948853,1.3997000455856323,2047,0.0,0.0,2023-07-20
1462,2023-07-20 14:30:00-04:00,1.3899999856948853,1.3995000123977661,1.3899999856948853,1.3899999856948853,773,0.0,0.0,2023-07-20
1463,2023-07-20 14:31:00-04:00,1.3910000324249268,1.3949999809265137,1.3899999856948853,1.3899999856948853,11021,0.0,0.0,2023-07-20
1464,2023-07-20 14:32:00-04:00,1.3899999856948853,1.399999976158142,1.3899999856948853,1.3949999809265137,2964,0.0,0.0,2023-07-20
1465,2023-07-20 14:33:00-04:00,1.3899999856948853,1.3949999809265137,1.3899999856948853,1.3899999856948853,1448,0.0,0.0,2023-07-20
1466,2023-07-20 14:34:00-04:00,1.3899999856948853,1.399999976158142,1.3899999856948853,1.3899999856948853,3140,0.0,0.0,2023-07-20
1467,2023-07-20 14:35:00-04:00,1.3949999809265137,1.3949999809265137,1.3899999856948853,1.3899999856948853,1768,0.0,0.0,2023-07-20
1468,2023-07-20 14:36:00-04:00,1.3949999809265137,1.3949999809265137,1.3899999856948853,1.3899999856948853,7554,0.0,0.0,2023-07-20
1469,2023-07-20 14:37:00-04:00,1.3949999809265137,1.399999976158142,1.3899999856948853,1.3949999809265137,2461,0.0,0.0,2023-07-20
1470,2023-07-20 14:38:00-04:00,1.3899999856948853,1.399999976158142,1.3899999856948853,1.3899999856948853,3093,0.0,0.0,2023-07-20
1471,2023-07-20 14:39:00-04:00,1.3949999809265137,1.399999976158142,1.3925000429153442,1.399899959564209,5994,0.0,0.0,2023-07-20
1472,2023-07-20 14:40:00-04:00,1.3949999809265137,1.3975000381469727,1.3899999856948853,1.3899999856948853,892,0.0,0.0,2023-07-20
1473,2023-07-20 14:41:00-04:00,1.3949999809265137,1.399999976158142,1.3899999856948853,1.3899999856948853,3082,0.0,0.0,2023-07-20
1474,2023-07-20 14:42:00-04:00,1.3899999856948853,1.3949999809265137,1.3899999856948853,1.3899999856948853,2411,0.0,0.0,2023-07-20
1475,2023-07-20 14:43:00-04:00,1.3949999809265137,1.399899959564209,1.3899999856948853,1.3949999809265137,1459,0.0,0.0,2023-07-20
1476,2023-07-20 14:44:00-04:00,1.3899999856948853,1.3949999809265137,1.3899999856948853,1.3944000005722046,2667,0.0,0.0,2023-07-20
1477,2023-07-20 14:45:00-04:00,1.396299958229065,1.399999976158142,1.3899999856948853,1.3949999809265137,3099,0.0,0.0,2023-07-20
1478,2023-07-20 14:46:00-04:00,1.3899999856948853,1.399999976158142,1.3899999856948853,1.3899999856948853,2490,0.0,0.0,2023-07-20
1479,2023-07-20 14:47:00-04:00,1.399999976158142,1.399999976158142,1.3949999809265137,1.3984999656677246,833,0.0,0.0,2023-07-20
1480,2023-07-20 14:48:00-04:00,1.3949999809265137,1.399999976158142,1.3899999856948853,1.3899999856948853,952,0.0,0.0,2023-07-20
1481,2023-07-20 14:49:00-04:00,1.3976999521255493,1.3976999521255493,1.3899999856948853,1.3914999961853027,133012,0.0,0.0,2023-07-20
1482,2023-07-20 14:50:00-04:00,1.3899999856948853,1.3975000381469727,1.3899999856948853,1.3949999809265137,2463,0.0,0.0,2023-07-20
1483,2023-07-20 14:51:00-04:00,1.3949999809265137,1.3949999809265137,1.3799999952316284,1.3799999952316284,288298,0.0,0.0,2023-07-20
1484,2023-07-20 14:52:00-04:00,1.3849999904632568,1.3870999813079834,1.3799999952316284,1.3849999904632568,8255,0.0,0.0,2023-07-20
1485,2023-07-20 14:53:00-04:00,1.3849999904632568,1.3899999856948853,1.3799999952316284,1.3799999952316284,12139,0.0,0.0,2023-07-20
1486,2023-07-20 14:54:00-04:00,1.3803999423980713,1.3882999420166016,1.3799999952316284,1.3799999952316284,10935,0.0,0.0,2023-07-20
1487,2023-07-20 14:55:00-04:00,1.3799999952316284,1.3899999856948853,1.3799999952316284,1.3799999952316284,17220,0.0,0.0,2023-07-20
1488,2023-07-20 14:56:00-04:00,1.3799999952316284,1.3868000507354736,1.3799999952316284,1.3799999952316284,6325,0.0,0.0,2023-07-20
1489,2023-07-20 14:57:00-04:00,1.3799999952316284,1.3849999904632568,1.3799999952316284,1.3849999904632568,13066,0.0,0.0,2023-07-20
1490,2023-07-20 14:58:00-04:00,1.3799999952316284,1.3899999856948853,1.3799999952316284,1.3799999952316284,8125,0.0,0.0,2023-07-20
1491,2023-07-20 14:59:00-04:00,1.3799999952316284,1.3802000284194946,1.3799999952316284,1.3799999952316284,1295,0.0,0.0,2023-07-20
1492,2023-07-20 15:00:00-04:00,1.3799999952316284,1.3899999856948853,1.3799999952316284,1.3799999952316284,30714,0.0,0.0,2023-07-20
1493,2023-07-20 15:01:00-04:00,1.3849999904632568,1.3899999856948853,1.3799999952316284,1.3799999952316284,54611,0.0,0.0,2023-07-20
1494,2023-07-20 15:02:00-04:00,1.3849999904632568,1.3849999904632568,1.3799999952316284,1.3799999952316284,7290,0.0,0.0,2023-07-20
1495,2023-07-20 15:03:00-04:00,1.3799999952316284,1.3849999904632568,1.3799999952316284,1.3799999952316284,25784,0.0,0.0,2023-07-20
1496,2023-07-20 15:04:00-04:00,1.3799999952316284,1.3899999856948853,1.3799999952316284,1.3849999904632568,1947,0.0,0.0,2023-07-20
1497,2023-07-20 15:05:00-04:00,1.3799999952316284,1.3889000415802002,1.3799999952316284,1.3803000450134277,10043,0.0,0.0,2023-07-20
1498,2023-07-20 15:06:00-04:00,1.3799999952316284,1.3899999856948853,1.3799999952316284,1.3799999952316284,11376,0.0,0.0,2023-07-20
1499,2023-07-20 15:07:00-04:00,1.382099986076355,1.3849999904632568,1.3799999952316284,1.3799999952316284,2133,0.0,0.0,2023-07-20
1500,2023-07-20 15:08:00-04:00,1.3799999952316284,1.3899999856948853,1.3799999952316284,1.3808000087738037,31538,0.0,0.0,2023-07-20
1501,2023-07-20 15:09:00-04:00,1.3899999856948853,1.399999976158142,1.3799999952316284,1.399999976158142,54834,0.0,0.0,2023-07-20
1502,2023-07-20 15:10:00-04:00,1.399999976158142,1.399999976158142,1.3899999856948853,1.399999976158142,2272,0.0,0.0,2023-07-20
1503,2023-07-20 15:11:00-04:00,1.399999976158142,1.399999976158142,1.3899999856948853,1.399999976158142,4454,0.0,0.0,2023-07-20
1504,2023-07-20 15:12:00-04:00,1.399999976158142,1.399999976158142,1.3949999809265137,1.399999976158142,22554,0.0,0.0,2023-07-20
1505,2023-07-20 15:13:00-04:00,1.399999976158142,1.399999976158142,1.3899999856948853,1.3949999809265137,14476,0.0,0.0,2023-07-20
1506,2023-07-20 15:14:00-04:00,1.3997000455856323,1.399999976158142,1.3899999856948853,1.3899999856948853,15147,0.0,0.0,2023-07-20
1507,2023-07-20 15:15:00-04:00,1.3949999809265137,1.399999976158142,1.3899999856948853,1.3949999809265137,3486,0.0,0.0,2023-07-20
1508,2023-07-20 15:16:00-04:00,1.399999976158142,1.399999976158142,1.3949999809265137,1.3949999809265137,14508,0.0,0.0,2023-07-20
1509,2023-07-20 15:17:00-04:00,1.3949999809265137,1.399999976158142,1.3912999629974365,1.3949999809265137,2680,0.0,0.0,2023-07-20
1510,2023-07-20 15:18:00-04:00,1.399899959564209,1.399899959564209,1.3899999856948853,1.3949999809265137,6370,0.0,0.0,2023-07-20
1511,2023-07-20 15:19:00-04:00,1.399999976158142,1.399999976158142,1.3899999856948853,1.3949999809265137,8997,0.0,0.0,2023-07-20
1512,2023-07-20 15:20:00-04:00,1.3949999809265137,1.399999976158142,1.3899999856948853,1.3949999809265137,18751,0.0,0.0,2023-07-20
1513,2023-07-20 15:21:00-04:00,1.3975000381469727,1.399899959564209,1.3899999856948853,1.399899959564209,2644,0.0,0.0,2023-07-20
1514,2023-07-20 15:22:00-04:00,1.3899999856948853,1.3949999809265137,1.3899999856948853,1.3949999809265137,1969,0.0,0.0,2023-07-20
1515,2023-07-20 15:23:00-04:00,1.3949999809265137,1.3949999809265137,1.3899999856948853,1.3949999809265137,9303,0.0,0.0,2023-07-20
1516,2023-07-20 15:24:00-04:00,1.3899999856948853,1.3949999809265137,1.3799999952316284,1.3827999830245972,53038,0.0,0.0,2023-07-20
1517,2023-07-20 15:25:00-04:00,1.3799999952316284,1.3849999904632568,1.3799999952316284,1.3799999952316284,1921,0.0,0.0,2023-07-20
1518,2023-07-20 15:26:00-04:00,1.3799999952316284,1.399999976158142,1.3799999952316284,1.399999976158142,121973,0.0,0.0,2023-07-20
1519,2023-07-20 15:27:00-04:00,1.3949999809265137,1.399999976158142,1.3914999961853027,1.3949999809265137,4577,0.0,0.0,2023-07-20
1520,2023-07-20 15:28:00-04:00,1.399399995803833,1.399399995803833,1.3949999809265137,1.3949999809265137,269,0.0,0.0,2023-07-20
1521,2023-07-20 15:29:00-04:00,1.3949999809265137,1.399999976158142,1.3899999856948853,1.3899999856948853,11820,0.0,0.0,2023-07-20
1522,2023-07-20 15:30:00-04:00,1.3949999809265137,1.3949999809265137,1.3949999809265137,1.3949999809265137,103,0.0,0.0,2023-07-20
1523,2023-07-20 15:31:00-04:00,1.399899959564209,1.399999976158142,1.3899999856948853,1.399999976158142,21712,0.0,0.0,2023-07-20
1524,2023-07-20 15:32:00-04:00,1.3899999856948853,1.399999976158142,1.3899999856948853,1.3949999809265137,24490,0.0,0.0,2023-07-20
1525,2023-07-20 15:33:00-04:00,1.399999976158142,1.399999976158142,1.3949999809265137,1.399899959564209,9069,0.0,0.0,2023-07-20
1526,2023-07-20 15:34:00-04:00,1.399999976158142,1.399999976158142,1.3901000022888184,1.399999976158142,10071,0.0,0.0,2023-07-20
1527,2023-07-20 15:35:00-04:00,1.3949999809265137,1.3949999809265137,1.3949999809265137,1.3949999809265137,1787,0.0,0.0,2023-07-20
1528,2023-07-20 15:36:00-04:00,1.3966000080108643,1.399999976158142,1.3899999856948853,1.3949999809265137,6157,0.0,0.0,2023-07-20
1529,2023-07-20 15:37:00-04:00,1.3949999809265137,1.3982000350952148,1.3899999856948853,1.3949999809265137,7176,0.0,0.0,2023-07-20
1530,2023-07-20 15:38:00-04:00,1.3949999809265137,1.3975000381469727,1.3899999856948853,1.3975000381469727,1405,0.0,0.0,2023-07-20
1531,2023-07-20 15:39:00-04:00,1.3949999809265137,1.399999976158142,1.3899999856948853,1.3899999856948853,15226,0.0,0.0,2023-07-20
1532,2023-07-20 15:40:00-04:00,1.399999976158142,1.399999976158142,1.3949999809265137,1.399999976158142,8744,0.0,0.0,2023-07-20
1533,2023-07-20 15:41:00-04:00,1.3949999809265137,1.399999976158142,1.3899999856948853,1.3949999809265137,4324,0.0,0.0,2023-07-20
1534,2023-07-20 15:42:00-04:00,1.3899999856948853,1.399999976158142,1.3899999856948853,1.399999976158142,15175,0.0,0.0,2023-07-20
1535,2023-07-20 15:43:00-04:00,1.3949999809265137,1.399999976158142,1.3899999856948853,1.3949999809265137,9868,0.0,0.0,2023-07-20
1536,2023-07-20 15:44:00-04:00,1.3949999809265137,1.399999976158142,1.3899999856948853,1.399999976158142,10049,0.0,0.0,2023-07-20
1537,2023-07-20 15:45:00-04:00,1.399999976158142,1.399999976158142,1.3899999856948853,1.399999976158142,2327,0.0,0.0,2023-07-20
1538,2023-07-20 15:46:00-04:00,1.3949999809265137,1.399999976158142,1.3949999809265137,1.399999976158142,2717,0.0,0.0,2023-07-20
1539,2023-07-20 15:47:00-04:00,1.399999976158142,1.399999976158142,1.3899999856948853,1.3899999856948853,4049,0.0,0.0,2023-07-20
1540,2023-07-20 15:48:00-04:00,1.399999976158142,1.399999976158142,1.3899999856948853,1.3949999809265137,10103,0.0,0.0,2023-07-20
1541,2023-07-20 15:49:00-04:00,1.399999976158142,1.399999976158142,1.3899999856948853,1.399999976158142,19336,0.0,0.0,2023-07-20
1542,2023-07-20 15:50:00-04:00,1.399999976158142,1.399999976158142,1.3899999856948853,1.3899999856948853,13440,0.0,0.0,2023-07-20
1543,2023-07-20 15:51:00-04:00,1.3949999809265137,1.3949999809265137,1.3799999952316284,1.3849999904632568,60593,0.0,0.0,2023-07-20
1544,2023-07-20 15:52:00-04:00,1.3849999904632568,1.3849999904632568,1.3799999952316284,1.3849999904632568,3144,0.0,0.0,2023-07-20
1545,2023-07-20 15:53:00-04:00,1.3899999856948853,1.3899999856948853,1.3799999952316284,1.3849999904632568,19276,0.0,0.0,2023-07-20
1546,2023-07-20 15:54:00-04:00,1.3899999856948853,1.3899999856948853,1.3799999952316284,1.3799999952316284,17183,0.0,0.0,2023-07-20
1547,2023-07-20 15:55:00-04:00,1.3849999904632568,1.3899999856948853,1.3799999952316284,1.3849999904632568,11478,0.0,0.0,2023-07-20
1548,2023-07-20 15:56:00-04:00,1.3898999691009521,1.3899999856948853,1.3799999952316284,1.3849999904632568,155707,0.0,0.0,2023-07-20
1549,2023-07-20 15:57:00-04:00,1.3849999904632568,1.3899999856948853,1.3799999952316284,1.3899999856948853,27365,0.0,0.0,2023-07-20
1550,2023-07-20 15:58:00-04:00,1.3849999904632568,1.3899999856948853,1.3799999952316284,1.3849999904632568,80903,0.0,0.0,2023-07-20
1551,2023-07-20 15:59:00-04:00,1.3849999904632568,1.3899999856948853,1.3799999952316284,1.3899999856948853,70861,0.0,0.0,2023-07-20
1552,2023-07-21 09:30:00-04:00,1.409999966621399,1.409999966621399,1.3799999952316284,1.3799999952316284,145595,0.0,0.0,2023-07-21
1553,2023-07-21 09:31:00-04:00,1.3700000047683716,1.375,1.340000033378601,1.3661999702453613,381959,0.0,0.0,2023-07-21
1554,2023-07-21 09:32:00-04:00,1.3700000047683716,1.3799999952316284,1.350000023841858,1.3700000047683716,88379,0.0,0.0,2023-07-21
1555,2023-07-21 09:33:00-04:00,1.3601000308990479,1.379699945449829,1.3600000143051147,1.3600000143051147,93215,0.0,0.0,2023-07-21
1556,2023-07-21 09:34:00-04:00,1.350000023841858,1.3700000047683716,1.350000023841858,1.3600000143051147,91576,0.0,0.0,2023-07-21
1557,2023-07-21 09:35:00-04:00,1.3550000190734863,1.3600000143051147,1.350000023841858,1.3550000190734863,19417,0.0,0.0,2023-07-21
1558,2023-07-21 09:36:00-04:00,1.3519999980926514,1.3600000143051147,1.3402999639511108,1.3486000299453735,93164,0.0,0.0,2023-07-21
1559,2023-07-21 09:37:00-04:00,1.3499000072479248,1.350000023841858,1.3300000429153442,1.3308000564575195,55077,0.0,0.0,2023-07-21
1560,2023-07-21 09:38:00-04:00,1.3355000019073486,1.340000033378601,1.3301000595092773,1.3301000595092773,68892,0.0,0.0,2023-07-21
1561,2023-07-21 09:39:00-04:00,1.3350000381469727,1.3450000286102295,1.3300000429153442,1.3386000394821167,62181,0.0,0.0,2023-07-21
1562,2023-07-21 09:40:00-04:00,1.3350000381469727,1.340000033378601,1.3300000429153442,1.3350000381469727,23138,0.0,0.0,2023-07-21
1563,2023-07-21 09:41:00-04:00,1.3300000429153442,1.340000033378601,1.3300000429153442,1.339400053024292,19625,0.0,0.0,2023-07-21
1564,2023-07-21 09:42:00-04:00,1.3380000591278076,1.339900016784668,1.3300000429153442,1.3300000429153442,22350,0.0,0.0,2023-07-21
1565,2023-07-21 09:43:00-04:00,1.3300000429153442,1.350000023841858,1.3300000429153442,1.340000033378601,72229,0.0,0.0,2023-07-21
1566,2023-07-21 09:44:00-04:00,1.3450000286102295,1.3450000286102295,1.3301000595092773,1.3301000595092773,30573,0.0,0.0,2023-07-21
1567,2023-07-21 09:45:00-04:00,1.3382999897003174,1.340000033378601,1.3350000381469727,1.3350000381469727,1215,0.0,0.0,2023-07-21
1568,2023-07-21 09:46:00-04:00,1.340000033378601,1.340000033378601,1.3300000429153442,1.339900016784668,10873,0.0,0.0,2023-07-21
1569,2023-07-21 09:47:00-04:00,1.339900016784668,1.340000033378601,1.3200000524520874,1.3286999464035034,81001,0.0,0.0,2023-07-21
1570,2023-07-21 09:48:00-04:00,1.320099949836731,1.3300000429153442,1.3200000524520874,1.3300000429153442,40395,0.0,0.0,2023-07-21
1571,2023-07-21 09:49:00-04:00,1.3250000476837158,1.3300000429153442,1.3200000524520874,1.3300000429153442,6126,0.0,0.0,2023-07-21
1572,2023-07-21 09:50:00-04:00,1.3300000429153442,1.3300000429153442,1.315000057220459,1.315000057220459,88935,0.0,0.0,2023-07-21
1573,2023-07-21 09:51:00-04:00,1.3200000524520874,1.3200000524520874,1.3100999593734741,1.3100999593734741,28765,0.0,0.0,2023-07-21
1574,2023-07-21 09:52:00-04:00,1.3200000524520874,1.3200000524520874,1.309999942779541,1.309999942779541,9338,0.0,0.0,2023-07-21
1575,2023-07-21 09:53:00-04:00,1.3200000524520874,1.3250000476837158,1.309999942779541,1.3200000524520874,52112,0.0,0.0,2023-07-21
1576,2023-07-21 09:54:00-04:00,1.3200000524520874,1.3205000162124634,1.312399983406067,1.3205000162124634,37702,0.0,0.0,2023-07-21
1577,2023-07-21 09:55:00-04:00,1.3300000429153442,1.3300000429153442,1.3200000524520874,1.3295999765396118,13080,0.0,0.0,2023-07-21
1578,2023-07-21 09:56:00-04:00,1.3300000429153442,1.3300000429153442,1.3200000524520874,1.329800009727478,9577,0.0,0.0,2023-07-21
1579,2023-07-21 09:57:00-04:00,1.3200000524520874,1.3300000429153442,1.3200000524520874,1.329800009727478,11110,0.0,0.0,2023-07-21
1580,2023-07-21 09:58:00-04:00,1.329800009727478,1.3300000429153442,1.3200000524520874,1.3200000524520874,5268,0.0,0.0,2023-07-21
1581,2023-07-21 09:59:00-04:00,1.3200000524520874,1.3300000429153442,1.3200000524520874,1.3300000429153442,26434,0.0,0.0,2023-07-21
1582,2023-07-21 10:00:00-04:00,1.3200000524520874,1.3300000429153442,1.3200000524520874,1.3250000476837158,23840,0.0,0.0,2023-07-21
1583,2023-07-21 10:01:00-04:00,1.3250000476837158,1.3300000429153442,1.3200000524520874,1.3250000476837158,7234,0.0,0.0,2023-07-21
1584,2023-07-21 10:02:00-04:00,1.3250000476837158,1.3250000476837158,1.315000057220459,1.315000057220459,23723,0.0,0.0,2023-07-21
1585,2023-07-21 10:03:00-04:00,1.315000057220459,1.3199000358581543,1.309999942779541,1.3194999694824219,19233,0.0,0.0,2023-07-21
1586,2023-07-21 10:04:00-04:00,1.315000057220459,1.3200000524520874,1.309999942779541,1.3194999694824219,16927,0.0,0.0,2023-07-21
1587,2023-07-21 10:05:00-04:00,1.3200000524520874,1.3200000524520874,1.309999942779541,1.315000057220459,19722,0.0,0.0,2023-07-21
1588,2023-07-21 10:06:00-04:00,1.315000057220459,1.3200000524520874,1.309999942779541,1.315000057220459,35961,0.0,0.0,2023-07-21
1589,2023-07-21 10:07:00-04:00,1.315000057220459,1.3200000524520874,1.309999942779541,1.315000057220459,28832,0.0,0.0,2023-07-21
1590,2023-07-21 10:08:00-04:00,1.315000057220459,1.319200038909912,1.2999999523162842,1.3021999597549438,214974,0.0,0.0,2023-07-21
1591,2023-07-21 10:09:00-04:00,1.2999999523162842,1.3099000453948975,1.2999999523162842,1.3000999689102173,64194,0.0,0.0,2023-07-21
1592,2023-07-21 10:10:00-04:00,1.3099000453948975,1.309999942779541,1.2899999618530273,1.309999942779541,108773,0.0,0.0,2023-07-21
1593,2023-07-21 10:11:00-04:00,1.2999999523162842,1.3099000453948975,1.2949999570846558,1.3004000186920166,41271,0.0,0.0,2023-07-21
1594,2023-07-21 10:12:00-04:00,1.3073999881744385,1.315000057220459,1.2999999523162842,1.315000057220459,43922,0.0,0.0,2023-07-21
1595,2023-07-21 10:13:00-04:00,1.309999942779541,1.319000005722046,1.309999942779541,1.315000057220459,13786,0.0,0.0,2023-07-21
1596,2023-07-21 10:14:00-04:00,1.3199000358581543,1.3199000358581543,1.2999999523162842,1.3099000453948975,20634,0.0,0.0,2023-07-21
1597,2023-07-21 10:15:00-04:00,1.3049999475479126,1.309999942779541,1.2999999523162842,1.3049999475479126,9333,0.0,0.0,2023-07-21
1598,2023-07-21 10:16:00-04:00,1.3049999475479126,1.309999942779541,1.2999999523162842,1.309999942779541,78743,0.0,0.0,2023-07-21
1599,2023-07-21 10:17:00-04:00,1.2999999523162842,1.3011000156402588,1.2999999523162842,1.3011000156402588,4337,0.0,0.0,2023-07-21
1600,2023-07-21 10:18:00-04:00,1.3016999959945679,1.3098000288009644,1.2999999523162842,1.3098000288009644,5999,0.0,0.0,2023-07-21
1601,2023-07-21 10:19:00-04:00,1.3049999475479126,1.3049999475479126,1.2999999523162842,1.3049999475479126,10673,0.0,0.0,2023-07-21
1602,2023-07-21 10:20:00-04:00,1.3049999475479126,1.3049999475479126,1.301800012588501,1.3049999475479126,2728,0.0,0.0,2023-07-21
1603,2023-07-21 10:21:00-04:00,1.3049999475479126,1.309499979019165,1.2999999523162842,1.3049999475479126,7658,0.0,0.0,2023-07-21
1604,2023-07-21 10:22:00-04:00,1.3049999475479126,1.3200000524520874,1.3049999475479126,1.315000057220459,30419,0.0,0.0,2023-07-21
1605,2023-07-21 10:23:00-04:00,1.315000057220459,1.3200000524520874,1.309999942779541,1.3174999952316284,4949,0.0,0.0,2023-07-21
1606,2023-07-21 10:24:00-04:00,1.3186999559402466,1.3199000358581543,1.3101999759674072,1.3102999925613403,20730,0.0,0.0,2023-07-21
1607,2023-07-21 10:25:00-04:00,1.3174999952316284,1.3183000087738037,1.2999999523162842,1.2999999523162842,40278,0.0,0.0,2023-07-21
1608,2023-07-21 10:26:00-04:00,1.3049999475479126,1.3099000453948975,1.2999999523162842,1.3049999475479126,17671,0.0,0.0,2023-07-21
1609,2023-07-21 10:27:00-04:00,1.2999999523162842,1.3000999689102173,1.2899999618530273,1.2899999618530273,72925,0.0,0.0,2023-07-21
1610,2023-07-21 10:28:00-04:00,1.2899999618530273,1.2999999523162842,1.2899999618530273,1.2976000308990479,39541,0.0,0.0,2023-07-21
1611,2023-07-21 10:29:00-04:00,1.2899999618530273,1.2999999523162842,1.2899999618530273,1.2899999618530273,15812,0.0,0.0,2023-07-21
1612,2023-07-21 10:30:00-04:00,1.2899999618530273,1.2999000549316406,1.2899999618530273,1.2949999570846558,5369,0.0,0.0,2023-07-21
1613,2023-07-21 10:31:00-04:00,1.2904000282287598,1.2999999523162842,1.2899999618530273,1.2949999570846558,11481,0.0,0.0,2023-07-21
1614,2023-07-21 10:32:00-04:00,1.2997000217437744,1.315000057220459,1.2899999618530273,1.3102999925613403,163304,0.0,0.0,2023-07-21
1615,2023-07-21 10:33:00-04:00,1.3200000524520874,1.3200000524520874,1.3016999959945679,1.3085999488830566,17359,0.0,0.0,2023-07-21
1616,2023-07-21 10:34:00-04:00,1.2999999523162842,1.309399962425232,1.2999999523162842,1.3080999851226807,14915,0.0,0.0,2023-07-21
1617,2023-07-21 10:35:00-04:00,1.309999942779541,1.309999942779541,1.2999999523162842,1.2999999523162842,12019,0.0,0.0,2023-07-21
1618,2023-07-21 10:36:00-04:00,1.309499979019165,1.3200000524520874,1.2999999523162842,1.315000057220459,21244,0.0,0.0,2023-07-21
1619,2023-07-21 10:37:00-04:00,1.3116999864578247,1.3274999856948853,1.3116999864578247,1.3274999856948853,39788,0.0,0.0,2023-07-21
1620,2023-07-21 10:38:00-04:00,1.3205000162124634,1.3300000429153442,1.320099949836731,1.3300000429153442,38495,0.0,0.0,2023-07-21
1621,2023-07-21 10:39:00-04:00,1.3200000524520874,1.3299000263214111,1.3200000524520874,1.3200000524520874,11000,0.0,0.0,2023-07-21
1622,2023-07-21 10:40:00-04:00,1.3200000524520874,1.3200000524520874,1.309999942779541,1.309999942779541,12075,0.0,0.0,2023-07-21
1623,2023-07-21 10:41:00-04:00,1.315000057220459,1.3200000524520874,1.309999942779541,1.315000057220459,5915,0.0,0.0,2023-07-21
1624,2023-07-21 10:43:00-04:00,1.3200000524520874,1.3300000429153442,1.315000057220459,1.3250000476837158,37079,0.0,0.0,2023-07-21
1625,2023-07-21 10:44:00-04:00,1.3255000114440918,1.3300000429153442,1.320099949836731,1.3215999603271484,7077,0.0,0.0,2023-07-21
1626,2023-07-21 10:45:00-04:00,1.327299952507019,1.3300000429153442,1.3250000476837158,1.3291000127792358,6498,0.0,0.0,2023-07-21
1627,2023-07-21 10:46:00-04:00,1.3250000476837158,1.3300000429153442,1.3200000524520874,1.3250000476837158,10131,0.0,0.0,2023-07-21
1628,2023-07-21 10:47:00-04:00,1.3300000429153442,1.3300000429153442,1.3200000524520874,1.3250000476837158,8270,0.0,0.0,2023-07-21
1629,2023-07-21 10:48:00-04:00,1.3200000524520874,1.3300000429153442,1.3200000524520874,1.3300000429153442,5631,0.0,0.0,2023-07-21
1630,2023-07-21 10:49:00-04:00,1.3300000429153442,1.3300000429153442,1.3250000476837158,1.3250000476837158,7010,0.0,0.0,2023-07-21
1631,2023-07-21 10:50:00-04:00,1.3200000524520874,1.3300000429153442,1.3200000524520874,1.3200000524520874,14564,0.0,0.0,2023-07-21
1632,2023-07-21 10:51:00-04:00,1.3200000524520874,1.3289999961853027,1.3200000524520874,1.3200000524520874,31791,0.0,0.0,2023-07-21
1633,2023-07-21 10:52:00-04:00,1.3250000476837158,1.3300000429153442,1.3200000524520874,1.3209999799728394,5140,0.0,0.0,2023-07-21
1634,2023-07-21 10:53:00-04:00,1.3250000476837158,1.3300000429153442,1.3200000524520874,1.3200000524520874,1674,0.0,0.0,2023-07-21
1635,2023-07-21 10:54:00-04:00,1.3200000524520874,1.3300000429153442,1.3200000524520874,1.3300000429153442,3433,0.0,0.0,2023-07-21
1636,2023-07-21 10:55:00-04:00,1.3200000524520874,1.3250000476837158,1.309999942779541,1.309999942779541,34222,0.0,0.0,2023-07-21
1637,2023-07-21 10:56:00-04:00,1.309999942779541,1.3109999895095825,1.2999999523162842,1.3100999593734741,96614,0.0,0.0,2023-07-21
1638,2023-07-21 10:57:00-04:00,1.315000057220459,1.315000057220459,1.3100999593734741,1.3100999593734741,253,0.0,0.0,2023-07-21
1639,2023-07-21 10:58:00-04:00,1.315000057220459,1.3200000524520874,1.312600016593933,1.3200000524520874,7502,0.0,0.0,2023-07-21
1640,2023-07-21 10:59:00-04:00,1.309999942779541,1.315000057220459,1.309999942779541,1.315000057220459,5303,0.0,0.0,2023-07-21
1641,2023-07-21 11:00:00-04:00,1.316100001335144,1.316100001335144,1.309999942779541,1.3118000030517578,5683,0.0,0.0,2023-07-21
1642,2023-07-21 11:02:00-04:00,1.315000057220459,1.315000057220459,1.315000057220459,1.315000057220459,7633,0.0,0.0,2023-07-21
1643,2023-07-21 11:03:00-04:00,1.3198000192642212,1.3198000192642212,1.315000057220459,1.315000057220459,2118,0.0,0.0,2023-07-21
1644,2023-07-21 11:04:00-04:00,1.3100999593734741,1.3157999515533447,1.309999942779541,1.309999942779541,3069,0.0,0.0,2023-07-21
1645,2023-07-21 11:05:00-04:00,1.3200000524520874,1.3250000476837158,1.309999942779541,1.3121999502182007,66396,0.0,0.0,2023-07-21
1646,2023-07-21 11:06:00-04:00,1.3200000524520874,1.3200000524520874,1.319700002670288,1.3199000358581543,4434,0.0,0.0,2023-07-21
1647,2023-07-21 11:07:00-04:00,1.3199000358581543,1.3300000429153442,1.3199000358581543,1.3250000476837158,17076,0.0,0.0,2023-07-21
1648,2023-07-21 11:08:00-04:00,1.3205000162124634,1.3300000429153442,1.3205000162124634,1.3300000429153442,4785,0.0,0.0,2023-07-21
1649,2023-07-21 11:09:00-04:00,1.320099949836731,1.3300000429153442,1.3200000524520874,1.3250000476837158,7110,0.0,0.0,2023-07-21
1650,2023-07-21 11:10:00-04:00,1.3291000127792358,1.3300000429153442,1.3200000524520874,1.3300000429153442,31351,0.0,0.0,2023-07-21
1651,2023-07-21 11:11:00-04:00,1.3300000429153442,1.3300000429153442,1.3300000429153442,1.3300000429153442,617,0.0,0.0,2023-07-21
1652,2023-07-21 11:12:00-04:00,1.3200000524520874,1.3300000429153442,1.3200000524520874,1.3213000297546387,9296,0.0,0.0,2023-07-21
1653,2023-07-21 11:13:00-04:00,1.3300000429153442,1.3300000429153442,1.3200000524520874,1.3299000263214111,9883,0.0,0.0,2023-07-21
1654,2023-07-21 11:14:00-04:00,1.3250000476837158,1.3250000476837158,1.3200000524520874,1.3206000328063965,70957,0.0,0.0,2023-07-21
1655,2023-07-21 11:15:00-04:00,1.3300000429153442,1.3300000429153442,1.3200000524520874,1.3299000263214111,11166,0.0,0.0,2023-07-21
1656,2023-07-21 11:16:00-04:00,1.3250000476837158,1.3300000429153442,1.3200000524520874,1.3250000476837158,3136,0.0,0.0,2023-07-21
1657,2023-07-21 11:17:00-04:00,1.3250000476837158,1.3250000476837158,1.3200000524520874,1.3200000524520874,6342,0.0,0.0,2023-07-21
1658,2023-07-21 11:18:00-04:00,1.3300000429153442,1.3300000429153442,1.3200000524520874,1.3250000476837158,1448,0.0,0.0,2023-07-21
1659,2023-07-21 11:19:00-04:00,1.3250000476837158,1.3300000429153442,1.3250000476837158,1.3300000429153442,1618,0.0,0.0,2023-07-21
1660,2023-07-21 11:20:00-04:00,1.3200000524520874,1.3300000429153442,1.3200000524520874,1.3300000429153442,6502,0.0,0.0,2023-07-21
1661,2023-07-21 11:21:00-04:00,1.3250000476837158,1.3299000263214111,1.3200000524520874,1.3200000524520874,8007,0.0,0.0,2023-07-21
1662,2023-07-21 11:22:00-04:00,1.3200000524520874,1.3300000429153442,1.3200000524520874,1.3300000429153442,3780,0.0,0.0,2023-07-21
1663,2023-07-21 11:23:00-04:00,1.3250000476837158,1.3300000429153442,1.3200000524520874,1.3200000524520874,12573,0.0,0.0,2023-07-21
1664,2023-07-21 11:24:00-04:00,1.3300000429153442,1.340000033378601,1.3300000429153442,1.3388999700546265,22617,0.0,0.0,2023-07-21
1665,2023-07-21 11:25:00-04:00,1.3350000381469727,1.337499976158142,1.3350000381469727,1.337499976158142,359,0.0,0.0,2023-07-21
1666,2023-07-21 11:26:00-04:00,1.3350000381469727,1.3350000381469727,1.3300000429153442,1.3350000381469727,4382,0.0,0.0,2023-07-21
1667,2023-07-21 11:27:00-04:00,1.340000033378601,1.340000033378601,1.3309999704360962,1.340000033378601,6990,0.0,0.0,2023-07-21
1668,2023-07-21 11:28:00-04:00,1.3350000381469727,1.340000033378601,1.3350000381469727,1.3350000381469727,15779,0.0,0.0,2023-07-21
1669,2023-07-21 11:29:00-04:00,1.340000033378601,1.340000033378601,1.3300000429153442,1.3300000429153442,4387,0.0,0.0,2023-07-21
1670,2023-07-21 11:30:00-04:00,1.3301000595092773,1.340000033378601,1.3301000595092773,1.3350000381469727,1467,0.0,0.0,2023-07-21
1671,2023-07-21 11:31:00-04:00,1.3350000381469727,1.3350000381469727,1.3350000381469727,1.3350000381469727,1280,0.0,0.0,2023-07-21
1672,2023-07-21 11:32:00-04:00,1.3350000381469727,1.340000033378601,1.3350000381469727,1.3392000198364258,1431,0.0,0.0,2023-07-21
1673,2023-07-21 11:33:00-04:00,1.3350000381469727,1.337499976158142,1.3300000429153442,1.3350000381469727,2790,0.0,0.0,2023-07-21
1674,2023-07-21 11:34:00-04:00,1.3350000381469727,1.3398000001907349,1.3300000429153442,1.3350000381469727,1913,0.0,0.0,2023-07-21
1675,2023-07-21 11:35:00-04:00,1.3350000381469727,1.340000033378601,1.3350000381469727,1.3350000381469727,3438,0.0,0.0,2023-07-21
1676,2023-07-21 11:36:00-04:00,1.3315999507904053,1.339900016784668,1.3300000429153442,1.3300000429153442,2817,0.0,0.0,2023-07-21
1677,2023-07-21 11:37:00-04:00,1.340000033378601,1.340000033378601,1.3300000429153442,1.3350000381469727,518,0.0,0.0,2023-07-21
1678,2023-07-21 11:38:00-04:00,1.3350000381469727,1.337499976158142,1.3300000429153442,1.3350000381469727,2604,0.0,0.0,2023-07-21
1679,2023-07-21 11:39:00-04:00,1.3350000381469727,1.3350000381469727,1.3300000429153442,1.3350000381469727,874,0.0,0.0,2023-07-21
1680,2023-07-21 11:40:00-04:00,1.3350000381469727,1.339900016784668,1.3300000429153442,1.3300000429153442,2729,0.0,0.0,2023-07-21
1681,2023-07-21 11:41:00-04:00,1.339900016784668,1.340000033378601,1.3300000429153442,1.3350000381469727,2465,0.0,0.0,2023-07-21
1682,2023-07-21 11:42:00-04:00,1.3350000381469727,1.3350000381469727,1.3300000429153442,1.3350000381469727,865,0.0,0.0,2023-07-21
1683,2023-07-21 11:43:00-04:00,1.3300000429153442,1.340000033378601,1.3300000429153442,1.340000033378601,3088,0.0,0.0,2023-07-21
1684,2023-07-21 11:44:00-04:00,1.3350000381469727,1.340000033378601,1.3344000577926636,1.3350000381469727,6027,0.0,0.0,2023-07-21
1685,2023-07-21 11:45:00-04:00,1.3300000429153442,1.339900016784668,1.3300000429153442,1.3350000381469727,4922,0.0,0.0,2023-07-21
1686,2023-07-21 11:46:00-04:00,1.3300000429153442,1.340000033378601,1.3300000429153442,1.3300000429153442,11147,0.0,0.0,2023-07-21
1687,2023-07-21 11:47:00-04:00,1.3350000381469727,1.3350000381469727,1.3300000429153442,1.3350000381469727,1712,0.0,0.0,2023-07-21
1688,2023-07-21 11:48:00-04:00,1.3350000381469727,1.340000033378601,1.3300000429153442,1.339900016784668,8048,0.0,0.0,2023-07-21
1689,2023-07-21 11:49:00-04:00,1.340000033378601,1.3600000143051147,1.340000033378601,1.3525999784469604,94612,0.0,0.0,2023-07-21
1690,2023-07-21 11:50:00-04:00,1.350000023841858,1.3600000143051147,1.350000023841858,1.3558000326156616,13841,0.0,0.0,2023-07-21
1691,2023-07-21 11:51:00-04:00,1.3600000143051147,1.3600000143051147,1.350000023841858,1.3521000146865845,29939,0.0,0.0,2023-07-21
1692,2023-07-21 11:52:00-04:00,1.3550000190734863,1.3600000143051147,1.350000023841858,1.3550000190734863,5267,0.0,0.0,2023-07-21
1693,2023-07-21 11:53:00-04:00,1.3550000190734863,1.3550000190734863,1.350000023841858,1.3550000190734863,2222,0.0,0.0,2023-07-21
1694,2023-07-21 11:54:00-04:00,1.350000023841858,1.3550000190734863,1.340000033378601,1.3408000469207764,46621,0.0,0.0,2023-07-21
1695,2023-07-21 11:55:00-04:00,1.3450000286102295,1.3450000286102295,1.3300000429153442,1.3300000429153442,48227,0.0,0.0,2023-07-21
1696,2023-07-21 11:56:00-04:00,1.3300000429153442,1.340000033378601,1.3300000429153442,1.340000033378601,26073,0.0,0.0,2023-07-21
1697,2023-07-21 11:57:00-04:00,1.3300000429153442,1.332200050354004,1.3300000429153442,1.332200050354004,9457,0.0,0.0,2023-07-21
1698,2023-07-21 11:58:00-04:00,1.340000033378601,1.340000033378601,1.340000033378601,1.340000033378601,186,0.0,0.0,2023-07-21
1699,2023-07-21 11:59:00-04:00,1.340000033378601,1.340000033378601,1.3350000381469727,1.3350000381469727,10226,0.0,0.0,2023-07-21
1700,2023-07-21 12:00:00-04:00,1.340000033378601,1.340000033378601,1.3300000429153442,1.3301000595092773,8693,0.0,0.0,2023-07-21
1701,2023-07-21 12:01:00-04:00,1.333299994468689,1.3450000286102295,1.333299994468689,1.3450000286102295,18633,0.0,0.0,2023-07-21
1702,2023-07-21 12:02:00-04:00,1.340000033378601,1.3482999801635742,1.340000033378601,1.3482999801635742,501,0.0,0.0,2023-07-21
1703,2023-07-21 12:03:00-04:00,1.340000033378601,1.340000033378601,1.340000033378601,1.340000033378601,27321,0.0,0.0,2023-07-21
1704,2023-07-21 12:04:00-04:00,1.340000033378601,1.340000033378601,1.3330999612808228,1.3330999612808228,2416,0.0,0.0,2023-07-21
1705,2023-07-21 12:05:00-04:00,1.3300000429153442,1.339900016784668,1.3300000429153442,1.3348000049591064,10632,0.0,0.0,2023-07-21
1706,2023-07-21 12:07:00-04:00,1.3350000381469727,1.340000033378601,1.3301000595092773,1.340000033378601,489,0.0,0.0,2023-07-21
1707,2023-07-21 12:08:00-04:00,1.3350000381469727,1.3350000381469727,1.3300000429153442,1.3301000595092773,1800,0.0,0.0,2023-07-21
1708,2023-07-21 12:09:00-04:00,1.340000033378601,1.340000033378601,1.340000033378601,1.340000033378601,342,0.0,0.0,2023-07-21
1709,2023-07-21 12:10:00-04:00,1.3343000411987305,1.3350000381469727,1.3316999673843384,1.3350000381469727,600,0.0,0.0,2023-07-21
1710,2023-07-21 12:11:00-04:00,1.3300000429153442,1.340000033378601,1.3300000429153442,1.340000033378601,22957,0.0,0.0,2023-07-21
1711,2023-07-21 12:12:00-04:00,1.3350000381469727,1.339900016784668,1.3350000381469727,1.339900016784668,9605,0.0,0.0,2023-07-21
1712,2023-07-21 12:13:00-04:00,1.340000033378601,1.340000033378601,1.3300000429153442,1.3300000429153442,428,0.0,0.0,2023-07-21
1713,2023-07-21 12:14:00-04:00,1.3350000381469727,1.3350000381469727,1.3350000381469727,1.3350000381469727,100,0.0,0.0,2023-07-21
1714,2023-07-21 12:15:00-04:00,1.340000033378601,1.340000033378601,1.3300000429153442,1.3300000429153442,2357,0.0,0.0,2023-07-21
1715,2023-07-21 12:16:00-04:00,1.3350000381469727,1.339900016784668,1.3300000429153442,1.3350000381469727,4911,0.0,0.0,2023-07-21
1716,2023-07-21 12:17:00-04:00,1.3350000381469727,1.337499976158142,1.3350000381469727,1.337499976158142,353,0.0,0.0,2023-07-21
1717,2023-07-21 12:18:00-04:00,1.3300000429153442,1.3300000429153442,1.3300000429153442,1.3300000429153442,307,0.0,0.0,2023-07-21
1718,2023-07-21 12:19:00-04:00,1.3350000381469727,1.340000033378601,1.3300000429153442,1.3300000429153442,590,0.0,0.0,2023-07-21
1719,2023-07-21 12:20:00-04:00,1.3300000429153442,1.3370000123977661,1.3300000429153442,1.3370000123977661,963,0.0,0.0,2023-07-21
1720,2023-07-21 12:21:00-04:00,1.340000033378601,1.340000033378601,1.340000033378601,1.340000033378601,281,0.0,0.0,2023-07-21
1721,2023-07-21 12:22:00-04:00,1.3350000381469727,1.340000033378601,1.3300000429153442,1.3381999731063843,1420,0.0,0.0,2023-07-21
1722,2023-07-21 12:23:00-04:00,1.3350000381469727,1.339900016784668,1.3350000381469727,1.3350000381469727,3296,0.0,0.0,2023-07-21
1723,2023-07-21 12:24:00-04:00,1.340000033378601,1.340000033378601,1.3300000429153442,1.3350000381469727,614,0.0,0.0,2023-07-21
1724,2023-07-21 12:25:00-04:00,1.3313000202178955,1.340000033378601,1.3300000429153442,1.3396999835968018,4374,0.0,0.0,2023-07-21
1725,2023-07-21 12:26:00-04:00,1.3350000381469727,1.340000033378601,1.3300000429153442,1.3324999809265137,3171,0.0,0.0,2023-07-21
1726,2023-07-21 12:27:00-04:00,1.3300000429153442,1.3350000381469727,1.3300000429153442,1.3350000381469727,1327,0.0,0.0,2023-07-21
1727,2023-07-21 12:28:00-04:00,1.340000033378601,1.340000033378601,1.3300000429153442,1.3300000429153442,301,0.0,0.0,2023-07-21
1728,2023-07-21 12:29:00-04:00,1.3350000381469727,1.340000033378601,1.3300000429153442,1.3350000381469727,1190,0.0,0.0,2023-07-21
1729,2023-07-21 12:30:00-04:00,1.3350000381469727,1.340000033378601,1.3350000381469727,1.340000033378601,323,0.0,0.0,2023-07-21
1730,2023-07-21 12:31:00-04:00,1.3350000381469727,1.339900016784668,1.3300000429153442,1.3350000381469727,3117,0.0,0.0,2023-07-21
1731,2023-07-21 12:32:00-04:00,1.3350000381469727,1.340000033378601,1.3350000381469727,1.340000033378601,426,0.0,0.0,2023-07-21
1732,2023-07-21 12:33:00-04:00,1.340000033378601,1.340000033378601,1.3300000429153442,1.340000033378601,663,0.0,0.0,2023-07-21
1733,2023-07-21 12:34:00-04:00,1.3346999883651733,1.3450000286102295,1.3346999883651733,1.340000033378601,60468,0.0,0.0,2023-07-21
1734,2023-07-21 12:35:00-04:00,1.3450000286102295,1.350000023841858,1.340000033378601,1.350000023841858,7872,0.0,0.0,2023-07-21
1735,2023-07-21 12:36:00-04:00,1.350000023841858,1.350000023841858,1.3450000286102295,1.350000023841858,1600,0.0,0.0,2023-07-21
1736,2023-07-21 12:37:00-04:00,1.340000033378601,1.350000023841858,1.340000033378601,1.350000023841858,496,0.0,0.0,2023-07-21
1737,2023-07-21 12:38:00-04:00,1.350000023841858,1.350000023841858,1.350000023841858,1.350000023841858,200,0.0,0.0,2023-07-21
1738,2023-07-21 12:39:00-04:00,1.3483999967575073,1.3483999967575073,1.3483999967575073,1.3483999967575073,255,0.0,0.0,2023-07-21
1739,2023-07-21 12:40:00-04:00,1.3401000499725342,1.350000023841858,1.340000033378601,1.350000023841858,4628,0.0,0.0,2023-07-21
1740,2023-07-21 12:42:00-04:00,1.350000023841858,1.350000023841858,1.340000033378601,1.340000033378601,4757,0.0,0.0,2023-07-21
1741,2023-07-21 12:43:00-04:00,1.340000033378601,1.350000023841858,1.340000033378601,1.350000023841858,2596,0.0,0.0,2023-07-21
1742,2023-07-21 12:44:00-04:00,1.3450000286102295,1.350000023841858,1.3450000286102295,1.350000023841858,7002,0.0,0.0,2023-07-21
1743,2023-07-21 12:45:00-04:00,1.3443000316619873,1.3443000316619873,1.340000033378601,1.340000033378601,3000,0.0,0.0,2023-07-21
1744,2023-07-21 12:46:00-04:00,1.340000033378601,1.350000023841858,1.340000033378601,1.3461999893188477,2335,0.0,0.0,2023-07-21
1745,2023-07-21 12:47:00-04:00,1.3423999547958374,1.3437000513076782,1.340000033378601,1.3437000513076782,3335,0.0,0.0,2023-07-21
1746,2023-07-21 12:48:00-04:00,1.3450000286102295,1.350000023841858,1.340000033378601,1.350000023841858,5684,0.0,0.0,2023-07-21
1747,2023-07-21 12:49:00-04:00,1.3450000286102295,1.350000023841858,1.340000033378601,1.3450000286102295,2792,0.0,0.0,2023-07-21
1748,2023-07-21 12:50:00-04:00,1.350000023841858,1.350000023841858,1.3450000286102295,1.3450000286102295,1065,0.0,0.0,2023-07-21
1749,2023-07-21 12:51:00-04:00,1.350000023841858,1.350000023841858,1.340000033378601,1.3490999937057495,1126,0.0,0.0,2023-07-21
1750,2023-07-21 12:52:00-04:00,1.343400001525879,1.350000023841858,1.343400001525879,1.3450000286102295,604,0.0,0.0,2023-07-21
1751,2023-07-21 12:53:00-04:00,1.3450000286102295,1.350000023841858,1.340000033378601,1.3450000286102295,522,0.0,0.0,2023-07-21
1752,2023-07-21 12:54:00-04:00,1.3450000286102295,1.350000023841858,1.340000033378601,1.350000023841858,938,0.0,0.0,2023-07-21
1753,2023-07-21 12:55:00-04:00,1.340000033378601,1.350000023841858,1.340000033378601,1.3450000286102295,417,0.0,0.0,2023-07-21
1754,2023-07-21 12:56:00-04:00,1.3499000072479248,1.350000023841858,1.340000033378601,1.3450000286102295,5897,0.0,0.0,2023-07-21
1755,2023-07-21 12:57:00-04:00,1.350000023841858,1.350000023841858,1.340000033378601,1.350000023841858,557,0.0,0.0,2023-07-21
1756,2023-07-21 12:58:00-04:00,1.350000023841858,1.350000023841858,1.340000033378601,1.340000033378601,1343,0.0,0.0,2023-07-21
1757,2023-07-21 12:59:00-04:00,1.3450000286102295,1.350000023841858,1.3450000286102295,1.350000023841858,1081,0.0,0.0,2023-07-21
1758,2023-07-21 13:00:00-04:00,1.340000033378601,1.3492000102996826,1.340000033378601,1.3492000102996826,5136,0.0,0.0,2023-07-21
1759,2023-07-21 13:01:00-04:00,1.340000033378601,1.350000023841858,1.340000033378601,1.350000023841858,1258,0.0,0.0,2023-07-21
1760,2023-07-21 13:02:00-04:00,1.340000033378601,1.350000023841858,1.340000033378601,1.3450000286102295,9399,0.0,0.0,2023-07-21
1761,2023-07-21 13:03:00-04:00,1.3450000286102295,1.350000023841858,1.340000033378601,1.3450000286102295,1800,0.0,0.0,2023-07-21
1762,2023-07-21 13:04:00-04:00,1.3401000499725342,1.3401000499725342,1.3401000499725342,1.3401000499725342,2201,0.0,0.0,2023-07-21
1763,2023-07-21 13:05:00-04:00,1.3499000072479248,1.350000023841858,1.340000033378601,1.3450000286102295,1290,0.0,0.0,2023-07-21
1764,2023-07-21 13:06:00-04:00,1.342900037765503,1.3450000286102295,1.342900037765503,1.3450000286102295,979,0.0,0.0,2023-07-21
1765,2023-07-21 13:07:00-04:00,1.3450000286102295,1.350000023841858,1.340000033378601,1.340000033378601,446,0.0,0.0,2023-07-21
1766,2023-07-21 13:08:00-04:00,1.340000033378601,1.350000023841858,1.340000033378601,1.350000023841858,773,0.0,0.0,2023-07-21
1767,2023-07-21 13:09:00-04:00,1.350000023841858,1.350000023841858,1.3450000286102295,1.3450000286102295,508,0.0,0.0,2023-07-21
1768,2023-07-21 13:10:00-04:00,1.340000033378601,1.350000023841858,1.340000033378601,1.350000023841858,371,0.0,0.0,2023-07-21
1769,2023-07-21 13:11:00-04:00,1.350000023841858,1.350000023841858,1.340000033378601,1.3450000286102295,1201,0.0,0.0,2023-07-21
1770,2023-07-21 13:12:00-04:00,1.350000023841858,1.350000023841858,1.340000033378601,1.3450000286102295,1959,0.0,0.0,2023-07-21
1771,2023-07-21 13:13:00-04:00,1.350000023841858,1.3600000143051147,1.350000023841858,1.3600000143051147,29385,0.0,0.0,2023-07-21
1772,2023-07-21 13:14:00-04:00,1.3600000143051147,1.3600000143051147,1.350000023841858,1.350100040435791,2554,0.0,0.0,2023-07-21
1773,2023-07-21 13:15:00-04:00,1.353600025177002,1.3600000143051147,1.353600025177002,1.3600000143051147,5449,0.0,0.0,2023-07-21
1774,2023-07-21 13:16:00-04:00,1.3600000143051147,1.3600000143051147,1.350000023841858,1.3600000143051147,1675,0.0,0.0,2023-07-21
1775,2023-07-21 13:17:00-04:00,1.3600000143051147,1.3600000143051147,1.3502999544143677,1.3600000143051147,2362,0.0,0.0,2023-07-21
1776,2023-07-21 13:18:00-04:00,1.3600000143051147,1.3600000143051147,1.3550000190734863,1.3550000190734863,4897,0.0,0.0,2023-07-21
1777,2023-07-21 13:19:00-04:00,1.3600000143051147,1.3600000143051147,1.3600000143051147,1.3600000143051147,188,0.0,0.0,2023-07-21
1778,2023-07-21 13:20:00-04:00,1.350000023841858,1.3700000047683716,1.350000023841858,1.3700000047683716,42039,0.0,0.0,2023-07-21
1779,2023-07-21 13:21:00-04:00,1.3700000047683716,1.3700000047683716,1.3600000143051147,1.3700000047683716,3234,0.0,0.0,2023-07-21
1780,2023-07-21 13:23:00-04:00,1.3650000095367432,1.3698999881744385,1.3600000143051147,1.3698999881744385,5142,0.0,0.0,2023-07-21
1781,2023-07-21 13:24:00-04:00,1.3600000143051147,1.3700000047683716,1.3600000143051147,1.3698999881744385,11008,0.0,0.0,2023-07-21
1782,2023-07-21 13:25:00-04:00,1.3600000143051147,1.3700000047683716,1.3600000143051147,1.3700000047683716,3216,0.0,0.0,2023-07-21
1783,2023-07-21 13:26:00-04:00,1.3650000095367432,1.3700000047683716,1.3600000143051147,1.3700000047683716,785,0.0,0.0,2023-07-21
1784,2023-07-21 13:27:00-04:00,1.3700000047683716,1.3700000047683716,1.3600000143051147,1.3601000308990479,21178,0.0,0.0,2023-07-21
1785,2023-07-21 13:28:00-04:00,1.3700000047683716,1.3700000047683716,1.3624999523162842,1.3624999523162842,3569,0.0,0.0,2023-07-21
1786,2023-07-21 13:29:00-04:00,1.3700000047683716,1.3700000047683716,1.3601000308990479,1.3601000308990479,201,0.0,0.0,2023-07-21
1787,2023-07-21 13:30:00-04:00,1.3601000308990479,1.3601000308990479,1.3601000308990479,1.3601000308990479,5001,0.0,0.0,2023-07-21
1788,2023-07-21 13:31:00-04:00,1.3601000308990479,1.3700000047683716,1.3600000143051147,1.3700000047683716,5688,0.0,0.0,2023-07-21
1789,2023-07-21 13:32:00-04:00,1.3600000143051147,1.3700000047683716,1.3600000143051147,1.3700000047683716,2008,0.0,0.0,2023-07-21
1790,2023-07-21 13:33:00-04:00,1.3600000143051147,1.3700000047683716,1.3600000143051147,1.3698999881744385,16709,0.0,0.0,2023-07-21
1791,2023-07-21 13:34:00-04:00,1.3650000095367432,1.3700000047683716,1.3600000143051147,1.3650000095367432,8271,0.0,0.0,2023-07-21
1792,2023-07-21 13:35:00-04:00,1.3650000095367432,1.3700000047683716,1.3600000143051147,1.3600000143051147,4551,0.0,0.0,2023-07-21
1793,2023-07-21 13:36:00-04:00,1.3695000410079956,1.3695000410079956,1.3650000095367432,1.3650000095367432,3939,0.0,0.0,2023-07-21
1794,2023-07-21 13:37:00-04:00,1.3700000047683716,1.3700000047683716,1.3600000143051147,1.3650000095367432,547,0.0,0.0,2023-07-21
1795,2023-07-21 13:38:00-04:00,1.3698999881744385,1.3698999881744385,1.3600000143051147,1.3650000095367432,8400,0.0,0.0,2023-07-21
1796,2023-07-21 13:39:00-04:00,1.3700000047683716,1.3700000047683716,1.3601000308990479,1.3601000308990479,14787,0.0,0.0,2023-07-21
1797,2023-07-21 13:40:00-04:00,1.3604999780654907,1.3700000047683716,1.3600000143051147,1.3650000095367432,10597,0.0,0.0,2023-07-21
1798,2023-07-21 13:41:00-04:00,1.361799955368042,1.3700000047683716,1.3600000143051147,1.3616000413894653,31229,0.0,0.0,2023-07-21
1799,2023-07-21 13:42:00-04:00,1.3700000047683716,1.3700000047683716,1.3600000143051147,1.3600000143051147,9283,0.0,0.0,2023-07-21
1800,2023-07-21 13:43:00-04:00,1.3700000047683716,1.3700000047683716,1.3616000413894653,1.3616000413894653,20429,0.0,0.0,2023-07-21
1801,2023-07-21 13:44:00-04:00,1.3623000383377075,1.3650000095367432,1.3550000190734863,1.3550000190734863,98694,0.0,0.0,2023-07-21
1802,2023-07-21 13:45:00-04:00,1.3550000190734863,1.3600000143051147,1.350000023841858,1.354099988937378,7515,0.0,0.0,2023-07-21
1803,2023-07-21 13:46:00-04:00,1.3550000190734863,1.3550000190734863,1.3550000190734863,1.3550000190734863,8416,0.0,0.0,2023-07-21
1804,2023-07-21 13:47:00-04:00,1.3503999710083008,1.3600000143051147,1.350000023841858,1.350000023841858,12554,0.0,0.0,2023-07-21
1805,2023-07-21 13:48:00-04:00,1.3550000190734863,1.3550000190734863,1.350000023841858,1.3550000190734863,2053,0.0,0.0,2023-07-21
1806,2023-07-21 13:49:00-04:00,1.3550000190734863,1.3600000143051147,1.350000023841858,1.3550000190734863,1143,0.0,0.0,2023-07-21
1807,2023-07-21 13:50:00-04:00,1.350000023841858,1.3600000143051147,1.350000023841858,1.3550000190734863,5635,0.0,0.0,2023-07-21
1808,2023-07-21 13:51:00-04:00,1.3532999753952026,1.3574999570846558,1.350000023841858,1.3550000190734863,1490,0.0,0.0,2023-07-21
1809,2023-07-21 13:52:00-04:00,1.3598999977111816,1.3598999977111816,1.350000023841858,1.3550000190734863,1400,0.0,0.0,2023-07-21
1810,2023-07-21 13:53:00-04:00,1.3600000143051147,1.3600000143051147,1.3600000143051147,1.3600000143051147,101,0.0,0.0,2023-07-21
1811,2023-07-21 13:54:00-04:00,1.3550000190734863,1.3598999977111816,1.350000023841858,1.3550000190734863,1126,0.0,0.0,2023-07-21
1812,2023-07-21 13:55:00-04:00,1.350000023841858,1.3600000143051147,1.350000023841858,1.3590999841690063,594,0.0,0.0,2023-07-21
1813,2023-07-21 13:56:00-04:00,1.3550000190734863,1.3600000143051147,1.350600004196167,1.350600004196167,24538,0.0,0.0,2023-07-21
1814,2023-07-21 13:57:00-04:00,1.3600000143051147,1.3600000143051147,1.350100040435791,1.3598999977111816,14670,0.0,0.0,2023-07-21
1815,2023-07-21 13:58:00-04:00,1.3600000143051147,1.3600000143051147,1.357300043106079,1.3600000143051147,11824,0.0,0.0,2023-07-21
1816,2023-07-21 13:59:00-04:00,1.3600000143051147,1.3650000095367432,1.3550000190734863,1.3600000143051147,100964,0.0,0.0,2023-07-21
1817,2023-07-21 14:00:00-04:00,1.3600000143051147,1.3700000047683716,1.3600000143051147,1.3698999881744385,19483,0.0,0.0,2023-07-21
1818,2023-07-21 14:01:00-04:00,1.3600000143051147,1.360700011253357,1.3600000143051147,1.3600000143051147,35615,0.0,0.0,2023-07-21
1819,2023-07-21 14:02:00-04:00,1.3550000190734863,1.3600000143051147,1.3550000190734863,1.3595999479293823,4591,0.0,0.0,2023-07-21
1820,2023-07-21 14:03:00-04:00,1.3550000190734863,1.3593000173568726,1.350000023841858,1.3593000173568726,25703,0.0,0.0,2023-07-21
1821,2023-07-21 14:04:00-04:00,1.3550000190734863,1.3600000143051147,1.353700041770935,1.3550000190734863,11811,0.0,0.0,2023-07-21
1822,2023-07-21 14:05:00-04:00,1.3550000190734863,1.3550000190734863,1.3550000190734863,1.3550000190734863,6414,0.0,0.0,2023-07-21
1823,2023-07-21 14:06:00-04:00,1.3600000143051147,1.3600000143051147,1.350000023841858,1.3550000190734863,3166,0.0,0.0,2023-07-21
1824,2023-07-21 14:07:00-04:00,1.3550000190734863,1.3550000190734863,1.3550000190734863,1.3550000190734863,4107,0.0,0.0,2023-07-21
1825,2023-07-21 14:08:00-04:00,1.3533999919891357,1.3600000143051147,1.3509000539779663,1.3509000539779663,5522,0.0,0.0,2023-07-21
1826,2023-07-21 14:09:00-04:00,1.3550000190734863,1.3600000143051147,1.3550000190734863,1.3600000143051147,1351,0.0,0.0,2023-07-21
1827,2023-07-21 14:10:00-04:00,1.350000023841858,1.3574999570846558,1.350000023841858,1.3574999570846558,756,0.0,0.0,2023-07-21
1828,2023-07-21 14:11:00-04:00,1.3550000190734863,1.3550000190734863,1.350000023841858,1.3550000190734863,882,0.0,0.0,2023-07-21
1829,2023-07-21 14:12:00-04:00,1.3550000190734863,1.3550000190734863,1.3330999612808228,1.350000023841858,134402,0.0,0.0,2023-07-21
1830,2023-07-21 14:13:00-04:00,1.3450000286102295,1.3450000286102295,1.340000033378601,1.3450000286102295,4491,0.0,0.0,2023-07-21
1831,2023-07-21 14:14:00-04:00,1.3450000286102295,1.3450000286102295,1.3450000286102295,1.3450000286102295,2663,0.0,0.0,2023-07-21
1832,2023-07-21 14:15:00-04:00,1.350000023841858,1.350000023841858,1.3450000286102295,1.3450000286102295,15392,0.0,0.0,2023-07-21
1833,2023-07-21 14:16:00-04:00,1.350000023841858,1.350000023841858,1.3415000438690186,1.3415000438690186,1250,0.0,0.0,2023-07-21
1834,2023-07-21 14:18:00-04:00,1.3450000286102295,1.3450000286102295,1.340000033378601,1.340000033378601,753,0.0,0.0,2023-07-21
1835,2023-07-21 14:19:00-04:00,1.3420000076293945,1.3427000045776367,1.3420000076293945,1.3427000045776367,262,0.0,0.0,2023-07-21
1836,2023-07-21 14:20:00-04:00,1.3450000286102295,1.3482999801635742,1.3450000286102295,1.3450000286102295,699,0.0,0.0,2023-07-21
1837,2023-07-21 14:21:00-04:00,1.34089994430542,1.34089994430542,1.34089994430542,1.34089994430542,575,0.0,0.0,2023-07-21
1838,2023-07-21 14:22:00-04:00,1.3466999530792236,1.3466999530792236,1.3466999530792236,1.3466999530792236,8402,0.0,0.0,2023-07-21
1839,2023-07-21 14:23:00-04:00,1.3401000499725342,1.3401000499725342,1.3401000499725342,1.3401000499725342,3008,0.0,0.0,2023-07-21
1840,2023-07-21 14:25:00-04:00,1.3450000286102295,1.3450000286102295,1.3450000286102295,1.3450000286102295,282,0.0,0.0,2023-07-21
1841,2023-07-21 14:26:00-04:00,1.3499000072479248,1.3499000072479248,1.3461999893188477,1.3461999893188477,6170,0.0,0.0,2023-07-21
1842,2023-07-21 14:27:00-04:00,1.3450000286102295,1.350000023841858,1.3401000499725342,1.3401000499725342,3076,0.0,0.0,2023-07-21
1843,2023-07-21 14:28:00-04:00,1.3450000286102295,1.3450000286102295,1.3430999517440796,1.3430999517440796,400,0.0,0.0,2023-07-21
1844,2023-07-21 14:29:00-04:00,1.3438999652862549,1.350000023841858,1.3438999652862549,1.350000023841858,1715,0.0,0.0,2023-07-21
1845,2023-07-21 14:30:00-04:00,1.3450000286102295,1.3450000286102295,1.3450000286102295,1.3450000286102295,309,0.0,0.0,2023-07-21
1846,2023-07-21 14:31:00-04:00,1.350000023841858,1.350000023841858,1.3401000499725342,1.3401000499725342,5625,0.0,0.0,2023-07-21
1847,2023-07-21 14:32:00-04:00,1.350000023841858,1.350000023841858,1.3431999683380127,1.3450000286102295,2322,0.0,0.0,2023-07-21
1848,2023-07-21 14:33:00-04:00,1.350000023841858,1.350000023841858,1.3468999862670898,1.350000023841858,764,0.0,0.0,2023-07-21
1849,2023-07-21 14:34:00-04:00,1.350000023841858,1.350000023841858,1.3450000286102295,1.3450000286102295,600,0.0,0.0,2023-07-21
1850,2023-07-21 14:35:00-04:00,1.350000023841858,1.350000023841858,1.3450000286102295,1.3450000286102295,1603,0.0,0.0,2023-07-21
1851,2023-07-21 14:36:00-04:00,1.350000023841858,1.350000023841858,1.3450000286102295,1.3450000286102295,500,0.0,0.0,2023-07-21
1852,2023-07-21 14:37:00-04:00,1.3450000286102295,1.350000023841858,1.3450000286102295,1.3450000286102295,4070,0.0,0.0,2023-07-21
1853,2023-07-21 14:38:00-04:00,1.350000023841858,1.3600000143051147,1.350000023841858,1.3600000143051147,38199,0.0,0.0,2023-07-21
1854,2023-07-21 14:39:00-04:00,1.3600000143051147,1.3600000143051147,1.3600000143051147,1.3600000143051147,200,0.0,0.0,2023-07-21
1855,2023-07-21 14:40:00-04:00,1.3600000143051147,1.3600000143051147,1.3600000143051147,1.3600000143051147,538,0.0,0.0,2023-07-21
1856,2023-07-21 14:41:00-04:00,1.3600000143051147,1.3600000143051147,1.3600000143051147,1.3600000143051147,227,0.0,0.0,2023-07-21
1857,2023-07-21 14:42:00-04:00,1.3600000143051147,1.3600000143051147,1.3600000143051147,1.3600000143051147,3575,0.0,0.0,2023-07-21
1858,2023-07-21 14:43:00-04:00,1.3600000143051147,1.3600000143051147,1.3600000143051147,1.3600000143051147,3415,0.0,0.0,2023-07-21
1859,2023-07-21 14:44:00-04:00,1.3600000143051147,1.3600000143051147,1.3595999479293823,1.3600000143051147,9037,0.0,0.0,2023-07-21
1860,2023-07-21 14:45:00-04:00,1.3600000143051147,1.3600000143051147,1.357699990272522,1.3600000143051147,6487,0.0,0.0,2023-07-21
1861,2023-07-21 14:46:00-04:00,1.3600000143051147,1.3600000143051147,1.350000023841858,1.350000023841858,18827,0.0,0.0,2023-07-21
1862,2023-07-21 14:47:00-04:00,1.3600000143051147,1.3600000143051147,1.350100040435791,1.3600000143051147,20392,0.0,0.0,2023-07-21
1863,2023-07-21 14:48:00-04:00,1.3598999977111816,1.3600000143051147,1.3598999977111816,1.3600000143051147,5220,0.0,0.0,2023-07-21
1864,2023-07-21 14:49:00-04:00,1.3600000143051147,1.3600000143051147,1.350000023841858,1.3600000143051147,14071,0.0,0.0,2023-07-21
1865,2023-07-21 14:50:00-04:00,1.3600000143051147,1.3600000143051147,1.3588999509811401,1.3600000143051147,3803,0.0,0.0,2023-07-21
1866,2023-07-21 14:51:00-04:00,1.3600000143051147,1.3600000143051147,1.350100040435791,1.3598999977111816,1179,0.0,0.0,2023-07-21
1867,2023-07-21 14:52:00-04:00,1.3600000143051147,1.3600000143051147,1.3562999963760376,1.3600000143051147,1609,0.0,0.0,2023-07-21
1868,2023-07-21 14:53:00-04:00,1.354200005531311,1.3600000143051147,1.350100040435791,1.3600000143051147,4837,0.0,0.0,2023-07-21
1869,2023-07-21 14:54:00-04:00,1.3532999753952026,1.3600000143051147,1.3532999753952026,1.3600000143051147,1115,0.0,0.0,2023-07-21
1870,2023-07-21 14:55:00-04:00,1.3538000583648682,1.3600000143051147,1.3538000583648682,1.3600000143051147,7344,0.0,0.0,2023-07-21
1871,2023-07-21 14:56:00-04:00,1.3594000339508057,1.3650000095367432,1.3521000146865845,1.3650000095367432,30396,0.0,0.0,2023-07-21
1872,2023-07-21 14:57:00-04:00,1.3671000003814697,1.3700000047683716,1.3600000143051147,1.3700000047683716,4447,0.0,0.0,2023-07-21
1873,2023-07-21 14:58:00-04:00,1.3616000413894653,1.3650000095367432,1.3600000143051147,1.3650000095367432,23562,0.0,0.0,2023-07-21
1874,2023-07-21 14:59:00-04:00,1.3700000047683716,1.3700000047683716,1.3600000143051147,1.3700000047683716,3118,0.0,0.0,2023-07-21
1875,2023-07-21 15:00:00-04:00,1.3700000047683716,1.3700000047683716,1.3600000143051147,1.3650000095367432,23812,0.0,0.0,2023-07-21
1876,2023-07-21 15:01:00-04:00,1.3650000095367432,1.3700000047683716,1.3600000143051147,1.3700000047683716,5369,0.0,0.0,2023-07-21
1877,2023-07-21 15:02:00-04:00,1.3634999990463257,1.3700000047683716,1.3634999990463257,1.3700000047683716,650,0.0,0.0,2023-07-21
1878,2023-07-21 15:03:00-04:00,1.3601000308990479,1.3700000047683716,1.3601000308990479,1.3650000095367432,8703,0.0,0.0,2023-07-21
1879,2023-07-21 15:04:00-04:00,1.3650000095367432,1.3700000047683716,1.3650000095367432,1.3700000047683716,988,0.0,0.0,2023-07-21
1880,2023-07-21 15:05:00-04:00,1.3700000047683716,1.3700000047683716,1.3600000143051147,1.3700000047683716,24087,0.0,0.0,2023-07-21
1881,2023-07-21 15:06:00-04:00,1.3650000095367432,1.3700000047683716,1.3650000095367432,1.3700000047683716,549,0.0,0.0,2023-07-21
1882,2023-07-21 15:07:00-04:00,1.3700000047683716,1.3700000047683716,1.3650000095367432,1.3700000047683716,660,0.0,0.0,2023-07-21
1883,2023-07-21 15:08:00-04:00,1.3650000095367432,1.3700000047683716,1.350100040435791,1.3550000190734863,81645,0.0,0.0,2023-07-21
1884,2023-07-21 15:09:00-04:00,1.3598999977111816,1.3600000143051147,1.3550000190734863,1.3550000190734863,5728,0.0,0.0,2023-07-21
1885,2023-07-21 15:10:00-04:00,1.350100040435791,1.3600000143051147,1.350000023841858,1.3600000143051147,6709,0.0,0.0,2023-07-21
1886,2023-07-21 15:11:00-04:00,1.3550000190734863,1.3550000190734863,1.350100040435791,1.350100040435791,12659,0.0,0.0,2023-07-21
1887,2023-07-21 15:12:00-04:00,1.3600000143051147,1.3600000143051147,1.3550000190734863,1.3550000190734863,1005,0.0,0.0,2023-07-21
1888,2023-07-21 15:13:00-04:00,1.3550000190734863,1.3550000190734863,1.3550000190734863,1.3550000190734863,133,0.0,0.0,2023-07-21
1889,2023-07-21 15:14:00-04:00,1.354599952697754,1.3600000143051147,1.3524999618530273,1.3524999618530273,2334,0.0,0.0,2023-07-21
1890,2023-07-21 15:15:00-04:00,1.3595000505447388,1.3595000505447388,1.3595000505447388,1.3595000505447388,202,0.0,0.0,2023-07-21
1891,2023-07-21 15:16:00-04:00,1.3502999544143677,1.3502999544143677,1.3502999544143677,1.3502999544143677,1000,0.0,0.0,2023-07-21
1892,2023-07-21 15:17:00-04:00,1.3550000190734863,1.3550000190734863,1.350100040435791,1.350100040435791,4834,0.0,0.0,2023-07-21
1893,2023-07-21 15:18:00-04:00,1.350000023841858,1.3550000190734863,1.350000023841858,1.3550000190734863,7376,0.0,0.0,2023-07-21
1894,2023-07-21 15:19:00-04:00,1.350000023841858,1.350000023841858,1.350000023841858,1.350000023841858,3032,0.0,0.0,2023-07-21
1895,2023-07-21 15:20:00-04:00,1.3550000190734863,1.3600000143051147,1.3550000190734863,1.3550000190734863,7947,0.0,0.0,2023-07-21
1896,2023-07-21 15:21:00-04:00,1.3550000190734863,1.3600000143051147,1.3550000190734863,1.357699990272522,2402,0.0,0.0,2023-07-21
1897,2023-07-21 15:22:00-04:00,1.3550000190734863,1.3600000143051147,1.3550000190734863,1.3550000190734863,3997,0.0,0.0,2023-07-21
1898,2023-07-21 15:23:00-04:00,1.356600046157837,1.356600046157837,1.3550000190734863,1.3550000190734863,451,0.0,0.0,2023-07-21
1899,2023-07-21 15:24:00-04:00,1.3550000190734863,1.3550000190734863,1.3550000190734863,1.3550000190734863,300,0.0,0.0,2023-07-21
1900,2023-07-21 15:25:00-04:00,1.3600000143051147,1.3600000143051147,1.3600000143051147,1.3600000143051147,398,0.0,0.0,2023-07-21
1901,2023-07-21 15:26:00-04:00,1.3600000143051147,1.3600000143051147,1.3574999570846558,1.3574999570846558,2192,0.0,0.0,2023-07-21
1902,2023-07-21 15:27:00-04:00,1.3550000190734863,1.3600000143051147,1.3550000190734863,1.3598999977111816,7450,0.0,0.0,2023-07-21
1903,2023-07-21 15:28:00-04:00,1.3600000143051147,1.3600000143051147,1.3550000190734863,1.3550000190734863,2874,0.0,0.0,2023-07-21
1904,2023-07-21 15:29:00-04:00,1.3550000190734863,1.3600000143051147,1.3550000190734863,1.3550000190734863,6720,0.0,0.0,2023-07-21
1905,2023-07-21 15:30:00-04:00,1.3575999736785889,1.3600000143051147,1.3575999736785889,1.3600000143051147,2014,0.0,0.0,2023-07-21
1906,2023-07-21 15:31:00-04:00,1.3600000143051147,1.3600000143051147,1.3522000312805176,1.3550000190734863,2478,0.0,0.0,2023-07-21
1907,2023-07-21 15:32:00-04:00,1.3566999435424805,1.3600000143051147,1.3550000190734863,1.3550000190734863,2083,0.0,0.0,2023-07-21
1908,2023-07-21 15:33:00-04:00,1.3600000143051147,1.3600000143051147,1.3550000190734863,1.3600000143051147,4610,0.0,0.0,2023-07-21
1909,2023-07-21 15:34:00-04:00,1.3600000143051147,1.3600000143051147,1.350000023841858,1.3550000190734863,1334,0.0,0.0,2023-07-21
1910,2023-07-21 15:35:00-04:00,1.3600000143051147,1.3600000143051147,1.350000023841858,1.3600000143051147,1765,0.0,0.0,2023-07-21
1911,2023-07-21 15:36:00-04:00,1.3600000143051147,1.3600000143051147,1.350000023841858,1.3600000143051147,10975,0.0,0.0,2023-07-21
1912,2023-07-21 15:37:00-04:00,1.350000023841858,1.3600000143051147,1.350000023841858,1.3550000190734863,2163,0.0,0.0,2023-07-21
1913,2023-07-21 15:38:00-04:00,1.350000023841858,1.3600000143051147,1.350000023841858,1.3600000143051147,16344,0.0,0.0,2023-07-21
1914,2023-07-21 15:39:00-04:00,1.3550000190734863,1.3600000143051147,1.350000023841858,1.3550000190734863,4116,0.0,0.0,2023-07-21
1915,2023-07-21 15:40:00-04:00,1.3600000143051147,1.3600000143051147,1.3550000190734863,1.3597999811172485,17731,0.0,0.0,2023-07-21
1916,2023-07-21 15:41:00-04:00,1.3594000339508057,1.3600000143051147,1.3550000190734863,1.3595000505447388,8150,0.0,0.0,2023-07-21
1917,2023-07-21 15:42:00-04:00,1.3550000190734863,1.3600000143051147,1.350000023841858,1.3550000190734863,1680,0.0,0.0,2023-07-21
1918,2023-07-21 15:43:00-04:00,1.3569999933242798,1.3600000143051147,1.3550000190734863,1.3550000190734863,1609,0.0,0.0,2023-07-21
1919,2023-07-21 15:44:00-04:00,1.3600000143051147,1.3600000143051147,1.3550000190734863,1.3600000143051147,8261,0.0,0.0,2023-07-21
1920,2023-07-21 15:45:00-04:00,1.3580000400543213,1.3600000143051147,1.3580000400543213,1.3600000143051147,5488,0.0,0.0,2023-07-21
1921,2023-07-21 15:46:00-04:00,1.3600000143051147,1.3600000143051147,1.3550000190734863,1.3600000143051147,889,0.0,0.0,2023-07-21
1922,2023-07-21 15:47:00-04:00,1.3600000143051147,1.3600000143051147,1.3550000190734863,1.3600000143051147,5391,0.0,0.0,2023-07-21
1923,2023-07-21 15:48:00-04:00,1.3600000143051147,1.3600000143051147,1.3550000190734863,1.3600000143051147,5415,0.0,0.0,2023-07-21
1924,2023-07-21 15:49:00-04:00,1.3600000143051147,1.3600000143051147,1.350100040435791,1.3550000190734863,10411,0.0,0.0,2023-07-21
1925,2023-07-21 15:50:00-04:00,1.3600000143051147,1.3600000143051147,1.3530999422073364,1.3598999977111816,13828,0.0,0.0,2023-07-21
1926,2023-07-21 15:51:00-04:00,1.3575999736785889,1.3600000143051147,1.3521000146865845,1.3600000143051147,9868,0.0,0.0,2023-07-21
1927,2023-07-21 15:52:00-04:00,1.3600000143051147,1.3600000143051147,1.3550000190734863,1.3600000143051147,6479,0.0,0.0,2023-07-21
1928,2023-07-21 15:53:00-04:00,1.3550000190734863,1.3600000143051147,1.3550000190734863,1.3600000143051147,13841,0.0,0.0,2023-07-21
1929,2023-07-21 15:54:00-04:00,1.3600000143051147,1.3600000143051147,1.3521000146865845,1.3600000143051147,16352,0.0,0.0,2023-07-21
1930,2023-07-21 15:55:00-04:00,1.3600000143051147,1.3600000143051147,1.3600000143051147,1.3600000143051147,4292,0.0,0.0,2023-07-21
1931,2023-07-21 15:56:00-04:00,1.3600000143051147,1.3600000143051147,1.3594000339508057,1.3600000143051147,28199,0.0,0.0,2023-07-21
1932,2023-07-21 15:57:00-04:00,1.3600000143051147,1.3650000095367432,1.350000023841858,1.3550000190734863,132455,0.0,0.0,2023-07-21
1933,2023-07-21 15:58:00-04:00,1.350000023841858,1.3574999570846558,1.350000023841858,1.3550000190734863,19359,0.0,0.0,2023-07-21
1934,2023-07-21 15:59:00-04:00,1.3600000143051147,1.3600000143051147,1.350000023841858,1.350000023841858,164350,0.0,0.0,2023-07-21
