,Timestamp,Open,High,Low,Close,Volume,Dividends,Stock Splits,Date
0,2023-06-23 09:30:00-04:00,89.12999725341797,89.62000274658203,89.12999725341797,89.62000274658203,0,0.0,0.0,2023-06-23
1,2023-06-23 09:33:00-04:00,89.91000366210938,89.91000366210938,89.91000366210938,89.91000366210938,106,0.0,0.0,2023-06-23
2,2023-06-23 09:34:00-04:00,89.91000366210938,89.93000030517578,89.91000366210938,89.91999816894531,366,0.0,0.0,2023-06-23
3,2023-06-23 09:35:00-04:00,89.87999725341797,89.87999725341797,89.87000274658203,89.87000274658203,229,0.0,0.0,2023-06-23
4,2023-06-23 09:36:00-04:00,89.94999694824219,90.18000030517578,89.9000015258789,90.18000030517578,1507,0.0,0.0,2023-06-23
5,2023-06-23 09:37:00-04:00,90.19000244140625,90.19000244140625,90.19000244140625,90.19000244140625,342,0.0,0.0,2023-06-23
6,2023-06-23 09:38:00-04:00,90.18499755859375,90.29000091552734,90.18499755859375,90.29000091552734,670,0.0,0.0,2023-06-23
7,2023-06-23 09:39:00-04:00,90.16999816894531,90.16999816894531,90.16999816894531,90.16999816894531,403,0.0,0.0,2023-06-23
8,2023-06-23 09:40:00-04:00,90.30999755859375,90.55000305175781,90.30999755859375,90.55000305175781,465,0.0,0.0,2023-06-23
9,2023-06-23 09:41:00-04:00,90.58999633789062,90.58999633789062,90.58999633789062,90.58999633789062,232,0.0,0.0,2023-06-23
10,2023-06-23 09:42:00-04:00,90.58000183105469,90.58000183105469,90.58000183105469,90.58000183105469,430,0.0,0.0,2023-06-23
11,2023-06-23 09:43:00-04:00,90.63999938964844,90.66000366210938,90.63999938964844,90.66000366210938,660,0.0,0.0,2023-06-23
12,2023-06-23 09:44:00-04:00,90.79000091552734,90.79000091552734,90.79000091552734,90.79000091552734,117,0.0,0.0,2023-06-23
13,2023-06-23 09:45:00-04:00,90.69499969482422,90.69499969482422,90.69499969482422,90.69499969482422,396,0.0,0.0,2023-06-23
14,2023-06-23 09:46:00-04:00,90.80000305175781,90.87999725341797,90.72000122070312,90.86000061035156,3254,0.0,0.0,2023-06-23
15,2023-06-23 09:47:00-04:00,90.83000183105469,90.97000122070312,90.66000366210938,90.97000122070312,3203,0.0,0.0,2023-06-23
16,2023-06-23 09:48:00-04:00,90.80999755859375,90.80999755859375,90.80999755859375,90.80999755859375,147,0.0,0.0,2023-06-23
17,2023-06-23 09:49:00-04:00,90.80999755859375,90.80999755859375,90.80999755859375,90.80999755859375,158,0.0,0.0,2023-06-23
18,2023-06-23 09:51:00-04:00,90.92500305175781,90.93000030517578,90.92500305175781,90.93000030517578,572,0.0,0.0,2023-06-23
19,2023-06-23 09:54:00-04:00,91.0250015258789,91.0250015258789,91.0250015258789,91.0250015258789,203,0.0,0.0,2023-06-23
20,2023-06-23 09:55:00-04:00,91.00499725341797,91.00499725341797,91.00499725341797,91.00499725341797,584,0.0,0.0,2023-06-23
21,2023-06-23 09:57:00-04:00,91.04000091552734,91.04000091552734,91.04000091552734,91.04000091552734,349,0.0,0.0,2023-06-23
22,2023-06-23 09:59:00-04:00,90.97000122070312,90.97000122070312,90.97000122070312,90.97000122070312,278,0.0,0.0,2023-06-23
23,2023-06-23 10:00:00-04:00,91.05000305175781,91.18000030517578,91.05000305175781,91.18000030517578,1011,0.0,0.0,2023-06-23
24,2023-06-23 10:04:00-04:00,91.16999816894531,91.16999816894531,91.16999816894531,91.16999816894531,202,0.0,0.0,2023-06-23
25,2023-06-23 10:05:00-04:00,91.16500091552734,91.16500091552734,91.16500091552734,91.16500091552734,134,0.0,0.0,2023-06-23
26,2023-06-23 10:06:00-04:00,91.16500091552734,91.16500091552734,91.16500091552734,91.16500091552734,518,0.0,0.0,2023-06-23
27,2023-06-23 10:07:00-04:00,91.0,91.08999633789062,90.97000122070312,90.97000122070312,2486,0.0,0.0,2023-06-23
28,2023-06-23 10:09:00-04:00,91.05000305175781,91.05000305175781,91.05000305175781,91.05000305175781,616,0.0,0.0,2023-06-23
29,2023-06-23 10:10:00-04:00,91.03500366210938,91.03500366210938,90.98999786376953,90.98999786376953,884,0.0,0.0,2023-06-23
30,2023-06-23 10:11:00-04:00,90.98999786376953,91.19999694824219,90.94999694824219,91.16999816894531,2875,0.0,0.0,2023-06-23
31,2023-06-23 10:12:00-04:00,91.19000244140625,91.19000244140625,91.16999816894531,91.18000030517578,608,0.0,0.0,2023-06-23
32,2023-06-23 10:14:00-04:00,91.0999984741211,91.16999816894531,91.0999984741211,91.16999816894531,413,0.0,0.0,2023-06-23
33,2023-06-23 10:16:00-04:00,91.26000213623047,91.26000213623047,91.26000213623047,91.26000213623047,713,0.0,0.0,2023-06-23
34,2023-06-23 10:17:00-04:00,91.30999755859375,91.30999755859375,91.30999755859375,91.30999755859375,517,0.0,0.0,2023-06-23
35,2023-06-23 10:19:00-04:00,91.25499725341797,91.25499725341797,91.20500183105469,91.20500183105469,803,0.0,0.0,2023-06-23
36,2023-06-23 10:20:00-04:00,91.3550033569336,91.3550033569336,91.3550033569336,91.3550033569336,297,0.0,0.0,2023-06-23
37,2023-06-23 10:22:00-04:00,91.26000213623047,91.26000213623047,91.26000213623047,91.26000213623047,316,0.0,0.0,2023-06-23
38,2023-06-23 10:23:00-04:00,91.25,91.25,91.25,91.25,292,0.0,0.0,2023-06-23
39,2023-06-23 10:24:00-04:00,91.3499984741211,91.38999938964844,91.3499984741211,91.38999938964844,657,0.0,0.0,2023-06-23
40,2023-06-23 10:25:00-04:00,91.30999755859375,91.31999969482422,91.2300033569336,91.30000305175781,1938,0.0,0.0,2023-06-23
41,2023-06-23 10:29:00-04:00,91.25,91.25,91.25,91.25,662,0.0,0.0,2023-06-23
42,2023-06-23 10:31:00-04:00,91.11000061035156,91.11000061035156,90.87999725341797,90.87999725341797,2942,0.0,0.0,2023-06-23
43,2023-06-23 10:32:00-04:00,90.9800033569336,90.98999786376953,90.9800033569336,90.98999786376953,1813,0.0,0.0,2023-06-23
44,2023-06-23 10:35:00-04:00,91.06500244140625,91.06500244140625,91.06500244140625,91.06500244140625,631,0.0,0.0,2023-06-23
45,2023-06-23 10:38:00-04:00,91.01000213623047,91.02999877929688,90.91999816894531,90.91999816894531,5974,0.0,0.0,2023-06-23
46,2023-06-23 10:41:00-04:00,90.91000366210938,91.02999877929688,90.91000366210938,90.96499633789062,2478,0.0,0.0,2023-06-23
47,2023-06-23 10:42:00-04:00,90.95999908447266,90.95999908447266,90.95999908447266,90.95999908447266,887,0.0,0.0,2023-06-23
48,2023-06-23 10:45:00-04:00,90.96499633789062,90.96499633789062,90.96499633789062,90.96499633789062,850,0.0,0.0,2023-06-23
49,2023-06-23 10:46:00-04:00,90.97000122070312,90.97000122070312,90.97000122070312,90.97000122070312,178,0.0,0.0,2023-06-23
50,2023-06-23 10:47:00-04:00,91.05120086669922,91.05120086669922,90.9800033569336,90.9800033569336,1117,0.0,0.0,2023-06-23
51,2023-06-23 10:48:00-04:00,91.0,91.2249984741211,91.0,91.2249984741211,1791,0.0,0.0,2023-06-23
52,2023-06-23 10:49:00-04:00,91.0999984741211,91.14739990234375,91.0999984741211,91.14739990234375,1209,0.0,0.0,2023-06-23
53,2023-06-23 10:52:00-04:00,91.04499816894531,91.04499816894531,91.04499816894531,91.04499816894531,504,0.0,0.0,2023-06-23
54,2023-06-23 10:54:00-04:00,91.19999694824219,91.19999694824219,91.19999694824219,91.19999694824219,311,0.0,0.0,2023-06-23
55,2023-06-23 10:56:00-04:00,91.0999984741211,91.13999938964844,91.0999984741211,91.13999938964844,1553,0.0,0.0,2023-06-23
56,2023-06-23 11:05:00-04:00,91.13999938964844,91.13999938964844,91.11000061035156,91.11000061035156,975,0.0,0.0,2023-06-23
57,2023-06-23 11:06:00-04:00,91.01000213623047,91.01499938964844,90.95999908447266,90.95999908447266,1935,0.0,0.0,2023-06-23
58,2023-06-23 11:07:00-04:00,90.87999725341797,90.94499969482422,90.87999725341797,90.94499969482422,1216,0.0,0.0,2023-06-23
59,2023-06-23 11:08:00-04:00,91.01000213623047,91.06999969482422,91.01000213623047,91.06999969482422,1802,0.0,0.0,2023-06-23
60,2023-06-23 11:13:00-04:00,91.01499938964844,91.01499938964844,90.8499984741211,90.8499984741211,277,0.0,0.0,2023-06-23
61,2023-06-23 11:15:00-04:00,90.98999786376953,91.04000091552734,90.98999786376953,91.04000091552734,715,0.0,0.0,2023-06-23
62,2023-06-23 11:19:00-04:00,90.9800033569336,90.9800033569336,90.91999816894531,90.91999816894531,1001,0.0,0.0,2023-06-23
63,2023-06-23 11:21:00-04:00,90.91000366210938,90.91000366210938,90.87999725341797,90.87999725341797,376,0.0,0.0,2023-06-23
64,2023-06-23 11:22:00-04:00,90.91000366210938,90.91000366210938,90.91000366210938,90.91000366210938,361,0.0,0.0,2023-06-23
65,2023-06-23 11:23:00-04:00,90.91000366210938,90.91000366210938,90.91000366210938,90.91000366210938,867,0.0,0.0,2023-06-23
66,2023-06-23 11:25:00-04:00,90.8499984741211,90.91999816894531,90.80750274658203,90.91999816894531,2368,0.0,0.0,2023-06-23
67,2023-06-23 11:28:00-04:00,90.87999725341797,90.87999725341797,90.87999725341797,90.87999725341797,856,0.0,0.0,2023-06-23
68,2023-06-23 11:32:00-04:00,90.95500183105469,90.95999908447266,90.95500183105469,90.95999908447266,521,0.0,0.0,2023-06-23
69,2023-06-23 11:35:00-04:00,90.9000015258789,91.16500091552734,90.9000015258789,91.08499908447266,3243,0.0,0.0,2023-06-23
70,2023-06-23 11:39:00-04:00,90.97000122070312,90.97000122070312,90.95500183105469,90.95500183105469,951,0.0,0.0,2023-06-23
71,2023-06-23 11:41:00-04:00,90.87000274658203,90.91999816894531,90.87000274658203,90.91999816894531,481,0.0,0.0,2023-06-23
72,2023-06-23 11:43:00-04:00,90.94499969482422,90.94499969482422,90.94499969482422,90.94499969482422,451,0.0,0.0,2023-06-23
73,2023-06-23 11:46:00-04:00,90.94000244140625,90.94000244140625,90.94000244140625,90.94000244140625,299,0.0,0.0,2023-06-23
74,2023-06-23 11:47:00-04:00,90.86000061035156,90.94000244140625,90.8499984741211,90.8499984741211,1383,0.0,0.0,2023-06-23
75,2023-06-23 11:50:00-04:00,90.79000091552734,90.80500030517578,90.76000213623047,90.76499938964844,1497,0.0,0.0,2023-06-23
76,2023-06-23 11:51:00-04:00,90.73999786376953,90.77999877929688,90.69000244140625,90.69000244140625,741,0.0,0.0,2023-06-23
77,2023-06-23 11:52:00-04:00,90.4749984741211,90.4749984741211,90.44999694824219,90.44999694824219,451,0.0,0.0,2023-06-23
78,2023-06-23 11:53:00-04:00,90.51000213623047,90.51000213623047,90.51000213623047,90.51000213623047,200,0.0,0.0,2023-06-23
79,2023-06-23 11:54:00-04:00,90.45999908447266,90.45999908447266,90.45999908447266,90.45999908447266,797,0.0,0.0,2023-06-23
80,2023-06-23 11:59:00-04:00,90.55999755859375,90.62999725341797,90.54750061035156,90.62999725341797,1302,0.0,0.0,2023-06-23
81,2023-06-23 12:01:00-04:00,90.67500305175781,90.69999694824219,90.67500305175781,90.69999694824219,826,0.0,0.0,2023-06-23
82,2023-06-23 12:06:00-04:00,90.625,90.625,90.55000305175781,90.60749816894531,1506,0.0,0.0,2023-06-23
83,2023-06-23 12:09:00-04:00,90.5999984741211,90.5999984741211,90.5999984741211,90.5999984741211,435,0.0,0.0,2023-06-23
84,2023-06-23 12:11:00-04:00,90.56999969482422,90.58999633789062,90.55000305175781,90.55000305175781,1301,0.0,0.0,2023-06-23
85,2023-06-23 12:12:00-04:00,90.58000183105469,90.58000183105469,90.58000183105469,90.58000183105469,774,0.0,0.0,2023-06-23
86,2023-06-23 12:13:00-04:00,90.63999938964844,90.63999938964844,90.63999938964844,90.63999938964844,219,0.0,0.0,2023-06-23
87,2023-06-23 12:14:00-04:00,90.62000274658203,90.69000244140625,90.62000274658203,90.69000244140625,683,0.0,0.0,2023-06-23
88,2023-06-23 12:15:00-04:00,90.69999694824219,90.76000213623047,90.69999694824219,90.76000213623047,851,0.0,0.0,2023-06-23
89,2023-06-23 12:17:00-04:00,90.80500030517578,90.80500030517578,90.80500030517578,90.80500030517578,413,0.0,0.0,2023-06-23
90,2023-06-23 12:19:00-04:00,90.9000015258789,90.9000015258789,90.9000015258789,90.9000015258789,625,0.0,0.0,2023-06-23
91,2023-06-23 12:20:00-04:00,90.91500091552734,90.91500091552734,90.91500091552734,90.91500091552734,197,0.0,0.0,2023-06-23
92,2023-06-23 12:21:00-04:00,90.88999938964844,90.88999938964844,90.87000274658203,90.87000274658203,415,0.0,0.0,2023-06-23
93,2023-06-23 12:22:00-04:00,90.83999633789062,90.86000061035156,90.83999633789062,90.86000061035156,760,0.0,0.0,2023-06-23
94,2023-06-23 12:23:00-04:00,90.83999633789062,90.83999633789062,90.83999633789062,90.83999633789062,107,0.0,0.0,2023-06-23
95,2023-06-23 12:24:00-04:00,90.8499984741211,90.8499984741211,90.8499984741211,90.8499984741211,980,0.0,0.0,2023-06-23
96,2023-06-23 12:28:00-04:00,90.79000091552734,90.8499984741211,90.79000091552734,90.8499984741211,586,0.0,0.0,2023-06-23
97,2023-06-23 12:29:00-04:00,90.91000366210938,91.04000091552734,90.91000366210938,91.04000091552734,1533,0.0,0.0,2023-06-23
98,2023-06-23 12:34:00-04:00,91.0,91.0,91.0,91.0,1044,0.0,0.0,2023-06-23
99,2023-06-23 12:36:00-04:00,90.95249938964844,90.95249938964844,90.95249938964844,90.95249938964844,213,0.0,0.0,2023-06-23
100,2023-06-23 12:37:00-04:00,90.95999908447266,90.95999908447266,90.95999908447266,90.95999908447266,289,0.0,0.0,2023-06-23
101,2023-06-23 12:38:00-04:00,90.95999908447266,90.95999908447266,90.95999908447266,90.95999908447266,768,0.0,0.0,2023-06-23
102,2023-06-23 12:40:00-04:00,90.94999694824219,90.9800033569336,90.94999694824219,90.9800033569336,1650,0.0,0.0,2023-06-23
103,2023-06-23 12:42:00-04:00,91.04000091552734,91.0999984741211,91.04000091552734,91.0999984741211,515,0.0,0.0,2023-06-23
104,2023-06-23 12:43:00-04:00,91.11000061035156,91.11000061035156,91.11000061035156,91.11000061035156,265,0.0,0.0,2023-06-23
105,2023-06-23 12:45:00-04:00,91.04000091552734,91.04000091552734,91.04000091552734,91.04000091552734,523,0.0,0.0,2023-06-23
106,2023-06-23 12:46:00-04:00,91.05999755859375,91.05999755859375,91.05999755859375,91.05999755859375,512,0.0,0.0,2023-06-23
107,2023-06-23 12:48:00-04:00,91.0,91.0,90.94999694824219,90.97000122070312,2003,0.0,0.0,2023-06-23
108,2023-06-23 12:50:00-04:00,91.0,91.0,91.0,91.0,230,0.0,0.0,2023-06-23
109,2023-06-23 12:53:00-04:00,91.0199966430664,91.0199966430664,91.0199966430664,91.0199966430664,269,0.0,0.0,2023-06-23
110,2023-06-23 12:54:00-04:00,90.97000122070312,90.97000122070312,90.97000122070312,90.97000122070312,248,0.0,0.0,2023-06-23
111,2023-06-23 12:55:00-04:00,90.93000030517578,90.93000030517578,90.91000366210938,90.91000366210938,835,0.0,0.0,2023-06-23
112,2023-06-23 12:56:00-04:00,90.80000305175781,90.80000305175781,90.80000305175781,90.80000305175781,105,0.0,0.0,2023-06-23
113,2023-06-23 12:57:00-04:00,90.88999938964844,90.88999938964844,90.88999938964844,90.88999938964844,266,0.0,0.0,2023-06-23
114,2023-06-23 12:59:00-04:00,90.97000122070312,90.97000122070312,90.88500213623047,90.88500213623047,424,0.0,0.0,2023-06-23
115,2023-06-23 13:00:00-04:00,90.83000183105469,91.08999633789062,90.80999755859375,90.94000244140625,4910,0.0,0.0,2023-06-23
116,2023-06-23 13:01:00-04:00,90.91999816894531,91.08999633789062,90.91999816894531,91.05999755859375,3722,0.0,0.0,2023-06-23
117,2023-06-23 13:02:00-04:00,91.06500244140625,91.06500244140625,91.06500244140625,91.06500244140625,414,0.0,0.0,2023-06-23
118,2023-06-23 13:03:00-04:00,91.06999969482422,91.06999969482422,91.06999969482422,91.06999969482422,1153,0.0,0.0,2023-06-23
119,2023-06-23 13:10:00-04:00,91.06500244140625,91.06500244140625,91.06500244140625,91.06500244140625,797,0.0,0.0,2023-06-23
120,2023-06-23 13:15:00-04:00,91.0,91.0,90.98999786376953,90.98999786376953,1220,0.0,0.0,2023-06-23
121,2023-06-23 13:16:00-04:00,90.97000122070312,91.0199966430664,90.97000122070312,90.98500061035156,1195,0.0,0.0,2023-06-23
122,2023-06-23 13:17:00-04:00,91.04000091552734,91.04000091552734,91.04000091552734,91.04000091552734,1009,0.0,0.0,2023-06-23
123,2023-06-23 13:19:00-04:00,91.1050033569336,91.1050033569336,91.1050033569336,91.1050033569336,450,0.0,0.0,2023-06-23
124,2023-06-23 13:22:00-04:00,91.0,91.0,91.0,91.0,841,0.0,0.0,2023-06-23
125,2023-06-23 13:23:00-04:00,91.02999877929688,91.02999877929688,91.0199966430664,91.0199966430664,213,0.0,0.0,2023-06-23
126,2023-06-23 13:24:00-04:00,91.05000305175781,91.05000305175781,91.05000305175781,91.05000305175781,479,0.0,0.0,2023-06-23
127,2023-06-23 13:25:00-04:00,91.08999633789062,91.12000274658203,91.08000183105469,91.12000274658203,1677,0.0,0.0,2023-06-23
128,2023-06-23 13:31:00-04:00,91.20500183105469,91.20500183105469,91.20500183105469,91.20500183105469,623,0.0,0.0,2023-06-23
129,2023-06-23 13:36:00-04:00,91.11250305175781,91.11250305175781,91.11250305175781,91.11250305175781,447,0.0,0.0,2023-06-23
130,2023-06-23 13:37:00-04:00,91.0999984741211,91.0999984741211,91.0999984741211,91.0999984741211,566,0.0,0.0,2023-06-23
131,2023-06-23 13:39:00-04:00,91.16000366210938,91.19999694824219,91.16000366210938,91.19999694824219,799,0.0,0.0,2023-06-23
132,2023-06-23 13:40:00-04:00,91.22000122070312,91.22000122070312,91.13999938964844,91.13999938964844,687,0.0,0.0,2023-06-23
133,2023-06-23 13:45:00-04:00,91.2300033569336,91.2300033569336,91.19000244140625,91.19499969482422,1064,0.0,0.0,2023-06-23
134,2023-06-23 13:47:00-04:00,91.18000030517578,91.18000030517578,91.18000030517578,91.18000030517578,501,0.0,0.0,2023-06-23
135,2023-06-23 13:50:00-04:00,91.17500305175781,91.17500305175781,91.17500305175781,91.17500305175781,377,0.0,0.0,2023-06-23
136,2023-06-23 13:53:00-04:00,91.1500015258789,91.1500015258789,91.1500015258789,91.1500015258789,443,0.0,0.0,2023-06-23
137,2023-06-23 13:54:00-04:00,91.1500015258789,91.17500305175781,91.1500015258789,91.17500305175781,1023,0.0,0.0,2023-06-23
138,2023-06-23 13:56:00-04:00,91.1449966430664,91.1449966430664,91.11000061035156,91.13999938964844,1529,0.0,0.0,2023-06-23
139,2023-06-23 13:57:00-04:00,91.13500213623047,91.22000122070312,91.11000061035156,91.22000122070312,2352,0.0,0.0,2023-06-23
140,2023-06-23 14:06:00-04:00,91.05000305175781,91.05000305175781,91.0,91.0,925,0.0,0.0,2023-06-23
141,2023-06-23 14:09:00-04:00,90.94999694824219,91.0,90.94999694824219,90.99500274658203,750,0.0,0.0,2023-06-23
142,2023-06-23 14:10:00-04:00,90.99250030517578,91.0199966430664,90.94000244140625,91.0199966430664,2907,0.0,0.0,2023-06-23
143,2023-06-23 14:11:00-04:00,90.98999786376953,90.98999786376953,90.98999786376953,90.98999786376953,1063,0.0,0.0,2023-06-23
144,2023-06-23 14:15:00-04:00,90.94999694824219,90.94999694824219,90.94999694824219,90.94999694824219,318,0.0,0.0,2023-06-23
145,2023-06-23 14:16:00-04:00,90.94999694824219,91.01499938964844,90.94999694824219,91.01499938964844,390,0.0,0.0,2023-06-23
146,2023-06-23 14:18:00-04:00,90.94999694824219,90.94999694824219,90.94999694824219,90.94999694824219,267,0.0,0.0,2023-06-23
147,2023-06-23 14:19:00-04:00,90.94999694824219,90.94999694824219,90.94999694824219,90.94999694824219,638,0.0,0.0,2023-06-23
148,2023-06-23 14:20:00-04:00,90.93000030517578,90.93000030517578,90.93000030517578,90.93000030517578,488,0.0,0.0,2023-06-23
149,2023-06-23 14:21:00-04:00,90.92500305175781,90.94999694824219,90.9000015258789,90.94999694824219,2357,0.0,0.0,2023-06-23
150,2023-06-23 14:23:00-04:00,90.95999908447266,90.95999908447266,90.94499969482422,90.94499969482422,274,0.0,0.0,2023-06-23
151,2023-06-23 14:24:00-04:00,90.94499969482422,90.94499969482422,90.94499969482422,90.94499969482422,371,0.0,0.0,2023-06-23
152,2023-06-23 14:25:00-04:00,90.94000244140625,90.94000244140625,90.94000244140625,90.94000244140625,654,0.0,0.0,2023-06-23
153,2023-06-23 14:26:00-04:00,90.94000244140625,90.94499969482422,90.94000244140625,90.94499969482422,468,0.0,0.0,2023-06-23
154,2023-06-23 14:27:00-04:00,90.9000015258789,90.9000015258789,90.8499984741211,90.8499984741211,1918,0.0,0.0,2023-06-23
155,2023-06-23 14:30:00-04:00,90.78500366210938,90.78500366210938,90.51000213623047,90.61499786376953,1038,0.0,0.0,2023-06-23
156,2023-06-23 14:31:00-04:00,90.39289855957031,90.50499725341797,90.39289855957031,90.50250244140625,687,0.0,0.0,2023-06-23
157,2023-06-23 14:32:00-04:00,90.62000274658203,90.62999725341797,90.62000274658203,90.62999725341797,989,0.0,0.0,2023-06-23
158,2023-06-23 14:35:00-04:00,90.61000061035156,90.61000061035156,90.55000305175781,90.55000305175781,923,0.0,0.0,2023-06-23
159,2023-06-23 14:37:00-04:00,90.61000061035156,90.61000061035156,90.55999755859375,90.61000061035156,1153,0.0,0.0,2023-06-23
160,2023-06-23 14:38:00-04:00,90.61000061035156,90.61000061035156,90.55999755859375,90.61000061035156,603,0.0,0.0,2023-06-23
161,2023-06-23 14:39:00-04:00,90.55000305175781,90.55000305175781,90.55000305175781,90.55000305175781,311,0.0,0.0,2023-06-23
162,2023-06-23 14:40:00-04:00,90.56999969482422,90.56999969482422,90.54499816894531,90.54499816894531,705,0.0,0.0,2023-06-23
163,2023-06-23 14:41:00-04:00,90.54000091552734,90.54000091552734,90.54000091552734,90.54000091552734,342,0.0,0.0,2023-06-23
164,2023-06-23 14:42:00-04:00,90.48999786376953,90.48999786376953,90.48999786376953,90.48999786376953,342,0.0,0.0,2023-06-23
165,2023-06-23 14:43:00-04:00,90.5,90.5199966430664,90.48999786376953,90.48999786376953,1079,0.0,0.0,2023-06-23
166,2023-06-23 14:44:00-04:00,90.5,90.5199966430664,90.5,90.5199966430664,944,0.0,0.0,2023-06-23
167,2023-06-23 14:45:00-04:00,90.5199966430664,90.5199966430664,90.45999908447266,90.45999908447266,1803,0.0,0.0,2023-06-23
168,2023-06-23 14:46:00-04:00,90.4749984741211,90.5,90.4749984741211,90.5,672,0.0,0.0,2023-06-23
169,2023-06-23 14:47:00-04:00,90.45999908447266,90.4800033569336,90.4000015258789,90.4000015258789,5090,0.0,0.0,2023-06-23
170,2023-06-23 14:49:00-04:00,90.36000061035156,90.44999694824219,90.36000061035156,90.44999694824219,492,0.0,0.0,2023-06-23
171,2023-06-23 14:50:00-04:00,90.37000274658203,90.37000274658203,90.37000274658203,90.37000274658203,213,0.0,0.0,2023-06-23
172,2023-06-23 14:51:00-04:00,90.44000244140625,90.44000244140625,90.41500091552734,90.41500091552734,452,0.0,0.0,2023-06-23
173,2023-06-23 14:52:00-04:00,90.44999694824219,90.44999694824219,90.44999694824219,90.44999694824219,169,0.0,0.0,2023-06-23
174,2023-06-23 14:53:00-04:00,90.4000015258789,90.5,90.4000015258789,90.44499969482422,1122,0.0,0.0,2023-06-23
175,2023-06-23 14:54:00-04:00,90.41000366210938,90.5,90.41000366210938,90.5,255,0.0,0.0,2023-06-23
176,2023-06-23 14:55:00-04:00,90.44499969482422,90.44499969482422,90.41999816894531,90.41999816894531,412,0.0,0.0,2023-06-23
177,2023-06-23 14:56:00-04:00,90.48999786376953,90.48999786376953,90.48999786376953,90.48999786376953,281,0.0,0.0,2023-06-23
178,2023-06-23 14:57:00-04:00,90.41000366210938,90.44249725341797,90.41000366210938,90.44249725341797,499,0.0,0.0,2023-06-23
179,2023-06-23 14:59:00-04:00,90.4000015258789,90.43000030517578,90.33999633789062,90.33999633789062,2410,0.0,0.0,2023-06-23
180,2023-06-23 15:00:00-04:00,90.33999633789062,90.33999633789062,90.29000091552734,90.29000091552734,1079,0.0,0.0,2023-06-23
181,2023-06-23 15:01:00-04:00,90.23999786376953,90.23999786376953,90.23999786376953,90.23999786376953,1156,0.0,0.0,2023-06-23
182,2023-06-23 15:03:00-04:00,90.30999755859375,90.33000183105469,90.28500366210938,90.28500366210938,823,0.0,0.0,2023-06-23
183,2023-06-23 15:04:00-04:00,90.26000213623047,90.26000213623047,90.26000213623047,90.26000213623047,263,0.0,0.0,2023-06-23
184,2023-06-23 15:05:00-04:00,90.30999755859375,90.31500244140625,90.30999755859375,90.31500244140625,415,0.0,0.0,2023-06-23
185,2023-06-23 15:06:00-04:00,90.26000213623047,90.26000213623047,90.26000213623047,90.26000213623047,188,0.0,0.0,2023-06-23
186,2023-06-23 15:07:00-04:00,90.30999755859375,90.3499984741211,90.26000213623047,90.3499984741211,902,0.0,0.0,2023-06-23
187,2023-06-23 15:08:00-04:00,90.3499984741211,90.3499984741211,90.25,90.32749938964844,2358,0.0,0.0,2023-06-23
188,2023-06-23 15:09:00-04:00,90.31999969482422,90.44999694824219,90.31999969482422,90.44999694824219,717,0.0,0.0,2023-06-23
189,2023-06-23 15:10:00-04:00,90.38999938964844,90.38999938964844,90.38999938964844,90.38999938964844,187,0.0,0.0,2023-06-23
190,2023-06-23 15:11:00-04:00,90.44499969482422,90.44499969482422,90.38999938964844,90.38999938964844,1455,0.0,0.0,2023-06-23
191,2023-06-23 15:12:00-04:00,90.3499984741211,90.3499984741211,90.3499984741211,90.3499984741211,284,0.0,0.0,2023-06-23
192,2023-06-23 15:13:00-04:00,90.38999938964844,90.38999938964844,90.38999938964844,90.38999938964844,529,0.0,0.0,2023-06-23
193,2023-06-23 15:15:00-04:00,90.38999938964844,90.38999938964844,90.38999938964844,90.38999938964844,406,0.0,0.0,2023-06-23
194,2023-06-23 15:16:00-04:00,90.44000244140625,90.44000244140625,90.44000244140625,90.44000244140625,285,0.0,0.0,2023-06-23
195,2023-06-23 15:17:00-04:00,90.44000244140625,90.48500061035156,90.44000244140625,90.48500061035156,1155,0.0,0.0,2023-06-23
196,2023-06-23 15:18:00-04:00,90.48999786376953,90.48999786376953,90.48999786376953,90.48999786376953,146,0.0,0.0,2023-06-23
197,2023-06-23 15:19:00-04:00,90.44999694824219,90.56500244140625,90.44999694824219,90.56500244140625,2060,0.0,0.0,2023-06-23
198,2023-06-23 15:20:00-04:00,90.45999908447266,90.51000213623047,90.41999816894531,90.41999816894531,1871,0.0,0.0,2023-06-23
199,2023-06-23 15:22:00-04:00,90.42500305175781,90.42500305175781,90.41999816894531,90.41999816894531,382,0.0,0.0,2023-06-23
200,2023-06-23 15:23:00-04:00,90.37000274658203,90.58000183105469,90.37000274658203,90.58000183105469,4493,0.0,0.0,2023-06-23
201,2023-06-23 15:25:00-04:00,90.4800033569336,90.4800033569336,90.4800033569336,90.4800033569336,199,0.0,0.0,2023-06-23
202,2023-06-23 15:26:00-04:00,90.5199966430664,90.5250015258789,90.51249694824219,90.5199966430664,1399,0.0,0.0,2023-06-23
203,2023-06-23 15:28:00-04:00,90.58000183105469,90.58000183105469,90.5199966430664,90.5199966430664,450,0.0,0.0,2023-06-23
204,2023-06-23 15:29:00-04:00,90.52999877929688,90.58000183105469,90.52999877929688,90.55999755859375,1002,0.0,0.0,2023-06-23
205,2023-06-23 15:30:00-04:00,90.51000213623047,90.51000213623047,90.51000213623047,90.51000213623047,601,0.0,0.0,2023-06-23
206,2023-06-23 15:32:00-04:00,90.53500366210938,90.53500366210938,90.4800033569336,90.4800033569336,1401,0.0,0.0,2023-06-23
207,2023-06-23 15:33:00-04:00,90.45999908447266,90.45999908447266,90.41000366210938,90.44000244140625,1671,0.0,0.0,2023-06-23
208,2023-06-23 15:34:00-04:00,90.47000122070312,90.4800033569336,90.45999908447266,90.47750091552734,1165,0.0,0.0,2023-06-23
209,2023-06-23 15:35:00-04:00,90.4800033569336,90.4800033569336,90.4800033569336,90.4800033569336,425,0.0,0.0,2023-06-23
210,2023-06-23 15:36:00-04:00,90.51000213623047,90.52999877929688,90.51000213623047,90.52999877929688,1377,0.0,0.0,2023-06-23
211,2023-06-23 15:37:00-04:00,90.47000122070312,90.4800033569336,90.47000122070312,90.47000122070312,1352,0.0,0.0,2023-06-23
212,2023-06-23 15:38:00-04:00,90.48750305175781,90.5199966430664,90.48750305175781,90.51000213623047,973,0.0,0.0,2023-06-23
213,2023-06-23 15:39:00-04:00,90.54499816894531,90.54499816894531,90.51000213623047,90.51000213623047,858,0.0,0.0,2023-06-23
214,2023-06-23 15:40:00-04:00,90.51000213623047,90.51000213623047,90.38999938964844,90.38999938964844,1984,0.0,0.0,2023-06-23
215,2023-06-23 15:41:00-04:00,90.33000183105469,90.44000244140625,90.33000183105469,90.38999938964844,1260,0.0,0.0,2023-06-23
216,2023-06-23 15:42:00-04:00,90.3499984741211,90.3499984741211,90.3499984741211,90.3499984741211,621,0.0,0.0,2023-06-23
217,2023-06-23 15:44:00-04:00,90.44999694824219,90.45999908447266,90.41999816894531,90.41999816894531,1249,0.0,0.0,2023-06-23
218,2023-06-23 15:45:00-04:00,90.41999816894531,90.42500305175781,90.37999725341797,90.37999725341797,775,0.0,0.0,2023-06-23
219,2023-06-23 15:46:00-04:00,90.47000122070312,90.5,90.47000122070312,90.4800033569336,1472,0.0,0.0,2023-06-23
220,2023-06-23 15:47:00-04:00,90.44999694824219,90.55999755859375,90.41999816894531,90.55999755859375,4545,0.0,0.0,2023-06-23
221,2023-06-23 15:49:00-04:00,90.5824966430664,90.66999816894531,90.5824966430664,90.66999816894531,3077,0.0,0.0,2023-06-23
222,2023-06-23 15:50:00-04:00,90.52999877929688,90.55000305175781,90.2300033569336,90.23999786376953,4841,0.0,0.0,2023-06-23
223,2023-06-23 15:51:00-04:00,90.33999633789062,90.55000305175781,90.33999633789062,90.55000305175781,5360,0.0,0.0,2023-06-23
224,2023-06-23 15:52:00-04:00,90.51000213623047,90.5250015258789,90.31999969482422,90.3499984741211,6213,0.0,0.0,2023-06-23
225,2023-06-23 15:53:00-04:00,90.36000061035156,90.3949966430664,90.27999877929688,90.36000061035156,6742,0.0,0.0,2023-06-23
226,2023-06-23 15:54:00-04:00,90.31999969482422,90.375,90.23999786376953,90.2699966430664,5599,0.0,0.0,2023-06-23
227,2023-06-23 15:55:00-04:00,90.0999984741211,90.26000213623047,90.05999755859375,90.26000213623047,6820,0.0,0.0,2023-06-23
228,2023-06-23 15:56:00-04:00,90.2300033569336,90.33000183105469,90.20999908447266,90.20999908447266,4338,0.0,0.0,2023-06-23
229,2023-06-23 15:57:00-04:00,90.19999694824219,90.26000213623047,90.15499877929688,90.18000030517578,6425,0.0,0.0,2023-06-23
230,2023-06-23 15:58:00-04:00,90.19000244140625,90.22000122070312,90.12999725341797,90.19999694824219,6427,0.0,0.0,2023-06-23
231,2023-06-23 15:59:00-04:00,90.19000244140625,90.27999877929688,90.08999633789062,90.12999725341797,17955,0.0,0.0,2023-06-23
0,2023-06-26 09:30:00-04:00,90.43000030517578,90.43000030517578,90.43000030517578,90.43000030517578,3347,0.0,0.0,2023-06-26
1,2023-06-26 09:34:00-04:00,90.7300033569336,90.7300033569336,90.7300033569336,90.7300033569336,216,0.0,0.0,2023-06-26
2,2023-06-26 09:35:00-04:00,90.87000274658203,90.87000274658203,90.87000274658203,90.87000274658203,315,0.0,0.0,2023-06-26
3,2023-06-26 09:38:00-04:00,91.29000091552734,91.29000091552734,91.23999786376953,91.23999786376953,330,0.0,0.0,2023-06-26
4,2023-06-26 09:40:00-04:00,91.52629852294922,91.52629852294922,91.52629852294922,91.52629852294922,480,0.0,0.0,2023-06-26
5,2023-06-26 09:42:00-04:00,91.74500274658203,91.74500274658203,91.74500274658203,91.74500274658203,290,0.0,0.0,2023-06-26
6,2023-06-26 09:43:00-04:00,91.69999694824219,91.69999694824219,91.69999694824219,91.69999694824219,778,0.0,0.0,2023-06-26
7,2023-06-26 09:44:00-04:00,91.69999694824219,91.69999694824219,91.69999694824219,91.69999694824219,336,0.0,0.0,2023-06-26
8,2023-06-26 09:46:00-04:00,91.79000091552734,91.79000091552734,91.79000091552734,91.79000091552734,641,0.0,0.0,2023-06-26
9,2023-06-26 09:50:00-04:00,91.8499984741211,91.98999786376953,91.80000305175781,91.88999938964844,1208,0.0,0.0,2023-06-26
10,2023-06-26 09:51:00-04:00,91.91840362548828,91.97000122070312,91.91840362548828,91.94270324707031,1241,0.0,0.0,2023-06-26
11,2023-06-26 09:52:00-04:00,91.8949966430664,91.8949966430664,91.8949966430664,91.8949966430664,284,0.0,0.0,2023-06-26
12,2023-06-26 09:53:00-04:00,91.8949966430664,91.8949966430664,91.8949966430664,91.8949966430664,139,0.0,0.0,2023-06-26
13,2023-06-26 09:54:00-04:00,91.87999725341797,91.87999725341797,91.87999725341797,91.87999725341797,925,0.0,0.0,2023-06-26
14,2023-06-26 09:55:00-04:00,91.80000305175781,91.80000305175781,91.6050033569336,91.62999725341797,2168,0.0,0.0,2023-06-26
15,2023-06-26 09:56:00-04:00,91.72000122070312,91.72000122070312,91.53500366210938,91.53500366210938,744,0.0,0.0,2023-06-26
16,2023-06-26 09:57:00-04:00,91.62999725341797,91.62999725341797,91.62999725341797,91.62999725341797,332,0.0,0.0,2023-06-26
17,2023-06-26 09:58:00-04:00,91.62999725341797,91.6500015258789,91.62999725341797,91.6500015258789,1341,0.0,0.0,2023-06-26
18,2023-06-26 09:59:00-04:00,91.69999694824219,91.69999694824219,91.69999694824219,91.69999694824219,159,0.0,0.0,2023-06-26
19,2023-06-26 10:00:00-04:00,91.69999694824219,91.69999694824219,91.55999755859375,91.62999725341797,594,0.0,0.0,2023-06-26
20,2023-06-26 10:01:00-04:00,91.56719970703125,91.56719970703125,91.56719970703125,91.56719970703125,504,0.0,0.0,2023-06-26
21,2023-06-26 10:02:00-04:00,91.44999694824219,91.44999694824219,91.30999755859375,91.30999755859375,994,0.0,0.0,2023-06-26
22,2023-06-26 10:03:00-04:00,91.37000274658203,91.52999877929688,91.37000274658203,91.52999877929688,357,0.0,0.0,2023-06-26
23,2023-06-26 10:04:00-04:00,91.51000213623047,91.51000213623047,91.3499984741211,91.3499984741211,486,0.0,0.0,2023-06-26
24,2023-06-26 10:05:00-04:00,91.30500030517578,91.30500030517578,91.30500030517578,91.30500030517578,100,0.0,0.0,2023-06-26
25,2023-06-26 10:06:00-04:00,91.38999938964844,91.38999938964844,91.30999755859375,91.30999755859375,236,0.0,0.0,2023-06-26
26,2023-06-26 10:09:00-04:00,91.30999755859375,91.30999755859375,91.13999938964844,91.13999938964844,386,0.0,0.0,2023-06-26
27,2023-06-26 10:10:00-04:00,90.98999786376953,90.98999786376953,90.9800033569336,90.9800033569336,363,0.0,0.0,2023-06-26
28,2023-06-26 10:11:00-04:00,90.97000122070312,91.01000213623047,90.97000122070312,91.01000213623047,1189,0.0,0.0,2023-06-26
29,2023-06-26 10:12:00-04:00,91.2300033569336,91.2300033569336,91.1500015258789,91.1500015258789,524,0.0,0.0,2023-06-26
30,2023-06-26 10:15:00-04:00,91.2300033569336,91.2300033569336,91.2300033569336,91.2300033569336,527,0.0,0.0,2023-06-26
31,2023-06-26 10:16:00-04:00,91.25,91.25499725341797,91.25,91.25499725341797,391,0.0,0.0,2023-06-26
32,2023-06-26 10:23:00-04:00,91.27999877929688,91.27999877929688,91.27999877929688,91.27999877929688,197,0.0,0.0,2023-06-26
33,2023-06-26 10:25:00-04:00,91.2698974609375,91.2698974609375,91.2698974609375,91.2698974609375,136,0.0,0.0,2023-06-26
34,2023-06-26 10:26:00-04:00,91.18000030517578,91.18000030517578,91.1500015258789,91.1500015258789,520,0.0,0.0,2023-06-26
35,2023-06-26 10:28:00-04:00,91.1500015258789,91.1500015258789,91.1500015258789,91.1500015258789,301,0.0,0.0,2023-06-26
36,2023-06-26 10:30:00-04:00,91.05999755859375,91.06999969482422,91.05999755859375,91.05999755859375,594,0.0,0.0,2023-06-26
37,2023-06-26 10:31:00-04:00,90.9800033569336,90.9800033569336,90.9800033569336,90.9800033569336,134,0.0,0.0,2023-06-26
38,2023-06-26 10:33:00-04:00,90.95999908447266,90.95999908447266,90.95999908447266,90.95999908447266,142,0.0,0.0,2023-06-26
39,2023-06-26 10:34:00-04:00,90.93000030517578,90.95999908447266,90.83999633789062,90.83999633789062,597,0.0,0.0,2023-06-26
40,2023-06-26 10:35:00-04:00,90.94000244140625,90.94000244140625,90.83499908447266,90.83499908447266,210,0.0,0.0,2023-06-26
41,2023-06-26 10:36:00-04:00,90.83499908447266,90.83499908447266,90.83499908447266,90.83499908447266,144,0.0,0.0,2023-06-26
42,2023-06-26 10:39:00-04:00,90.9000015258789,90.9000015258789,90.9000015258789,90.9000015258789,193,0.0,0.0,2023-06-26
43,2023-06-26 10:40:00-04:00,90.79000091552734,90.80500030517578,90.69999694824219,90.80500030517578,957,0.0,0.0,2023-06-26
44,2023-06-26 10:41:00-04:00,90.79000091552734,90.79000091552734,90.79000091552734,90.79000091552734,146,0.0,0.0,2023-06-26
45,2023-06-26 10:42:00-04:00,90.82499694824219,90.93499755859375,90.82499694824219,90.93499755859375,1407,0.0,0.0,2023-06-26
46,2023-06-26 10:43:00-04:00,90.95999908447266,90.95999908447266,90.8499984741211,90.8499984741211,301,0.0,0.0,2023-06-26
47,2023-06-26 10:45:00-04:00,90.87000274658203,91.08000183105469,90.87000274658203,91.08000183105469,623,0.0,0.0,2023-06-26
48,2023-06-26 10:47:00-04:00,91.08999633789062,91.08999633789062,91.08999633789062,91.08999633789062,909,0.0,0.0,2023-06-26
49,2023-06-26 10:52:00-04:00,91.36000061035156,91.36000061035156,91.36000061035156,91.36000061035156,100,0.0,0.0,2023-06-26
50,2023-06-26 10:53:00-04:00,91.25830078125,91.25830078125,91.24500274658203,91.24500274658203,482,0.0,0.0,2023-06-26
51,2023-06-26 10:54:00-04:00,91.28500366210938,91.28500366210938,91.28500366210938,91.28500366210938,105,0.0,0.0,2023-06-26
52,2023-06-26 10:55:00-04:00,91.27999877929688,91.41000366210938,91.2699966430664,91.41000366210938,1645,0.0,0.0,2023-06-26
53,2023-06-26 10:56:00-04:00,91.49199676513672,91.49199676513672,91.49199676513672,91.49199676513672,166,0.0,0.0,2023-06-26
54,2023-06-26 10:57:00-04:00,91.4749984741211,91.4749984741211,91.4749984741211,91.4749984741211,252,0.0,0.0,2023-06-26
55,2023-06-26 10:58:00-04:00,91.44000244140625,91.44000244140625,91.44000244140625,91.44000244140625,137,0.0,0.0,2023-06-26
56,2023-06-26 10:59:00-04:00,91.5199966430664,91.5199966430664,91.5199966430664,91.5199966430664,200,0.0,0.0,2023-06-26
57,2023-06-26 11:02:00-04:00,91.51499938964844,91.51499938964844,91.51499938964844,91.51499938964844,113,0.0,0.0,2023-06-26
58,2023-06-26 11:03:00-04:00,91.43000030517578,91.47000122070312,91.43000030517578,91.43499755859375,1737,0.0,0.0,2023-06-26
59,2023-06-26 11:05:00-04:00,91.38999938964844,91.38999938964844,91.38999938964844,91.38999938964844,389,0.0,0.0,2023-06-26
60,2023-06-26 11:06:00-04:00,91.41999816894531,91.43000030517578,91.41999816894531,91.43000030517578,664,0.0,0.0,2023-06-26
61,2023-06-26 11:07:00-04:00,91.41999816894531,91.41999816894531,91.41999816894531,91.41999816894531,178,0.0,0.0,2023-06-26
62,2023-06-26 11:08:00-04:00,91.38999938964844,91.38999938964844,91.2699966430664,91.2699966430664,1199,0.0,0.0,2023-06-26
63,2023-06-26 11:09:00-04:00,91.23999786376953,91.23999786376953,91.23999786376953,91.23999786376953,164,0.0,0.0,2023-06-26
64,2023-06-26 11:13:00-04:00,91.24500274658203,91.24500274658203,91.24500274658203,91.24500274658203,197,0.0,0.0,2023-06-26
65,2023-06-26 11:15:00-04:00,91.33000183105469,91.33000183105469,91.33000183105469,91.33000183105469,100,0.0,0.0,2023-06-26
66,2023-06-26 11:16:00-04:00,91.22000122070312,91.22000122070312,91.22000122070312,91.22000122070312,110,0.0,0.0,2023-06-26
67,2023-06-26 11:17:00-04:00,91.24500274658203,91.2699966430664,91.16000366210938,91.16000366210938,572,0.0,0.0,2023-06-26
68,2023-06-26 11:18:00-04:00,91.17500305175781,91.17500305175781,91.17500305175781,91.17500305175781,109,0.0,0.0,2023-06-26
69,2023-06-26 11:19:00-04:00,91.2300033569336,91.3499984741211,91.2300033569336,91.3499984741211,1531,0.0,0.0,2023-06-26
70,2023-06-26 11:20:00-04:00,91.37000274658203,91.37000274658203,91.30500030517578,91.30500030517578,226,0.0,0.0,2023-06-26
71,2023-06-26 11:21:00-04:00,91.23999786376953,91.30500030517578,91.23999786376953,91.23999786376953,659,0.0,0.0,2023-06-26
72,2023-06-26 11:22:00-04:00,91.19999694824219,91.19999694824219,91.19999694824219,91.19999694824219,123,0.0,0.0,2023-06-26
73,2023-06-26 11:23:00-04:00,91.06099700927734,91.06099700927734,91.06099700927734,91.06099700927734,524,0.0,0.0,2023-06-26
74,2023-06-26 11:24:00-04:00,91.2300033569336,91.2300033569336,91.2300033569336,91.2300033569336,136,0.0,0.0,2023-06-26
75,2023-06-26 11:26:00-04:00,91.23999786376953,91.23999786376953,91.23999786376953,91.23999786376953,252,0.0,0.0,2023-06-26
76,2023-06-26 11:28:00-04:00,91.19999694824219,91.27999877929688,91.19999694824219,91.27999877929688,609,0.0,0.0,2023-06-26
77,2023-06-26 11:29:00-04:00,91.27999877929688,91.27999877929688,91.27999877929688,91.27999877929688,760,0.0,0.0,2023-06-26
78,2023-06-26 11:33:00-04:00,91.43000030517578,91.43000030517578,91.43000030517578,91.43000030517578,400,0.0,0.0,2023-06-26
79,2023-06-26 11:35:00-04:00,91.26000213623047,91.26000213623047,91.20999908447266,91.25499725341797,1501,0.0,0.0,2023-06-26
80,2023-06-26 11:41:00-04:00,91.30999755859375,91.30999755859375,91.30999755859375,91.30999755859375,102,0.0,0.0,2023-06-26
81,2023-06-26 11:42:00-04:00,91.37000274658203,91.37000274658203,91.37000274658203,91.37000274658203,252,0.0,0.0,2023-06-26
82,2023-06-26 11:43:00-04:00,91.37000274658203,91.38999938964844,91.37000274658203,91.38999938964844,1175,0.0,0.0,2023-06-26
83,2023-06-26 11:47:00-04:00,91.54000091552734,91.54000091552734,91.54000091552734,91.54000091552734,120,0.0,0.0,2023-06-26
84,2023-06-26 11:48:00-04:00,91.55000305175781,91.55000305175781,91.55000305175781,91.55000305175781,299,0.0,0.0,2023-06-26
85,2023-06-26 11:50:00-04:00,91.62000274658203,91.62000274658203,91.62000274658203,91.62000274658203,282,0.0,0.0,2023-06-26
86,2023-06-26 11:52:00-04:00,91.58999633789062,91.5999984741211,91.58999633789062,91.5999984741211,1055,0.0,0.0,2023-06-26
87,2023-06-26 11:58:00-04:00,91.69000244140625,91.69999694824219,91.69000244140625,91.69999694824219,1042,0.0,0.0,2023-06-26
88,2023-06-26 12:02:00-04:00,91.80000305175781,91.80999755859375,91.80000305175781,91.80000305175781,1129,0.0,0.0,2023-06-26
89,2023-06-26 12:03:00-04:00,91.70999908447266,91.7699966430664,91.70999908447266,91.7699966430664,1042,0.0,0.0,2023-06-26
90,2023-06-26 12:04:00-04:00,91.75140380859375,91.75140380859375,91.75140380859375,91.75140380859375,683,0.0,0.0,2023-06-26
91,2023-06-26 12:05:00-04:00,91.80000305175781,91.80000305175781,91.80000305175781,91.80000305175781,485,0.0,0.0,2023-06-26
92,2023-06-26 12:06:00-04:00,91.63999938964844,91.63999938964844,91.63999938964844,91.63999938964844,156,0.0,0.0,2023-06-26
93,2023-06-26 12:10:00-04:00,91.52999877929688,91.52999877929688,91.48999786376953,91.48999786376953,645,0.0,0.0,2023-06-26
94,2023-06-26 12:16:00-04:00,91.4800033569336,91.48999786376953,91.4800033569336,91.48999786376953,760,0.0,0.0,2023-06-26
95,2023-06-26 12:17:00-04:00,91.48999786376953,91.48999786376953,91.37999725341797,91.37999725341797,1457,0.0,0.0,2023-06-26
96,2023-06-26 12:20:00-04:00,91.37999725341797,91.37999725341797,91.23999786376953,91.23999786376953,980,0.0,0.0,2023-06-26
97,2023-06-26 12:22:00-04:00,91.4000015258789,91.4000015258789,91.4000015258789,91.4000015258789,231,0.0,0.0,2023-06-26
98,2023-06-26 12:23:00-04:00,91.375,91.375,91.375,91.375,221,0.0,0.0,2023-06-26
99,2023-06-26 12:26:00-04:00,91.26000213623047,91.26000213623047,91.20999908447266,91.20999908447266,784,0.0,0.0,2023-06-26
100,2023-06-26 12:27:00-04:00,91.30000305175781,91.31500244140625,91.30000305175781,91.31500244140625,639,0.0,0.0,2023-06-26
101,2023-06-26 12:31:00-04:00,91.45999908447266,91.45999908447266,91.45999908447266,91.45999908447266,198,0.0,0.0,2023-06-26
102,2023-06-26 12:33:00-04:00,91.31999969482422,91.31999969482422,91.16000366210938,91.16999816894531,1004,0.0,0.0,2023-06-26
103,2023-06-26 12:38:00-04:00,91.19999694824219,91.19999694824219,91.19999694824219,91.19999694824219,106,0.0,0.0,2023-06-26
104,2023-06-26 12:39:00-04:00,91.27999877929688,91.27999877929688,91.27999877929688,91.27999877929688,102,0.0,0.0,2023-06-26
105,2023-06-26 12:41:00-04:00,91.11000061035156,91.11000061035156,91.11000061035156,91.11000061035156,170,0.0,0.0,2023-06-26
106,2023-06-26 12:42:00-04:00,91.19000244140625,91.19000244140625,91.19000244140625,91.19000244140625,361,0.0,0.0,2023-06-26
107,2023-06-26 12:44:00-04:00,91.19000244140625,91.20999908447266,91.125,91.20999908447266,606,0.0,0.0,2023-06-26
108,2023-06-26 12:47:00-04:00,91.19499969482422,91.19499969482422,91.19499969482422,91.19499969482422,261,0.0,0.0,2023-06-26
109,2023-06-26 12:50:00-04:00,91.22000122070312,91.22000122070312,91.22000122070312,91.22000122070312,410,0.0,0.0,2023-06-26
110,2023-06-26 12:51:00-04:00,91.25,91.25,91.25,91.25,317,0.0,0.0,2023-06-26
111,2023-06-26 12:52:00-04:00,91.25,91.26000213623047,91.22000122070312,91.25250244140625,1384,0.0,0.0,2023-06-26
112,2023-06-26 12:53:00-04:00,91.31999969482422,91.31999969482422,91.31999969482422,91.31999969482422,164,0.0,0.0,2023-06-26
113,2023-06-26 12:54:00-04:00,91.30000305175781,91.33999633789062,91.27999877929688,91.27999877929688,1905,0.0,0.0,2023-06-26
114,2023-06-26 12:59:00-04:00,91.37999725341797,91.37999725341797,91.37999725341797,91.37999725341797,586,0.0,0.0,2023-06-26
115,2023-06-26 13:00:00-04:00,91.46499633789062,91.46499633789062,91.46499633789062,91.46499633789062,654,0.0,0.0,2023-06-26
116,2023-06-26 13:05:00-04:00,91.56999969482422,91.56999969482422,91.56999969482422,91.56999969482422,122,0.0,0.0,2023-06-26
117,2023-06-26 13:06:00-04:00,91.56999969482422,91.58000183105469,91.56999969482422,91.58000183105469,936,0.0,0.0,2023-06-26
118,2023-06-26 13:09:00-04:00,91.48999786376953,91.53500366210938,91.48999786376953,91.53500366210938,441,0.0,0.0,2023-06-26
119,2023-06-26 13:11:00-04:00,91.53500366210938,91.53500366210938,91.53500366210938,91.53500366210938,162,0.0,0.0,2023-06-26
120,2023-06-26 13:13:00-04:00,91.58999633789062,91.58999633789062,91.58999633789062,91.58999633789062,339,0.0,0.0,2023-06-26
121,2023-06-26 13:16:00-04:00,91.58999633789062,91.58999633789062,91.58999633789062,91.58999633789062,308,0.0,0.0,2023-06-26
122,2023-06-26 13:17:00-04:00,91.61000061035156,91.61000061035156,91.61000061035156,91.61000061035156,279,0.0,0.0,2023-06-26
123,2023-06-26 13:19:00-04:00,91.62000274658203,91.62000274658203,91.62000274658203,91.62000274658203,602,0.0,0.0,2023-06-26
124,2023-06-26 13:23:00-04:00,91.68000030517578,91.68000030517578,91.68000030517578,91.68000030517578,324,0.0,0.0,2023-06-26
125,2023-06-26 13:24:00-04:00,91.62000274658203,91.65499877929688,91.5999984741211,91.6050033569336,1271,0.0,0.0,2023-06-26
126,2023-06-26 13:25:00-04:00,91.6050033569336,91.6050033569336,91.55000305175781,91.55000305175781,657,0.0,0.0,2023-06-26
127,2023-06-26 13:26:00-04:00,91.58999633789062,91.58999633789062,91.58999633789062,91.58999633789062,742,0.0,0.0,2023-06-26
128,2023-06-26 13:28:00-04:00,91.66000366210938,91.66000366210938,91.66000366210938,91.66000366210938,432,0.0,0.0,2023-06-26
129,2023-06-26 13:30:00-04:00,91.80999755859375,91.81999969482422,91.80999755859375,91.81999969482422,455,0.0,0.0,2023-06-26
130,2023-06-26 13:31:00-04:00,91.7699966430664,91.80999755859375,91.7699966430664,91.80500030517578,544,0.0,0.0,2023-06-26
131,2023-06-26 13:35:00-04:00,91.79000091552734,91.79000091552734,91.79000091552734,91.79000091552734,295,0.0,0.0,2023-06-26
132,2023-06-26 13:38:00-04:00,91.79000091552734,91.79229736328125,91.79000091552734,91.79229736328125,319,0.0,0.0,2023-06-26
133,2023-06-26 13:39:00-04:00,91.79000091552734,91.83999633789062,91.79000091552734,91.83999633789062,346,0.0,0.0,2023-06-26
134,2023-06-26 13:40:00-04:00,91.87999725341797,91.97000122070312,91.87999725341797,91.95999908447266,848,0.0,0.0,2023-06-26
135,2023-06-26 13:42:00-04:00,91.9800033569336,91.9800033569336,91.9800033569336,91.9800033569336,1056,0.0,0.0,2023-06-26
136,2023-06-26 13:43:00-04:00,92.0,92.12000274658203,92.0,92.12000274658203,714,0.0,0.0,2023-06-26
137,2023-06-26 13:45:00-04:00,92.05999755859375,92.05999755859375,92.05999755859375,92.05999755859375,322,0.0,0.0,2023-06-26
138,2023-06-26 13:46:00-04:00,92.13999938964844,92.1500015258789,92.13999938964844,92.1500015258789,418,0.0,0.0,2023-06-26
139,2023-06-26 13:49:00-04:00,92.16000366210938,92.16000366210938,92.16000366210938,92.16000366210938,199,0.0,0.0,2023-06-26
140,2023-06-26 13:51:00-04:00,92.0999984741211,92.0999984741211,92.0999984741211,92.0999984741211,282,0.0,0.0,2023-06-26
141,2023-06-26 13:52:00-04:00,92.02999877929688,92.06500244140625,92.02999877929688,92.05999755859375,917,0.0,0.0,2023-06-26
142,2023-06-26 13:53:00-04:00,91.98999786376953,92.01000213623047,91.98999786376953,92.01000213623047,1210,0.0,0.0,2023-06-26
143,2023-06-26 14:00:00-04:00,91.9749984741211,91.9749984741211,91.94000244140625,91.94000244140625,416,0.0,0.0,2023-06-26
144,2023-06-26 14:03:00-04:00,91.98999786376953,91.98999786376953,91.98999786376953,91.98999786376953,392,0.0,0.0,2023-06-26
145,2023-06-26 14:06:00-04:00,91.94499969482422,91.94499969482422,91.94499969482422,91.94499969482422,250,0.0,0.0,2023-06-26
146,2023-06-26 14:07:00-04:00,91.9000015258789,91.9000015258789,91.9000015258789,91.9000015258789,280,0.0,0.0,2023-06-26
147,2023-06-26 14:08:00-04:00,91.91000366210938,91.91000366210938,91.91000366210938,91.91000366210938,399,0.0,0.0,2023-06-26
148,2023-06-26 14:12:00-04:00,91.91000366210938,91.91000366210938,91.91000366210938,91.91000366210938,257,0.0,0.0,2023-06-26
149,2023-06-26 14:13:00-04:00,91.91000366210938,91.91000366210938,91.91000366210938,91.91000366210938,241,0.0,0.0,2023-06-26
150,2023-06-26 14:15:00-04:00,91.91000366210938,91.91000366210938,91.91000366210938,91.91000366210938,567,0.0,0.0,2023-06-26
151,2023-06-26 14:17:00-04:00,91.91000366210938,91.91000366210938,91.91000366210938,91.91000366210938,705,0.0,0.0,2023-06-26
152,2023-06-26 14:19:00-04:00,91.8499984741211,91.8949966430664,91.8499984741211,91.8949966430664,413,0.0,0.0,2023-06-26
153,2023-06-26 14:21:00-04:00,91.87000274658203,91.95500183105469,91.87000274658203,91.95500183105469,863,0.0,0.0,2023-06-26
154,2023-06-26 14:22:00-04:00,91.91899871826172,91.93000030517578,91.9000015258789,91.93000030517578,576,0.0,0.0,2023-06-26
155,2023-06-26 14:23:00-04:00,91.87999725341797,91.87999725341797,91.87000274658203,91.87000274658203,309,0.0,0.0,2023-06-26
156,2023-06-26 14:26:00-04:00,91.8949966430664,91.8949966430664,91.8949966430664,91.8949966430664,133,0.0,0.0,2023-06-26
157,2023-06-26 14:29:00-04:00,91.94000244140625,91.94000244140625,91.94000244140625,91.94000244140625,1054,0.0,0.0,2023-06-26
158,2023-06-26 14:30:00-04:00,92.05000305175781,92.05000305175781,92.00199890136719,92.00199890136719,345,0.0,0.0,2023-06-26
159,2023-06-26 14:32:00-04:00,92.0999984741211,92.0999984741211,92.0999984741211,92.0999984741211,484,0.0,0.0,2023-06-26
160,2023-06-26 14:35:00-04:00,92.18000030517578,92.18000030517578,92.18000030517578,92.18000030517578,138,0.0,0.0,2023-06-26
161,2023-06-26 14:36:00-04:00,92.1050033569336,92.1050033569336,92.1050033569336,92.1050033569336,556,0.0,0.0,2023-06-26
162,2023-06-26 14:41:00-04:00,92.0999984741211,92.0999984741211,92.0999984741211,92.0999984741211,717,0.0,0.0,2023-06-26
163,2023-06-26 14:44:00-04:00,92.04000091552734,92.06500244140625,92.04000091552734,92.06500244140625,492,0.0,0.0,2023-06-26
164,2023-06-26 14:46:00-04:00,92.08999633789062,92.12999725341797,92.08999633789062,92.08999633789062,659,0.0,0.0,2023-06-26
165,2023-06-26 14:47:00-04:00,92.08999633789062,92.13500213623047,92.08999633789062,92.11499786376953,1404,0.0,0.0,2023-06-26
166,2023-06-26 14:51:00-04:00,92.08000183105469,92.08000183105469,92.08000183105469,92.08000183105469,128,0.0,0.0,2023-06-26
167,2023-06-26 14:52:00-04:00,92.08499908447266,92.08499908447266,92.08499908447266,92.08499908447266,110,0.0,0.0,2023-06-26
168,2023-06-26 14:53:00-04:00,92.08499908447266,92.08499908447266,92.02999877929688,92.05500030517578,1339,0.0,0.0,2023-06-26
169,2023-06-26 14:55:00-04:00,92.05999755859375,92.05999755859375,92.05999755859375,92.05999755859375,433,0.0,0.0,2023-06-26
170,2023-06-26 14:58:00-04:00,92.11609649658203,92.16999816894531,92.11609649658203,92.13999938964844,1132,0.0,0.0,2023-06-26
171,2023-06-26 14:59:00-04:00,92.16000366210938,92.16000366210938,92.16000366210938,92.16000366210938,386,0.0,0.0,2023-06-26
172,2023-06-26 15:00:00-04:00,92.18000030517578,92.2300033569336,92.18000030517578,92.2300033569336,1040,0.0,0.0,2023-06-26
173,2023-06-26 15:03:00-04:00,92.19999694824219,92.19999694824219,92.16000366210938,92.16500091552734,1261,0.0,0.0,2023-06-26
174,2023-06-26 15:06:00-04:00,92.18000030517578,92.2300033569336,92.17500305175781,92.2300033569336,456,0.0,0.0,2023-06-26
175,2023-06-26 15:07:00-04:00,92.12999725341797,92.12999725341797,92.12999725341797,92.12999725341797,255,0.0,0.0,2023-06-26
176,2023-06-26 15:08:00-04:00,92.15499877929688,92.18000030517578,92.15499877929688,92.18000030517578,389,0.0,0.0,2023-06-26
177,2023-06-26 15:09:00-04:00,92.18000030517578,92.20500183105469,92.18000030517578,92.20500183105469,336,0.0,0.0,2023-06-26
178,2023-06-26 15:10:00-04:00,92.26000213623047,92.26000213623047,92.26000213623047,92.26000213623047,287,0.0,0.0,2023-06-26
179,2023-06-26 15:12:00-04:00,92.26000213623047,92.26000213623047,92.26000213623047,92.26000213623047,809,0.0,0.0,2023-06-26
180,2023-06-26 15:13:00-04:00,92.26480102539062,92.26480102539062,92.26480102539062,92.26480102539062,146,0.0,0.0,2023-06-26
181,2023-06-26 15:15:00-04:00,92.26499938964844,92.30999755859375,92.26499938964844,92.30999755859375,841,0.0,0.0,2023-06-26
182,2023-06-26 15:17:00-04:00,92.23999786376953,92.23999786376953,92.20999908447266,92.20999908447266,1030,0.0,0.0,2023-06-26
183,2023-06-26 15:19:00-04:00,92.20500183105469,92.20500183105469,92.16000366210938,92.16000366210938,547,0.0,0.0,2023-06-26
184,2023-06-26 15:20:00-04:00,92.16000366210938,92.16000366210938,92.16000366210938,92.16000366210938,176,0.0,0.0,2023-06-26
185,2023-06-26 15:22:00-04:00,92.13999938964844,92.16999816894531,92.13999938964844,92.16999816894531,813,0.0,0.0,2023-06-26
186,2023-06-26 15:23:00-04:00,92.20500183105469,92.20500183105469,92.20500183105469,92.20500183105469,211,0.0,0.0,2023-06-26
187,2023-06-26 15:24:00-04:00,92.20500183105469,92.20500183105469,92.20500183105469,92.20500183105469,355,0.0,0.0,2023-06-26
188,2023-06-26 15:25:00-04:00,92.2750015258789,92.2750015258789,92.2750015258789,92.2750015258789,128,0.0,0.0,2023-06-26
189,2023-06-26 15:27:00-04:00,92.33000183105469,92.33000183105469,92.2699966430664,92.2699966430664,879,0.0,0.0,2023-06-26
190,2023-06-26 15:28:00-04:00,92.23999786376953,92.23999786376953,92.2300033569336,92.23999786376953,939,0.0,0.0,2023-06-26
191,2023-06-26 15:30:00-04:00,92.22000122070312,92.22000122070312,92.22000122070312,92.22000122070312,202,0.0,0.0,2023-06-26
192,2023-06-26 15:31:00-04:00,92.21499633789062,92.21499633789062,92.21499633789062,92.21499633789062,291,0.0,0.0,2023-06-26
193,2023-06-26 15:32:00-04:00,92.22000122070312,92.2300033569336,92.19750213623047,92.2300033569336,1192,0.0,0.0,2023-06-26
194,2023-06-26 15:33:00-04:00,92.2300033569336,92.2300033569336,92.2300033569336,92.2300033569336,200,0.0,0.0,2023-06-26
195,2023-06-26 15:34:00-04:00,92.25499725341797,92.25499725341797,92.25499725341797,92.25499725341797,232,0.0,0.0,2023-06-26
196,2023-06-26 15:35:00-04:00,92.22000122070312,92.2699966430664,92.19000244140625,92.26000213623047,2042,0.0,0.0,2023-06-26
197,2023-06-26 15:36:00-04:00,92.18000030517578,92.19999694824219,92.16000366210938,92.19999694824219,404,0.0,0.0,2023-06-26
198,2023-06-26 15:37:00-04:00,92.19999694824219,92.19999694824219,92.18499755859375,92.18499755859375,293,0.0,0.0,2023-06-26
199,2023-06-26 15:38:00-04:00,92.20999908447266,92.30000305175781,92.20999908447266,92.30000305175781,954,0.0,0.0,2023-06-26
200,2023-06-26 15:40:00-04:00,92.2699966430664,92.2699966430664,92.24500274658203,92.24500274658203,468,0.0,0.0,2023-06-26
201,2023-06-26 15:42:00-04:00,92.27999877929688,92.27999877929688,92.19999694824219,92.19999694824219,954,0.0,0.0,2023-06-26
202,2023-06-26 15:43:00-04:00,92.2699966430664,92.29000091552734,92.2699966430664,92.29000091552734,639,0.0,0.0,2023-06-26
203,2023-06-26 15:44:00-04:00,92.26000213623047,92.26000213623047,92.26000213623047,92.26000213623047,292,0.0,0.0,2023-06-26
204,2023-06-26 15:45:00-04:00,92.20999908447266,92.20999908447266,92.0906982421875,92.0999984741211,2554,0.0,0.0,2023-06-26
205,2023-06-26 15:46:00-04:00,92.0999984741211,92.0999984741211,92.08999633789062,92.08999633789062,279,0.0,0.0,2023-06-26
206,2023-06-26 15:47:00-04:00,92.05000305175781,92.05000305175781,92.01000213623047,92.01000213623047,882,0.0,0.0,2023-06-26
207,2023-06-26 15:48:00-04:00,92.00499725341797,92.00499725341797,91.91999816894531,91.91999816894531,254,0.0,0.0,2023-06-26
208,2023-06-26 15:49:00-04:00,91.83999633789062,91.98999786376953,91.83999633789062,91.98999786376953,1876,0.0,0.0,2023-06-26
209,2023-06-26 15:50:00-04:00,91.95999908447266,91.95999908447266,91.83000183105469,91.83000183105469,1097,0.0,0.0,2023-06-26
210,2023-06-26 15:51:00-04:00,91.86000061035156,91.86000061035156,91.83000183105469,91.86000061035156,742,0.0,0.0,2023-06-26
211,2023-06-26 15:52:00-04:00,91.83000183105469,91.87999725341797,91.83000183105469,91.83000183105469,1165,0.0,0.0,2023-06-26
212,2023-06-26 15:53:00-04:00,91.7699966430664,91.7699966430664,91.7699966430664,91.7699966430664,531,0.0,0.0,2023-06-26
213,2023-06-26 15:54:00-04:00,91.79499816894531,91.83999633789062,91.73999786376953,91.80000305175781,5083,0.0,0.0,2023-06-26
214,2023-06-26 15:55:00-04:00,91.80999755859375,91.80999755859375,91.79000091552734,91.79000091552734,770,0.0,0.0,2023-06-26
215,2023-06-26 15:56:00-04:00,91.73999786376953,91.73999786376953,91.68000030517578,91.69999694824219,4092,0.0,0.0,2023-06-26
216,2023-06-26 15:57:00-04:00,91.63999938964844,91.66999816894531,91.58999633789062,91.5999984741211,2411,0.0,0.0,2023-06-26
217,2023-06-26 15:58:00-04:00,91.59349822998047,91.6500015258789,91.59349822998047,91.6500015258789,1869,0.0,0.0,2023-06-26
218,2023-06-26 15:59:00-04:00,91.63999938964844,91.66999816894531,91.5,91.58000183105469,8993,0.0,0.0,2023-06-26
219,2023-06-27 09:30:00-04:00,92.11000061035156,92.11000061035156,92.11000061035156,92.11000061035156,3296,0.0,0.0,2023-06-27
220,2023-06-27 09:35:00-04:00,91.99500274658203,92.01499938964844,91.99500274658203,92.01499938964844,230,0.0,0.0,2023-06-27
221,2023-06-27 09:36:00-04:00,92.01499938964844,92.01499938964844,92.01499938964844,92.01499938964844,115,0.0,0.0,2023-06-27
222,2023-06-27 09:37:00-04:00,92.01499938964844,92.01499938964844,92.01499938964844,92.01499938964844,106,0.0,0.0,2023-06-27
223,2023-06-27 09:38:00-04:00,92.04000091552734,92.04000091552734,92.04000091552734,92.04000091552734,114,0.0,0.0,2023-06-27
224,2023-06-27 09:39:00-04:00,92.05999755859375,92.73999786376953,92.05999755859375,92.73999786376953,3711,0.0,0.0,2023-06-27
225,2023-06-27 09:40:00-04:00,92.875,92.875,92.875,92.875,404,0.0,0.0,2023-06-27
226,2023-06-27 09:41:00-04:00,92.58000183105469,92.58000183105469,92.27999877929688,92.51499938964844,1017,0.0,0.0,2023-06-27
227,2023-06-27 09:42:00-04:00,92.38999938964844,92.38999938964844,92.38999938964844,92.38999938964844,635,0.0,0.0,2023-06-27
228,2023-06-27 09:46:00-04:00,92.625,92.87000274658203,92.625,92.87000274658203,955,0.0,0.0,2023-06-27
229,2023-06-27 09:47:00-04:00,92.68000030517578,92.69000244140625,92.68000030517578,92.69000244140625,1290,0.0,0.0,2023-06-27
230,2023-06-27 09:48:00-04:00,92.63999938964844,92.63999938964844,92.63999938964844,92.63999938964844,845,0.0,0.0,2023-06-27
231,2023-06-27 09:49:00-04:00,92.49500274658203,92.49500274658203,92.49500274658203,92.49500274658203,531,0.0,0.0,2023-06-27
232,2023-06-27 09:51:00-04:00,92.55999755859375,92.55999755859375,92.55999755859375,92.55999755859375,338,0.0,0.0,2023-06-27
233,2023-06-27 09:52:00-04:00,92.76000213623047,92.76000213623047,92.76000213623047,92.76000213623047,104,0.0,0.0,2023-06-27
234,2023-06-27 09:53:00-04:00,92.77999877929688,92.77999877929688,92.63999938964844,92.63999938964844,509,0.0,0.0,2023-06-27
235,2023-06-27 09:54:00-04:00,92.66000366210938,92.66000366210938,92.66000366210938,92.66000366210938,119,0.0,0.0,2023-06-27
236,2023-06-27 09:55:00-04:00,92.70999908447266,92.70999908447266,92.70999908447266,92.70999908447266,461,0.0,0.0,2023-06-27
237,2023-06-27 09:57:00-04:00,92.71499633789062,92.71499633789062,92.71499633789062,92.71499633789062,123,0.0,0.0,2023-06-27
238,2023-06-27 09:59:00-04:00,92.70999908447266,92.70999908447266,92.70999908447266,92.70999908447266,523,0.0,0.0,2023-06-27
239,2023-06-27 10:01:00-04:00,92.88999938964844,92.88999938964844,92.88999938964844,92.88999938964844,464,0.0,0.0,2023-06-27
240,2023-06-27 10:04:00-04:00,93.13500213623047,93.13500213623047,93.11000061035156,93.11000061035156,545,0.0,0.0,2023-06-27
241,2023-06-27 10:05:00-04:00,92.97000122070312,92.97000122070312,92.97000122070312,92.97000122070312,106,0.0,0.0,2023-06-27
242,2023-06-27 10:06:00-04:00,93.17500305175781,93.17500305175781,93.17500305175781,93.17500305175781,176,0.0,0.0,2023-06-27
243,2023-06-27 10:09:00-04:00,93.1500015258789,93.1500015258789,93.1500015258789,93.1500015258789,163,0.0,0.0,2023-06-27
244,2023-06-27 10:10:00-04:00,92.97000122070312,92.97000122070312,92.97000122070312,92.97000122070312,482,0.0,0.0,2023-06-27
245,2023-06-27 10:11:00-04:00,92.7874984741211,92.7874984741211,92.7874984741211,92.7874984741211,102,0.0,0.0,2023-06-27
246,2023-06-27 10:13:00-04:00,92.77999877929688,92.9800033569336,92.77999877929688,92.9800033569336,1416,0.0,0.0,2023-06-27
247,2023-06-27 10:15:00-04:00,93.18000030517578,93.25,93.18000030517578,93.25,858,0.0,0.0,2023-06-27
248,2023-06-27 10:18:00-04:00,93.55999755859375,93.55999755859375,93.55999755859375,93.55999755859375,234,0.0,0.0,2023-06-27
249,2023-06-27 10:20:00-04:00,93.48500061035156,93.48500061035156,93.19999694824219,93.19999694824219,470,0.0,0.0,2023-06-27
250,2023-06-27 10:21:00-04:00,93.44999694824219,93.44999694824219,93.44999694824219,93.44999694824219,109,0.0,0.0,2023-06-27
251,2023-06-27 10:22:00-04:00,93.47000122070312,93.47000122070312,93.47000122070312,93.47000122070312,104,0.0,0.0,2023-06-27
252,2023-06-27 10:23:00-04:00,93.43000030517578,93.45999908447266,93.35800170898438,93.45999908447266,448,0.0,0.0,2023-06-27
253,2023-06-27 10:24:00-04:00,93.54000091552734,93.54000091552734,93.41000366210938,93.41000366210938,332,0.0,0.0,2023-06-27
254,2023-06-27 10:26:00-04:00,93.41000366210938,93.41000366210938,93.41000366210938,93.41000366210938,295,0.0,0.0,2023-06-27
255,2023-06-27 10:27:00-04:00,93.4800033569336,93.4800033569336,93.4800033569336,93.4800033569336,757,0.0,0.0,2023-06-27
256,2023-06-27 10:30:00-04:00,93.48999786376953,93.54000091552734,93.48999786376953,93.54000091552734,491,0.0,0.0,2023-06-27
257,2023-06-27 10:31:00-04:00,93.55000305175781,93.55000305175781,93.55000305175781,93.55000305175781,343,0.0,0.0,2023-06-27
258,2023-06-27 10:32:00-04:00,93.61000061035156,93.61000061035156,93.61000061035156,93.61000061035156,337,0.0,0.0,2023-06-27
259,2023-06-27 10:33:00-04:00,93.62999725341797,93.62999725341797,93.62999725341797,93.62999725341797,143,0.0,0.0,2023-06-27
260,2023-06-27 10:34:00-04:00,93.63999938964844,93.68499755859375,93.55000305175781,93.68499755859375,881,0.0,0.0,2023-06-27
261,2023-06-27 10:37:00-04:00,93.69000244140625,93.69000244140625,93.69000244140625,93.69000244140625,833,0.0,0.0,2023-06-27
262,2023-06-27 10:41:00-04:00,93.83999633789062,93.8499984741211,93.83999633789062,93.8499984741211,266,0.0,0.0,2023-06-27
263,2023-06-27 10:42:00-04:00,93.86000061035156,93.97000122070312,93.86000061035156,93.97000122070312,274,0.0,0.0,2023-06-27
264,2023-06-27 10:44:00-04:00,93.91000366210938,93.91000366210938,93.91000366210938,93.91000366210938,226,0.0,0.0,2023-06-27
265,2023-06-27 10:45:00-04:00,93.9800033569336,94.07499694824219,93.9800033569336,94.07499694824219,586,0.0,0.0,2023-06-27
266,2023-06-27 10:48:00-04:00,93.96199798583984,93.96199798583984,93.96199798583984,93.96199798583984,231,0.0,0.0,2023-06-27
267,2023-06-27 10:49:00-04:00,94.06999969482422,94.06999969482422,93.93000030517578,93.98999786376953,864,0.0,0.0,2023-06-27
268,2023-06-27 10:50:00-04:00,94.0199966430664,94.0199966430664,94.0199966430664,94.0199966430664,242,0.0,0.0,2023-06-27
269,2023-06-27 10:54:00-04:00,94.01000213623047,94.01000213623047,94.01000213623047,94.01000213623047,736,0.0,0.0,2023-06-27
270,2023-06-27 10:57:00-04:00,94.05999755859375,94.05999755859375,94.05999755859375,94.05999755859375,101,0.0,0.0,2023-06-27
271,2023-06-27 10:59:00-04:00,94.13500213623047,94.13500213623047,94.12999725341797,94.12999725341797,349,0.0,0.0,2023-06-27
272,2023-06-27 11:00:00-04:00,94.12999725341797,94.12999725341797,94.12999725341797,94.12999725341797,307,0.0,0.0,2023-06-27
273,2023-06-27 11:02:00-04:00,94.28500366210938,94.37999725341797,94.28500366210938,94.37999725341797,395,0.0,0.0,2023-06-27
274,2023-06-27 11:05:00-04:00,94.22000122070312,94.22000122070312,94.22000122070312,94.22000122070312,280,0.0,0.0,2023-06-27
275,2023-06-27 11:06:00-04:00,94.25,94.25,94.22940063476562,94.22940063476562,875,0.0,0.0,2023-06-27
276,2023-06-27 11:07:00-04:00,94.25,94.25,94.22200012207031,94.25,1084,0.0,0.0,2023-06-27
277,2023-06-27 11:08:00-04:00,94.25,94.25,94.25,94.25,225,0.0,0.0,2023-06-27
278,2023-06-27 11:10:00-04:00,94.0999984741211,94.15499877929688,94.08999633789062,94.08999633789062,807,0.0,0.0,2023-06-27
279,2023-06-27 11:11:00-04:00,94.05000305175781,94.06999969482422,94.04000091552734,94.06999969482422,961,0.0,0.0,2023-06-27
280,2023-06-27 11:14:00-04:00,94.1500015258789,94.30999755859375,94.11000061035156,94.13999938964844,1805,0.0,0.0,2023-06-27
281,2023-06-27 11:15:00-04:00,94.19999694824219,94.27999877929688,94.19999694824219,94.27999877929688,757,0.0,0.0,2023-06-27
282,2023-06-27 11:20:00-04:00,94.2249984741211,94.2249984741211,94.2249984741211,94.2249984741211,102,0.0,0.0,2023-06-27
283,2023-06-27 11:21:00-04:00,94.2300033569336,94.2300033569336,94.2300033569336,94.2300033569336,129,0.0,0.0,2023-06-27
284,2023-06-27 11:23:00-04:00,94.13999938964844,94.13999938964844,94.13999938964844,94.13999938964844,343,0.0,0.0,2023-06-27
285,2023-06-27 11:26:00-04:00,94.2300033569336,94.2300033569336,94.2300033569336,94.2300033569336,127,0.0,0.0,2023-06-27
286,2023-06-27 11:27:00-04:00,94.06999969482422,94.08999633789062,94.05000305175781,94.05000305175781,1068,0.0,0.0,2023-06-27
287,2023-06-27 11:28:00-04:00,94.08999633789062,94.16999816894531,94.08999633789062,94.16999816894531,1152,0.0,0.0,2023-06-27
288,2023-06-27 11:29:00-04:00,94.09500122070312,94.09500122070312,94.08999633789062,94.08999633789062,367,0.0,0.0,2023-06-27
289,2023-06-27 11:30:00-04:00,94.0999984741211,94.0999984741211,94.0999984741211,94.0999984741211,199,0.0,0.0,2023-06-27
290,2023-06-27 11:34:00-04:00,94.01499938964844,94.0199966430664,94.01499938964844,94.0199966430664,247,0.0,0.0,2023-06-27
291,2023-06-27 11:35:00-04:00,94.06999969482422,94.06999969482422,93.95999908447266,93.9800033569336,970,0.0,0.0,2023-06-27
292,2023-06-27 11:36:00-04:00,93.94999694824219,93.94999694824219,93.94999694824219,93.94999694824219,135,0.0,0.0,2023-06-27
293,2023-06-27 11:37:00-04:00,94.0199966430664,94.0199966430664,94.0199966430664,94.0199966430664,1716,0.0,0.0,2023-06-27
294,2023-06-27 11:39:00-04:00,94.0999984741211,94.0999984741211,94.05999755859375,94.05999755859375,376,0.0,0.0,2023-06-27
295,2023-06-27 11:41:00-04:00,94.06310272216797,94.06310272216797,94.06310272216797,94.06310272216797,336,0.0,0.0,2023-06-27
296,2023-06-27 11:42:00-04:00,94.0199966430664,94.0199966430664,93.91999816894531,93.91999816894531,854,0.0,0.0,2023-06-27
297,2023-06-27 11:44:00-04:00,93.93000030517578,93.93000030517578,93.93000030517578,93.93000030517578,226,0.0,0.0,2023-06-27
298,2023-06-27 11:49:00-04:00,93.87999725341797,93.87999725341797,93.87999725341797,93.87999725341797,495,0.0,0.0,2023-06-27
299,2023-06-27 11:51:00-04:00,93.84249877929688,93.84500122070312,93.84249877929688,93.84500122070312,318,0.0,0.0,2023-06-27
300,2023-06-27 11:53:00-04:00,93.82499694824219,93.82499694824219,93.82499694824219,93.82499694824219,139,0.0,0.0,2023-06-27
301,2023-06-27 11:54:00-04:00,93.9000015258789,93.9000015258789,93.9000015258789,93.9000015258789,1084,0.0,0.0,2023-06-27
302,2023-06-27 11:55:00-04:00,93.9000015258789,93.98999786376953,93.9000015258789,93.94999694824219,1618,0.0,0.0,2023-06-27
303,2023-06-27 11:56:00-04:00,93.92500305175781,93.92500305175781,93.92500305175781,93.92500305175781,358,0.0,0.0,2023-06-27
304,2023-06-27 11:59:00-04:00,93.87000274658203,93.87000274658203,93.87000274658203,93.87000274658203,324,0.0,0.0,2023-06-27
305,2023-06-27 12:00:00-04:00,93.87000274658203,93.93000030517578,93.87000274658203,93.93000030517578,453,0.0,0.0,2023-06-27
306,2023-06-27 12:01:00-04:00,93.93000030517578,93.98999786376953,93.93000030517578,93.95999908447266,2885,0.0,0.0,2023-06-27
307,2023-06-27 12:03:00-04:00,94.01000213623047,94.01000213623047,94.01000213623047,94.01000213623047,223,0.0,0.0,2023-06-27
308,2023-06-27 12:06:00-04:00,94.04499816894531,94.04499816894531,94.04499816894531,94.04499816894531,321,0.0,0.0,2023-06-27
309,2023-06-27 12:09:00-04:00,94.04000091552734,94.05000305175781,94.04000091552734,94.05000305175781,795,0.0,0.0,2023-06-27
310,2023-06-27 12:11:00-04:00,94.12999725341797,94.13999938964844,94.12999725341797,94.13999938964844,484,0.0,0.0,2023-06-27
311,2023-06-27 12:12:00-04:00,94.2300033569336,94.2300033569336,94.2300033569336,94.2300033569336,291,0.0,0.0,2023-06-27
312,2023-06-27 12:13:00-04:00,94.22000122070312,94.23999786376953,94.22000122070312,94.23999786376953,390,0.0,0.0,2023-06-27
313,2023-06-27 12:14:00-04:00,94.2699966430664,94.2699966430664,94.2699966430664,94.2699966430664,173,0.0,0.0,2023-06-27
314,2023-06-27 12:17:00-04:00,94.29000091552734,94.29000091552734,94.29000091552734,94.29000091552734,332,0.0,0.0,2023-06-27
315,2023-06-27 12:19:00-04:00,94.18000030517578,94.18000030517578,94.18000030517578,94.18000030517578,629,0.0,0.0,2023-06-27
316,2023-06-27 12:22:00-04:00,94.30000305175781,94.30000305175781,94.25,94.25,539,0.0,0.0,2023-06-27
317,2023-06-27 12:25:00-04:00,94.31999969482422,94.31999969482422,94.31999969482422,94.31999969482422,589,0.0,0.0,2023-06-27
318,2023-06-27 12:26:00-04:00,94.47000122070312,94.47000122070312,94.47000122070312,94.47000122070312,103,0.0,0.0,2023-06-27
319,2023-06-27 12:27:00-04:00,94.4800033569336,94.4800033569336,94.42769622802734,94.42769622802734,306,0.0,0.0,2023-06-27
320,2023-06-27 12:28:00-04:00,94.37000274658203,94.37000274658203,94.37000274658203,94.37000274658203,266,0.0,0.0,2023-06-27
321,2023-06-27 12:29:00-04:00,94.47000122070312,94.47000122070312,94.47000122070312,94.47000122070312,200,0.0,0.0,2023-06-27
322,2023-06-27 12:30:00-04:00,94.43499755859375,94.43499755859375,94.43499755859375,94.43499755859375,765,0.0,0.0,2023-06-27
323,2023-06-27 12:35:00-04:00,94.52999877929688,94.52999877929688,94.52999877929688,94.52999877929688,217,0.0,0.0,2023-06-27
324,2023-06-27 12:36:00-04:00,94.45050048828125,94.55000305175781,94.45050048828125,94.55000305175781,879,0.0,0.0,2023-06-27
325,2023-06-27 12:38:00-04:00,94.55000305175781,94.58999633789062,94.55000305175781,94.58999633789062,931,0.0,0.0,2023-06-27
326,2023-06-27 12:39:00-04:00,94.62999725341797,94.62999725341797,94.62999725341797,94.62999725341797,474,0.0,0.0,2023-06-27
327,2023-06-27 12:40:00-04:00,94.58499908447266,94.58499908447266,94.55000305175781,94.55500030517578,495,0.0,0.0,2023-06-27
328,2023-06-27 12:42:00-04:00,94.48999786376953,94.48999786376953,94.48999786376953,94.48999786376953,101,0.0,0.0,2023-06-27
329,2023-06-27 12:43:00-04:00,94.48999786376953,94.48999786376953,94.44999694824219,94.44999694824219,330,0.0,0.0,2023-06-27
330,2023-06-27 12:45:00-04:00,94.43000030517578,94.43000030517578,94.43000030517578,94.43000030517578,112,0.0,0.0,2023-06-27
331,2023-06-27 12:46:00-04:00,94.43000030517578,94.5199966430664,94.43000030517578,94.5199966430664,1254,0.0,0.0,2023-06-27
332,2023-06-27 12:48:00-04:00,94.6500015258789,94.6500015258789,94.6500015258789,94.6500015258789,114,0.0,0.0,2023-06-27
333,2023-06-27 12:49:00-04:00,94.68000030517578,94.68000030517578,94.68000030517578,94.68000030517578,249,0.0,0.0,2023-06-27
334,2023-06-27 12:51:00-04:00,94.66000366210938,94.72000122070312,94.62999725341797,94.6500015258789,920,0.0,0.0,2023-06-27
335,2023-06-27 12:54:00-04:00,94.6449966430664,94.6449966430664,94.6449966430664,94.6449966430664,212,0.0,0.0,2023-06-27
336,2023-06-27 12:56:00-04:00,94.55999755859375,94.55999755859375,94.55999755859375,94.55999755859375,628,0.0,0.0,2023-06-27
337,2023-06-27 12:57:00-04:00,94.54000091552734,94.56999969482422,94.52999877929688,94.56999969482422,1023,0.0,0.0,2023-06-27
338,2023-06-27 12:58:00-04:00,94.58000183105469,94.5999984741211,94.56999969482422,94.5999984741211,1096,0.0,0.0,2023-06-27
339,2023-06-27 12:59:00-04:00,94.62000274658203,94.65499877929688,94.62000274658203,94.65499877929688,565,0.0,0.0,2023-06-27
340,2023-06-27 13:00:00-04:00,94.65499877929688,94.65499877929688,94.65499877929688,94.65499877929688,170,0.0,0.0,2023-06-27
341,2023-06-27 13:01:00-04:00,94.65499877929688,94.65499877929688,94.65499877929688,94.65499877929688,387,0.0,0.0,2023-06-27
342,2023-06-27 13:06:00-04:00,94.65499877929688,94.65499877929688,94.65499877929688,94.65499877929688,307,0.0,0.0,2023-06-27
343,2023-06-27 13:10:00-04:00,94.58000183105469,94.58000183105469,94.55000305175781,94.55000305175781,634,0.0,0.0,2023-06-27
344,2023-06-27 13:12:00-04:00,94.59500122070312,94.59500122070312,94.59500122070312,94.59500122070312,591,0.0,0.0,2023-06-27
345,2023-06-27 13:15:00-04:00,94.70999908447266,94.70999908447266,94.70999908447266,94.70999908447266,171,0.0,0.0,2023-06-27
346,2023-06-27 13:16:00-04:00,94.70999908447266,94.75,94.70999908447266,94.75,342,0.0,0.0,2023-06-27
347,2023-06-27 13:17:00-04:00,94.76000213623047,94.76000213623047,94.76000213623047,94.76000213623047,367,0.0,0.0,2023-06-27
348,2023-06-27 13:18:00-04:00,94.76000213623047,94.76000213623047,94.76000213623047,94.76000213623047,540,0.0,0.0,2023-06-27
349,2023-06-27 13:21:00-04:00,94.80999755859375,94.86000061035156,94.80999755859375,94.86000061035156,404,0.0,0.0,2023-06-27
350,2023-06-27 13:22:00-04:00,94.88500213623047,94.88500213623047,94.88500213623047,94.88500213623047,131,0.0,0.0,2023-06-27
351,2023-06-27 13:23:00-04:00,94.93000030517578,94.94000244140625,94.93000030517578,94.94000244140625,386,0.0,0.0,2023-06-27
352,2023-06-27 13:24:00-04:00,94.94000244140625,94.94000244140625,94.94000244140625,94.94000244140625,287,0.0,0.0,2023-06-27
353,2023-06-27 13:25:00-04:00,94.94000244140625,94.94000244140625,94.94000244140625,94.94000244140625,355,0.0,0.0,2023-06-27
354,2023-06-27 13:26:00-04:00,94.87000274658203,94.87999725341797,94.86000061035156,94.87999725341797,546,0.0,0.0,2023-06-27
355,2023-06-27 13:28:00-04:00,94.86000061035156,94.87000274658203,94.8499984741211,94.8499984741211,737,0.0,0.0,2023-06-27
356,2023-06-27 13:29:00-04:00,94.81999969482422,94.81999969482422,94.76000213623047,94.7699966430664,943,0.0,0.0,2023-06-27
357,2023-06-27 13:30:00-04:00,94.73999786376953,94.73999786376953,94.73999786376953,94.73999786376953,436,0.0,0.0,2023-06-27
358,2023-06-27 13:31:00-04:00,94.80000305175781,94.80000305175781,94.80000305175781,94.80000305175781,671,0.0,0.0,2023-06-27
359,2023-06-27 13:36:00-04:00,94.88999938964844,94.88999938964844,94.88999938964844,94.88999938964844,227,0.0,0.0,2023-06-27
360,2023-06-27 13:37:00-04:00,94.87249755859375,94.9000015258789,94.81999969482422,94.84500122070312,2173,0.0,0.0,2023-06-27
361,2023-06-27 13:38:00-04:00,94.83999633789062,94.86000061035156,94.83999633789062,94.83999633789062,341,0.0,0.0,2023-06-27
362,2023-06-27 13:39:00-04:00,94.83999633789062,94.83999633789062,94.83999633789062,94.83999633789062,510,0.0,0.0,2023-06-27
363,2023-06-27 13:40:00-04:00,94.84500122070312,94.84500122070312,94.84500122070312,94.84500122070312,310,0.0,0.0,2023-06-27
364,2023-06-27 13:42:00-04:00,94.88999938964844,94.88999938964844,94.88999938964844,94.88999938964844,354,0.0,0.0,2023-06-27
365,2023-06-27 13:43:00-04:00,94.88500213623047,94.88500213623047,94.88500213623047,94.88500213623047,713,0.0,0.0,2023-06-27
366,2023-06-27 13:47:00-04:00,94.83999633789062,94.83999633789062,94.83000183105469,94.83000183105469,2383,0.0,0.0,2023-06-27
367,2023-06-27 13:48:00-04:00,94.81999969482422,94.81999969482422,94.81999969482422,94.81999969482422,563,0.0,0.0,2023-06-27
368,2023-06-27 13:52:00-04:00,94.81500244140625,94.81500244140625,94.81500244140625,94.81500244140625,630,0.0,0.0,2023-06-27
369,2023-06-27 13:55:00-04:00,94.87999725341797,94.87999725341797,94.87999725341797,94.87999725341797,159,0.0,0.0,2023-06-27
370,2023-06-27 13:57:00-04:00,94.7699966430664,94.77999877929688,94.7699966430664,94.7699966430664,823,0.0,0.0,2023-06-27
371,2023-06-27 13:58:00-04:00,94.76000213623047,94.7699966430664,94.65499877929688,94.65499877929688,778,0.0,0.0,2023-06-27
372,2023-06-27 13:59:00-04:00,94.7300033569336,94.7300033569336,94.7300033569336,94.7300033569336,1082,0.0,0.0,2023-06-27
373,2023-06-27 14:05:00-04:00,94.76499938964844,94.76499938964844,94.76499938964844,94.76499938964844,271,0.0,0.0,2023-06-27
374,2023-06-27 14:06:00-04:00,94.80999755859375,94.80999755859375,94.80999755859375,94.80999755859375,639,0.0,0.0,2023-06-27
375,2023-06-27 14:07:00-04:00,94.81999969482422,94.81999969482422,94.81999969482422,94.81999969482422,362,0.0,0.0,2023-06-27
376,2023-06-27 14:08:00-04:00,94.83000183105469,94.83000183105469,94.83000183105469,94.83000183105469,168,0.0,0.0,2023-06-27
377,2023-06-27 14:09:00-04:00,94.83000183105469,94.83000183105469,94.83000183105469,94.83000183105469,343,0.0,0.0,2023-06-27
378,2023-06-27 14:13:00-04:00,94.75,94.75,94.70999908447266,94.7300033569336,797,0.0,0.0,2023-06-27
379,2023-06-27 14:14:00-04:00,94.58000183105469,94.58000183105469,94.58000183105469,94.58000183105469,562,0.0,0.0,2023-06-27
380,2023-06-27 14:16:00-04:00,94.63999938964844,94.63999938964844,94.63999938964844,94.63999938964844,450,0.0,0.0,2023-06-27
381,2023-06-27 14:17:00-04:00,94.68000030517578,94.68000030517578,94.68000030517578,94.68000030517578,329,0.0,0.0,2023-06-27
382,2023-06-27 14:22:00-04:00,94.75,94.75,94.75,94.75,436,0.0,0.0,2023-06-27
383,2023-06-27 14:26:00-04:00,94.72000122070312,94.75,94.72000122070312,94.75,954,0.0,0.0,2023-06-27
384,2023-06-27 14:27:00-04:00,94.73500061035156,94.73999786376953,94.73500061035156,94.73999786376953,231,0.0,0.0,2023-06-27
385,2023-06-27 14:28:00-04:00,94.79000091552734,94.79000091552734,94.79000091552734,94.79000091552734,488,0.0,0.0,2023-06-27
386,2023-06-27 14:31:00-04:00,94.7300033569336,94.7300033569336,94.7300033569336,94.7300033569336,278,0.0,0.0,2023-06-27
387,2023-06-27 14:32:00-04:00,94.76000213623047,94.76000213623047,94.72000122070312,94.72000122070312,294,0.0,0.0,2023-06-27
388,2023-06-27 14:33:00-04:00,94.69000244140625,94.7699966430664,94.69000244140625,94.7699966430664,467,0.0,0.0,2023-06-27
389,2023-06-27 14:34:00-04:00,94.7300033569336,94.7300033569336,94.7300033569336,94.7300033569336,370,0.0,0.0,2023-06-27
390,2023-06-27 14:36:00-04:00,94.77999877929688,94.77999877929688,94.77999877929688,94.77999877929688,576,0.0,0.0,2023-06-27
391,2023-06-27 14:40:00-04:00,94.75749969482422,94.81999969482422,94.73999786376953,94.77999877929688,456,0.0,0.0,2023-06-27
392,2023-06-27 14:41:00-04:00,94.7699966430664,94.7699966430664,94.63999938964844,94.70999908447266,1332,0.0,0.0,2023-06-27
393,2023-06-27 14:44:00-04:00,94.7249984741211,94.7249984741211,94.7249984741211,94.7249984741211,713,0.0,0.0,2023-06-27
394,2023-06-27 14:50:00-04:00,94.77999877929688,94.77999877929688,94.77999877929688,94.77999877929688,100,0.0,0.0,2023-06-27
395,2023-06-27 14:51:00-04:00,94.74500274658203,94.74500274658203,94.74500274658203,94.74500274658203,269,0.0,0.0,2023-06-27
396,2023-06-27 14:52:00-04:00,94.69999694824219,94.73999786376953,94.66999816894531,94.66999816894531,1711,0.0,0.0,2023-06-27
397,2023-06-27 14:53:00-04:00,94.69999694824219,94.69999694824219,94.69999694824219,94.69999694824219,676,0.0,0.0,2023-06-27
398,2023-06-27 14:59:00-04:00,94.67500305175781,94.67500305175781,94.66000366210938,94.67500305175781,1335,0.0,0.0,2023-06-27
399,2023-06-27 15:00:00-04:00,94.69000244140625,94.7699966430664,94.69000244140625,94.7699966430664,707,0.0,0.0,2023-06-27
400,2023-06-27 15:02:00-04:00,94.77999877929688,94.77999877929688,94.77999877929688,94.77999877929688,299,0.0,0.0,2023-06-27
401,2023-06-27 15:04:00-04:00,94.75499725341797,94.75499725341797,94.75499725341797,94.75499725341797,117,0.0,0.0,2023-06-27
402,2023-06-27 15:05:00-04:00,94.80000305175781,94.80000305175781,94.80000305175781,94.80000305175781,101,0.0,0.0,2023-06-27
403,2023-06-27 15:06:00-04:00,94.79499816894531,94.79499816894531,94.76000213623047,94.76000213623047,533,0.0,0.0,2023-06-27
404,2023-06-27 15:07:00-04:00,94.81999969482422,94.81999969482422,94.81999969482422,94.81999969482422,324,0.0,0.0,2023-06-27
405,2023-06-27 15:08:00-04:00,94.79000091552734,94.79000091552734,94.79000091552734,94.79000091552734,133,0.0,0.0,2023-06-27
406,2023-06-27 15:09:00-04:00,94.82499694824219,94.82499694824219,94.82499694824219,94.82499694824219,131,0.0,0.0,2023-06-27
407,2023-06-27 15:10:00-04:00,94.7750015258789,94.7750015258789,94.7750015258789,94.7750015258789,178,0.0,0.0,2023-06-27
408,2023-06-27 15:11:00-04:00,94.7300033569336,94.73999786376953,94.68000030517578,94.68000030517578,1112,0.0,0.0,2023-06-27
409,2023-06-27 15:12:00-04:00,94.69999694824219,94.69999694824219,94.62999725341797,94.62999725341797,1710,0.0,0.0,2023-06-27
410,2023-06-27 15:14:00-04:00,94.70500183105469,94.70500183105469,94.70500183105469,94.70500183105469,182,0.0,0.0,2023-06-27
411,2023-06-27 15:15:00-04:00,94.69000244140625,94.69000244140625,94.69000244140625,94.69000244140625,334,0.0,0.0,2023-06-27
412,2023-06-27 15:17:00-04:00,94.75,94.80000305175781,94.75,94.80000305175781,448,0.0,0.0,2023-06-27
413,2023-06-27 15:19:00-04:00,94.75499725341797,94.75499725341797,94.75499725341797,94.75499725341797,273,0.0,0.0,2023-06-27
414,2023-06-27 15:21:00-04:00,94.75499725341797,94.75499725341797,94.75499725341797,94.75499725341797,132,0.0,0.0,2023-06-27
415,2023-06-27 15:22:00-04:00,94.80000305175781,94.80000305175781,94.75,94.75,512,0.0,0.0,2023-06-27
416,2023-06-27 15:23:00-04:00,94.75,94.77999877929688,94.75,94.77999877929688,503,0.0,0.0,2023-06-27
417,2023-06-27 15:25:00-04:00,94.75,94.75,94.75,94.75,862,0.0,0.0,2023-06-27
418,2023-06-27 15:28:00-04:00,94.8499984741211,94.88999938964844,94.8499984741211,94.88999938964844,654,0.0,0.0,2023-06-27
419,2023-06-27 15:29:00-04:00,94.87000274658203,94.87000274658203,94.80000305175781,94.80000305175781,1498,0.0,0.0,2023-06-27
420,2023-06-27 15:30:00-04:00,94.79000091552734,94.79000091552734,94.77999877929688,94.77999877929688,254,0.0,0.0,2023-06-27
421,2023-06-27 15:31:00-04:00,94.7750015258789,94.80999755859375,94.7300033569336,94.79000091552734,1646,0.0,0.0,2023-06-27
422,2023-06-27 15:32:00-04:00,94.76000213623047,94.80999755859375,94.7300033569336,94.7300033569336,992,0.0,0.0,2023-06-27
423,2023-06-27 15:33:00-04:00,94.75499725341797,94.79499816894531,94.75499725341797,94.79499816894531,446,0.0,0.0,2023-06-27
424,2023-06-27 15:34:00-04:00,94.75,94.75,94.67500305175781,94.67500305175781,657,0.0,0.0,2023-06-27
425,2023-06-27 15:35:00-04:00,94.69999694824219,94.69999694824219,94.69999694824219,94.69999694824219,140,0.0,0.0,2023-06-27
426,2023-06-27 15:36:00-04:00,94.62999725341797,94.62999725341797,94.5999984741211,94.5999984741211,214,0.0,0.0,2023-06-27
427,2023-06-27 15:37:00-04:00,94.56999969482422,94.61000061035156,94.56999969482422,94.61000061035156,498,0.0,0.0,2023-06-27
428,2023-06-27 15:39:00-04:00,94.55999755859375,94.66000366210938,94.55999755859375,94.66000366210938,220,0.0,0.0,2023-06-27
429,2023-06-27 15:40:00-04:00,94.61000061035156,94.75,94.61000061035156,94.66000366210938,612,0.0,0.0,2023-06-27
430,2023-06-27 15:41:00-04:00,94.66999816894531,94.66999816894531,94.66999816894531,94.66999816894531,396,0.0,0.0,2023-06-27
431,2023-06-27 15:43:00-04:00,94.72000122070312,94.73999786376953,94.72000122070312,94.73999786376953,333,0.0,0.0,2023-06-27
432,2023-06-27 15:44:00-04:00,94.71499633789062,94.71499633789062,94.71499633789062,94.71499633789062,100,0.0,0.0,2023-06-27
433,2023-06-27 15:45:00-04:00,94.73500061035156,94.73999786376953,94.73500061035156,94.73999786376953,606,0.0,0.0,2023-06-27
434,2023-06-27 15:46:00-04:00,94.74500274658203,94.74500274658203,94.68000030517578,94.70999908447266,1265,0.0,0.0,2023-06-27
435,2023-06-27 15:47:00-04:00,94.72000122070312,94.75,94.72000122070312,94.72000122070312,411,0.0,0.0,2023-06-27
436,2023-06-27 15:48:00-04:00,94.7249984741211,94.76499938964844,94.7249984741211,94.76499938964844,511,0.0,0.0,2023-06-27
437,2023-06-27 15:49:00-04:00,94.71499633789062,94.71499633789062,94.71499633789062,94.71499633789062,260,0.0,0.0,2023-06-27
438,2023-06-27 15:50:00-04:00,94.68000030517578,94.80999755859375,94.68000030517578,94.80999755859375,5426,0.0,0.0,2023-06-27
439,2023-06-27 15:51:00-04:00,94.75,94.80999755859375,94.7249984741211,94.7300033569336,6096,0.0,0.0,2023-06-27
440,2023-06-27 15:52:00-04:00,94.74500274658203,94.76000213623047,94.7300033569336,94.7300033569336,600,0.0,0.0,2023-06-27
441,2023-06-27 15:53:00-04:00,94.74500274658203,94.76000213623047,94.66999816894531,94.76000213623047,3831,0.0,0.0,2023-06-27
442,2023-06-27 15:54:00-04:00,94.79000091552734,94.79000091552734,94.69000244140625,94.69000244140625,1216,0.0,0.0,2023-06-27
443,2023-06-27 15:55:00-04:00,94.6500015258789,94.6500015258789,94.48999786376953,94.48999786376953,3540,0.0,0.0,2023-06-27
444,2023-06-27 15:56:00-04:00,94.54000091552734,94.54000091552734,94.54000091552734,94.54000091552734,1253,0.0,0.0,2023-06-27
445,2023-06-27 15:57:00-04:00,94.47000122070312,94.47000122070312,94.33000183105469,94.36000061035156,5573,0.0,0.0,2023-06-27
446,2023-06-27 15:58:00-04:00,94.37000274658203,94.37999725341797,94.34500122070312,94.37999725341797,2394,0.0,0.0,2023-06-27
447,2023-06-27 15:59:00-04:00,94.33000183105469,94.45999908447266,94.31999969482422,94.45999908447266,9759,0.0,0.0,2023-06-27
448,2023-06-28 09:30:00-04:00,94.27999877929688,94.27999877929688,94.27999877929688,94.27999877929688,3849,0.0,0.0,2023-06-28
449,2023-06-28 09:32:00-04:00,94.2750015258789,94.2750015258789,93.90579986572266,94.11000061035156,315,0.0,0.0,2023-06-28
450,2023-06-28 09:33:00-04:00,94.26000213623047,94.26000213623047,94.25,94.25,726,0.0,0.0,2023-06-28
451,2023-06-28 09:34:00-04:00,94.38500213623047,94.38500213623047,94.08999633789062,94.08999633789062,1267,0.0,0.0,2023-06-28
452,2023-06-28 09:37:00-04:00,94.16000366210938,94.4000015258789,94.16000366210938,94.37999725341797,1173,0.0,0.0,2023-06-28
453,2023-06-28 09:38:00-04:00,94.80500030517578,94.80500030517578,94.69999694824219,94.77999877929688,691,0.0,0.0,2023-06-28
454,2023-06-28 09:39:00-04:00,94.63999938964844,94.63999938964844,94.44499969482422,94.54499816894531,464,0.0,0.0,2023-06-28
455,2023-06-28 09:43:00-04:00,94.62000274658203,94.62000274658203,94.62000274658203,94.62000274658203,100,0.0,0.0,2023-06-28
456,2023-06-28 09:44:00-04:00,94.69999694824219,95.12999725341797,94.69999694824219,95.1050033569336,1396,0.0,0.0,2023-06-28
457,2023-06-28 09:45:00-04:00,95.08999633789062,95.08999633789062,95.08999633789062,95.08999633789062,358,0.0,0.0,2023-06-28
458,2023-06-28 09:48:00-04:00,94.8499984741211,94.88999938964844,94.8499984741211,94.88999938964844,703,0.0,0.0,2023-06-28
459,2023-06-28 09:49:00-04:00,94.7699966430664,94.77999877929688,94.66000366210938,94.66000366210938,867,0.0,0.0,2023-06-28
460,2023-06-28 09:50:00-04:00,94.66999816894531,94.66999816894531,94.66999816894531,94.66999816894531,191,0.0,0.0,2023-06-28
461,2023-06-28 09:51:00-04:00,94.56999969482422,94.83000183105469,94.56999969482422,94.83000183105469,1330,0.0,0.0,2023-06-28
462,2023-06-28 09:52:00-04:00,94.81999969482422,94.81999969482422,94.81999969482422,94.81999969482422,247,0.0,0.0,2023-06-28
463,2023-06-28 09:55:00-04:00,94.91999816894531,94.91999816894531,94.91999816894531,94.91999816894531,563,0.0,0.0,2023-06-28
464,2023-06-28 09:58:00-04:00,95.05999755859375,95.06999969482422,95.05500030517578,95.05500030517578,317,0.0,0.0,2023-06-28
465,2023-06-28 09:59:00-04:00,95.08499908447266,95.08499908447266,95.08499908447266,95.08499908447266,304,0.0,0.0,2023-06-28
466,2023-06-28 10:00:00-04:00,95.08999633789062,95.08999633789062,95.08999633789062,95.08999633789062,225,0.0,0.0,2023-06-28
467,2023-06-28 10:02:00-04:00,95.16999816894531,95.16999816894531,95.16999816894531,95.16999816894531,284,0.0,0.0,2023-06-28
468,2023-06-28 10:05:00-04:00,95.12000274658203,95.13999938964844,95.12000274658203,95.125,350,0.0,0.0,2023-06-28
469,2023-06-28 10:08:00-04:00,95.08999633789062,95.08999633789062,95.01000213623047,95.01000213623047,1027,0.0,0.0,2023-06-28
470,2023-06-28 10:10:00-04:00,94.86000061035156,94.91000366210938,94.86000061035156,94.91000366210938,242,0.0,0.0,2023-06-28
471,2023-06-28 10:11:00-04:00,94.80999755859375,94.80999755859375,94.80999755859375,94.80999755859375,356,0.0,0.0,2023-06-28
472,2023-06-28 10:12:00-04:00,94.80000305175781,94.80000305175781,94.80000305175781,94.80000305175781,332,0.0,0.0,2023-06-28
473,2023-06-28 10:14:00-04:00,94.7300033569336,94.7300033569336,94.62999725341797,94.63999938964844,1504,0.0,0.0,2023-06-28
474,2023-06-28 10:15:00-04:00,94.69999694824219,94.7699966430664,94.66000366210938,94.7699966430664,1553,0.0,0.0,2023-06-28
475,2023-06-28 10:17:00-04:00,94.73999786376953,94.73999786376953,94.73999786376953,94.73999786376953,432,0.0,0.0,2023-06-28
476,2023-06-28 10:18:00-04:00,94.51000213623047,94.51000213623047,94.51000213623047,94.51000213623047,271,0.0,0.0,2023-06-28
477,2023-06-28 10:19:00-04:00,94.58999633789062,94.58999633789062,94.58999633789062,94.58999633789062,119,0.0,0.0,2023-06-28
478,2023-06-28 10:20:00-04:00,94.72000122070312,94.72000122070312,94.61499786376953,94.72000122070312,1316,0.0,0.0,2023-06-28
479,2023-06-28 10:21:00-04:00,94.5999984741211,94.5999984741211,94.56999969482422,94.56999969482422,398,0.0,0.0,2023-06-28
480,2023-06-28 10:22:00-04:00,94.47000122070312,94.4749984741211,94.3499984741211,94.3499984741211,564,0.0,0.0,2023-06-28
481,2023-06-28 10:23:00-04:00,94.5,94.5,94.25,94.25,324,0.0,0.0,2023-06-28
482,2023-06-28 10:24:00-04:00,94.27999877929688,94.27999877929688,94.1500015258789,94.1500015258789,521,0.0,0.0,2023-06-28
483,2023-06-28 10:25:00-04:00,94.04000091552734,94.04000091552734,93.94000244140625,93.94000244140625,734,0.0,0.0,2023-06-28
484,2023-06-28 10:26:00-04:00,93.91999816894531,93.91999816894531,93.91999816894531,93.91999816894531,123,0.0,0.0,2023-06-28
485,2023-06-28 10:27:00-04:00,93.94000244140625,93.98999786376953,93.94000244140625,93.98999786376953,885,0.0,0.0,2023-06-28
486,2023-06-28 10:28:00-04:00,93.98999786376953,94.05999755859375,93.98999786376953,94.05999755859375,794,0.0,0.0,2023-06-28
487,2023-06-28 10:29:00-04:00,93.95999908447266,93.95999908447266,93.88999938964844,93.88999938964844,482,0.0,0.0,2023-06-28
488,2023-06-28 10:30:00-04:00,94.06999969482422,94.30000305175781,94.06999969482422,94.19999694824219,1585,0.0,0.0,2023-06-28
489,2023-06-28 10:34:00-04:00,94.34159851074219,94.34159851074219,94.34159851074219,94.34159851074219,380,0.0,0.0,2023-06-28
490,2023-06-28 10:35:00-04:00,94.3499984741211,94.3499984741211,94.3499984741211,94.3499984741211,288,0.0,0.0,2023-06-28
491,2023-06-28 10:38:00-04:00,94.44000244140625,94.44000244140625,94.44000244140625,94.44000244140625,413,0.0,0.0,2023-06-28
492,2023-06-28 10:40:00-04:00,94.58000183105469,94.58000183105469,94.58000183105469,94.58000183105469,547,0.0,0.0,2023-06-28
493,2023-06-28 10:43:00-04:00,94.62999725341797,94.62999725341797,94.62999725341797,94.62999725341797,327,0.0,0.0,2023-06-28
494,2023-06-28 10:44:00-04:00,94.58999633789062,94.58999633789062,94.48999786376953,94.48999786376953,497,0.0,0.0,2023-06-28
495,2023-06-28 10:45:00-04:00,94.52999877929688,94.52999877929688,94.44000244140625,94.44000244140625,687,0.0,0.0,2023-06-28
496,2023-06-28 10:47:00-04:00,94.44000244140625,94.44000244140625,94.37000274658203,94.37000274658203,719,0.0,0.0,2023-06-28
497,2023-06-28 10:50:00-04:00,94.32499694824219,94.32499694824219,94.32499694824219,94.32499694824219,329,0.0,0.0,2023-06-28
498,2023-06-28 10:51:00-04:00,94.30999755859375,94.30999755859375,94.30999755859375,94.30999755859375,926,0.0,0.0,2023-06-28
499,2023-06-28 10:53:00-04:00,94.25499725341797,94.25499725341797,94.25499725341797,94.25499725341797,155,0.0,0.0,2023-06-28
500,2023-06-28 10:55:00-04:00,94.2300033569336,94.2300033569336,94.13999938964844,94.13999938964844,293,0.0,0.0,2023-06-28
501,2023-06-28 10:56:00-04:00,94.13999938964844,94.16999816894531,94.11000061035156,94.11000061035156,633,0.0,0.0,2023-06-28
502,2023-06-28 10:57:00-04:00,94.23999786376953,94.3499984741211,94.23999786376953,94.3499984741211,981,0.0,0.0,2023-06-28
503,2023-06-28 11:02:00-04:00,94.3499984741211,94.3499984741211,94.34500122070312,94.34500122070312,1688,0.0,0.0,2023-06-28
504,2023-06-28 11:03:00-04:00,94.3499984741211,94.3499984741211,94.3499984741211,94.3499984741211,138,0.0,0.0,2023-06-28
505,2023-06-28 11:06:00-04:00,94.31500244140625,94.37000274658203,94.28009796142578,94.34500122070312,1106,0.0,0.0,2023-06-28
506,2023-06-28 11:07:00-04:00,94.27999877929688,94.30000305175781,94.27999877929688,94.30000305175781,968,0.0,0.0,2023-06-28
507,2023-06-28 11:10:00-04:00,94.41999816894531,94.5199966430664,94.41999816894531,94.51499938964844,1133,0.0,0.0,2023-06-28
508,2023-06-28 11:13:00-04:00,94.30999755859375,94.30999755859375,94.2699966430664,94.2699966430664,714,0.0,0.0,2023-06-28
509,2023-06-28 11:15:00-04:00,94.37999725341797,94.37999725341797,94.37999725341797,94.37999725341797,347,0.0,0.0,2023-06-28
510,2023-06-28 11:16:00-04:00,94.44999694824219,94.45500183105469,94.44999694824219,94.45500183105469,235,0.0,0.0,2023-06-28
511,2023-06-28 11:17:00-04:00,94.4800033569336,94.4800033569336,94.41000366210938,94.41000366210938,402,0.0,0.0,2023-06-28
512,2023-06-28 11:18:00-04:00,94.5199966430664,94.5199966430664,94.51499938964844,94.51499938964844,533,0.0,0.0,2023-06-28
513,2023-06-28 11:19:00-04:00,94.51000213623047,94.51000213623047,94.51000213623047,94.51000213623047,303,0.0,0.0,2023-06-28
514,2023-06-28 11:21:00-04:00,94.48999786376953,94.48999786376953,94.48999786376953,94.48999786376953,154,0.0,0.0,2023-06-28
515,2023-06-28 11:22:00-04:00,94.43000030517578,94.43000030517578,94.41999816894531,94.43000030517578,715,0.0,0.0,2023-06-28
516,2023-06-28 11:23:00-04:00,94.47000122070312,94.47000122070312,94.36650085449219,94.36650085449219,4149,0.0,0.0,2023-06-28
517,2023-06-28 11:24:00-04:00,94.36000061035156,94.36000061035156,94.30999755859375,94.31999969482422,2074,0.0,0.0,2023-06-28
518,2023-06-28 11:25:00-04:00,94.29000091552734,94.33000183105469,94.24500274658203,94.24500274658203,337,0.0,0.0,2023-06-28
519,2023-06-28 11:26:00-04:00,94.29000091552734,94.30999755859375,94.29000091552734,94.30999755859375,714,0.0,0.0,2023-06-28
520,2023-06-28 11:27:00-04:00,94.3550033569336,94.36000061035156,94.33999633789062,94.36000061035156,793,0.0,0.0,2023-06-28
521,2023-06-28 11:28:00-04:00,94.30999755859375,94.3499984741211,94.30999755859375,94.33999633789062,984,0.0,0.0,2023-06-28
522,2023-06-28 11:29:00-04:00,94.37000274658203,94.37000274658203,94.33999633789062,94.33999633789062,574,0.0,0.0,2023-06-28
523,2023-06-28 11:31:00-04:00,94.45999908447266,94.45999908447266,94.45999908447266,94.45999908447266,414,0.0,0.0,2023-06-28
524,2023-06-28 11:32:00-04:00,94.5199966430664,94.5199966430664,94.5199966430664,94.5199966430664,501,0.0,0.0,2023-06-28
525,2023-06-28 11:36:00-04:00,94.55000305175781,94.55000305175781,94.5199966430664,94.5199966430664,670,0.0,0.0,2023-06-28
526,2023-06-28 11:39:00-04:00,94.61499786376953,94.61499786376953,94.61499786376953,94.61499786376953,212,0.0,0.0,2023-06-28
527,2023-06-28 11:41:00-04:00,94.59500122070312,94.59500122070312,94.59500122070312,94.59500122070312,112,0.0,0.0,2023-06-28
528,2023-06-28 11:42:00-04:00,94.66000366210938,94.66000366210938,94.66000366210938,94.66000366210938,102,0.0,0.0,2023-06-28
529,2023-06-28 11:43:00-04:00,94.66000366210938,94.66000366210938,94.66000366210938,94.66000366210938,243,0.0,0.0,2023-06-28
530,2023-06-28 11:46:00-04:00,94.66000366210938,94.66000366210938,94.66000366210938,94.66000366210938,220,0.0,0.0,2023-06-28
531,2023-06-28 11:48:00-04:00,94.58000183105469,94.58000183105469,94.58000183105469,94.58000183105469,201,0.0,0.0,2023-06-28
532,2023-06-28 11:49:00-04:00,94.51000213623047,94.51000213623047,94.45999908447266,94.45999908447266,537,0.0,0.0,2023-06-28
533,2023-06-28 11:50:00-04:00,94.56500244140625,94.56500244140625,94.56500244140625,94.56500244140625,131,0.0,0.0,2023-06-28
534,2023-06-28 11:51:00-04:00,94.4800033569336,94.4800033569336,94.44000244140625,94.44000244140625,1490,0.0,0.0,2023-06-28
535,2023-06-28 11:57:00-04:00,94.38999938964844,94.38999938964844,94.38999938964844,94.38999938964844,293,0.0,0.0,2023-06-28
536,2023-06-28 11:58:00-04:00,94.36000061035156,94.36499786376953,94.36000061035156,94.36499786376953,399,0.0,0.0,2023-06-28
537,2023-06-28 11:59:00-04:00,94.41000366210938,94.41000366210938,94.41000366210938,94.41000366210938,334,0.0,0.0,2023-06-28
538,2023-06-28 12:02:00-04:00,94.44000244140625,94.5,94.44000244140625,94.5,1373,0.0,0.0,2023-06-28
539,2023-06-28 12:03:00-04:00,94.3499984741211,94.3499984741211,94.3499984741211,94.3499984741211,200,0.0,0.0,2023-06-28
540,2023-06-28 12:04:00-04:00,94.30999755859375,94.41999816894531,94.30999755859375,94.41999816894531,1164,0.0,0.0,2023-06-28
541,2023-06-28 12:09:00-04:00,94.55999755859375,94.55999755859375,94.55999755859375,94.55999755859375,697,0.0,0.0,2023-06-28
542,2023-06-28 12:12:00-04:00,94.69000244140625,94.71499633789062,94.69000244140625,94.71499633789062,359,0.0,0.0,2023-06-28
543,2023-06-28 12:13:00-04:00,94.73999786376953,94.73999786376953,94.73999786376953,94.73999786376953,392,0.0,0.0,2023-06-28
544,2023-06-28 12:14:00-04:00,94.73999786376953,94.73999786376953,94.73999786376953,94.73999786376953,489,0.0,0.0,2023-06-28
545,2023-06-28 12:17:00-04:00,94.94000244140625,94.94000244140625,94.94000244140625,94.94000244140625,233,0.0,0.0,2023-06-28
546,2023-06-28 12:18:00-04:00,95.0,95.0,95.0,95.0,169,0.0,0.0,2023-06-28
547,2023-06-28 12:19:00-04:00,95.0,95.0,94.95999908447266,94.95999908447266,510,0.0,0.0,2023-06-28
548,2023-06-28 12:20:00-04:00,94.91999816894531,94.91999816894531,94.75499725341797,94.80000305175781,1152,0.0,0.0,2023-06-28
549,2023-06-28 12:21:00-04:00,94.80000305175781,94.80000305175781,94.77999877929688,94.77999877929688,576,0.0,0.0,2023-06-28
550,2023-06-28 12:27:00-04:00,94.77999877929688,94.77999877929688,94.70999908447266,94.70999908447266,599,0.0,0.0,2023-06-28
551,2023-06-28 12:28:00-04:00,94.6500015258789,94.6500015258789,94.6500015258789,94.6500015258789,303,0.0,0.0,2023-06-28
552,2023-06-28 12:29:00-04:00,94.69000244140625,94.69000244140625,94.66000366210938,94.66000366210938,538,0.0,0.0,2023-06-28
553,2023-06-28 12:30:00-04:00,94.76000213623047,94.76000213623047,94.75,94.75,1040,0.0,0.0,2023-06-28
554,2023-06-28 12:34:00-04:00,94.8499984741211,94.8499984741211,94.8499984741211,94.8499984741211,549,0.0,0.0,2023-06-28
555,2023-06-28 12:41:00-04:00,94.86000061035156,94.86000061035156,94.79750061035156,94.79750061035156,1268,0.0,0.0,2023-06-28
556,2023-06-28 12:43:00-04:00,94.7300033569336,94.7300033569336,94.7300033569336,94.7300033569336,589,0.0,0.0,2023-06-28
557,2023-06-28 12:44:00-04:00,94.69999694824219,94.69999694824219,94.66000366210938,94.69000244140625,806,0.0,0.0,2023-06-28
558,2023-06-28 12:45:00-04:00,94.66000366210938,94.66000366210938,94.66000366210938,94.66000366210938,331,0.0,0.0,2023-06-28
559,2023-06-28 12:46:00-04:00,94.69999694824219,94.69999694824219,94.69999694824219,94.69999694824219,172,0.0,0.0,2023-06-28
560,2023-06-28 12:47:00-04:00,94.69000244140625,94.69000244140625,94.66999816894531,94.68000030517578,694,0.0,0.0,2023-06-28
561,2023-06-28 12:48:00-04:00,94.69000244140625,94.69000244140625,94.69000244140625,94.69000244140625,100,0.0,0.0,2023-06-28
562,2023-06-28 12:49:00-04:00,94.63999938964844,94.63999938964844,94.62000274658203,94.62999725341797,727,0.0,0.0,2023-06-28
563,2023-06-28 12:51:00-04:00,94.52999877929688,94.54000091552734,94.51000213623047,94.51000213623047,626,0.0,0.0,2023-06-28
564,2023-06-28 12:52:00-04:00,94.5999984741211,94.5999984741211,94.5999984741211,94.5999984741211,368,0.0,0.0,2023-06-28
565,2023-06-28 12:53:00-04:00,94.5999984741211,94.61000061035156,94.52999877929688,94.52999877929688,693,0.0,0.0,2023-06-28
566,2023-06-28 12:54:00-04:00,94.5,94.5,94.5,94.5,183,0.0,0.0,2023-06-28
567,2023-06-28 12:55:00-04:00,94.55500030517578,94.55500030517578,94.5,94.5,482,0.0,0.0,2023-06-28
568,2023-06-28 12:57:00-04:00,94.61000061035156,94.62000274658203,94.61000061035156,94.62000274658203,525,0.0,0.0,2023-06-28
569,2023-06-28 12:58:00-04:00,94.63999938964844,94.63999938964844,94.63999938964844,94.63999938964844,136,0.0,0.0,2023-06-28
570,2023-06-28 13:00:00-04:00,94.69000244140625,94.69000244140625,94.69000244140625,94.69000244140625,204,0.0,0.0,2023-06-28
571,2023-06-28 13:01:00-04:00,94.68000030517578,94.68000030517578,94.68000030517578,94.68000030517578,102,0.0,0.0,2023-06-28
572,2023-06-28 13:02:00-04:00,94.6500015258789,94.6500015258789,94.62999725341797,94.62999725341797,1196,0.0,0.0,2023-06-28
573,2023-06-28 13:10:00-04:00,94.68000030517578,94.68000030517578,94.66999816894531,94.66999816894531,714,0.0,0.0,2023-06-28
574,2023-06-28 13:14:00-04:00,94.69999694824219,94.69999694824219,94.68000030517578,94.68000030517578,706,0.0,0.0,2023-06-28
575,2023-06-28 13:18:00-04:00,94.70999908447266,94.70999908447266,94.70999908447266,94.70999908447266,209,0.0,0.0,2023-06-28
576,2023-06-28 13:19:00-04:00,94.72000122070312,94.72000122070312,94.72000122070312,94.72000122070312,247,0.0,0.0,2023-06-28
577,2023-06-28 13:20:00-04:00,94.7699966430664,94.80999755859375,94.7699966430664,94.80999755859375,410,0.0,0.0,2023-06-28
578,2023-06-28 13:22:00-04:00,94.79000091552734,94.79000091552734,94.79000091552734,94.79000091552734,155,0.0,0.0,2023-06-28
579,2023-06-28 13:24:00-04:00,94.79000091552734,94.79000091552734,94.79000091552734,94.79000091552734,202,0.0,0.0,2023-06-28
580,2023-06-28 13:25:00-04:00,94.83000183105469,94.83000183105469,94.83000183105469,94.83000183105469,401,0.0,0.0,2023-06-28
581,2023-06-28 13:26:00-04:00,94.79000091552734,94.79000091552734,94.79000091552734,94.79000091552734,137,0.0,0.0,2023-06-28
582,2023-06-28 13:27:00-04:00,94.83999633789062,94.83999633789062,94.83999633789062,94.83999633789062,738,0.0,0.0,2023-06-28
583,2023-06-28 13:32:00-04:00,94.7699966430664,94.7699966430664,94.7699966430664,94.7699966430664,680,0.0,0.0,2023-06-28
584,2023-06-28 13:41:00-04:00,94.7300033569336,94.7699966430664,94.7300033569336,94.7699966430664,402,0.0,0.0,2023-06-28
585,2023-06-28 13:42:00-04:00,94.73999786376953,94.73999786376953,94.73999786376953,94.73999786376953,158,0.0,0.0,2023-06-28
586,2023-06-28 13:43:00-04:00,94.77999877929688,94.77999877929688,94.77999877929688,94.77999877929688,300,0.0,0.0,2023-06-28
587,2023-06-28 13:45:00-04:00,94.73999786376953,94.73999786376953,94.73999786376953,94.73999786376953,532,0.0,0.0,2023-06-28
588,2023-06-28 13:48:00-04:00,94.69000244140625,94.7300033569336,94.69000244140625,94.7300033569336,547,0.0,0.0,2023-06-28
589,2023-06-28 13:49:00-04:00,94.69000244140625,94.69000244140625,94.69000244140625,94.69000244140625,363,0.0,0.0,2023-06-28
590,2023-06-28 13:50:00-04:00,94.62000274658203,94.62999725341797,94.62000274658203,94.62999725341797,715,0.0,0.0,2023-06-28
591,2023-06-28 13:51:00-04:00,94.63999938964844,94.63999938964844,94.63999938964844,94.63999938964844,418,0.0,0.0,2023-06-28
592,2023-06-28 13:54:00-04:00,94.62000274658203,94.62000274658203,94.62000274658203,94.62000274658203,122,0.0,0.0,2023-06-28
593,2023-06-28 13:55:00-04:00,94.6500015258789,94.6500015258789,94.64969635009766,94.64969635009766,595,0.0,0.0,2023-06-28
594,2023-06-28 13:56:00-04:00,94.62000274658203,94.68000030517578,94.62000274658203,94.68000030517578,699,0.0,0.0,2023-06-28
595,2023-06-28 13:57:00-04:00,94.6500015258789,94.6500015258789,94.6500015258789,94.6500015258789,360,0.0,0.0,2023-06-28
596,2023-06-28 14:01:00-04:00,94.63999938964844,94.66000366210938,94.63999938964844,94.66000366210938,462,0.0,0.0,2023-06-28
597,2023-06-28 14:02:00-04:00,94.72000122070312,94.72000122070312,94.72000122070312,94.72000122070312,244,0.0,0.0,2023-06-28
598,2023-06-28 14:03:00-04:00,94.66999816894531,94.66999816894531,94.66999816894531,94.66999816894531,102,0.0,0.0,2023-06-28
599,2023-06-28 14:04:00-04:00,94.66000366210938,94.66000366210938,94.66000366210938,94.66000366210938,211,0.0,0.0,2023-06-28
600,2023-06-28 14:05:00-04:00,94.66000366210938,94.66500091552734,94.66000366210938,94.66000366210938,705,0.0,0.0,2023-06-28
601,2023-06-28 14:06:00-04:00,94.66000366210938,94.66000366210938,94.62999725341797,94.62999725341797,436,0.0,0.0,2023-06-28
602,2023-06-28 14:07:00-04:00,94.62999725341797,94.62999725341797,94.62999725341797,94.62999725341797,233,0.0,0.0,2023-06-28
603,2023-06-28 14:08:00-04:00,94.6500015258789,94.66000366210938,94.6500015258789,94.66000366210938,506,0.0,0.0,2023-06-28
604,2023-06-28 14:09:00-04:00,94.68000030517578,94.68000030517578,94.68000030517578,94.68000030517578,441,0.0,0.0,2023-06-28
605,2023-06-28 14:10:00-04:00,94.7300033569336,94.7300033569336,94.7300033569336,94.7300033569336,229,0.0,0.0,2023-06-28
606,2023-06-28 14:12:00-04:00,94.72709655761719,94.79499816894531,94.72709655761719,94.79499816894531,2680,0.0,0.0,2023-06-28
607,2023-06-28 14:13:00-04:00,94.77999877929688,94.77999877929688,94.73999786376953,94.73999786376953,368,0.0,0.0,2023-06-28
608,2023-06-28 14:14:00-04:00,94.69000244140625,94.75,94.69000244140625,94.75,922,0.0,0.0,2023-06-28
609,2023-06-28 14:22:00-04:00,94.83999633789062,94.83999633789062,94.83999633789062,94.83999633789062,266,0.0,0.0,2023-06-28
610,2023-06-28 14:24:00-04:00,94.83999633789062,94.83999633789062,94.83999633789062,94.83999633789062,133,0.0,0.0,2023-06-28
611,2023-06-28 14:25:00-04:00,94.86000061035156,94.87999725341797,94.86000061035156,94.87999725341797,763,0.0,0.0,2023-06-28
612,2023-06-28 14:26:00-04:00,94.86000061035156,94.86000061035156,94.8499984741211,94.8499984741211,717,0.0,0.0,2023-06-28
613,2023-06-28 14:28:00-04:00,94.9000015258789,94.9000015258789,94.9000015258789,94.9000015258789,293,0.0,0.0,2023-06-28
614,2023-06-28 14:29:00-04:00,94.98989868164062,94.98989868164062,94.98989868164062,94.98989868164062,239,0.0,0.0,2023-06-28
615,2023-06-28 14:32:00-04:00,94.88999938964844,94.91999816894531,94.88999938964844,94.91999816894531,814,0.0,0.0,2023-06-28
616,2023-06-28 14:35:00-04:00,94.91000366210938,94.91000366210938,94.91000366210938,94.91000366210938,344,0.0,0.0,2023-06-28
617,2023-06-28 14:36:00-04:00,94.91000366210938,94.91000366210938,94.83999633789062,94.83999633789062,2585,0.0,0.0,2023-06-28
618,2023-06-28 14:37:00-04:00,94.81999969482422,94.81999969482422,94.81999969482422,94.81999969482422,372,0.0,0.0,2023-06-28
619,2023-06-28 14:38:00-04:00,94.80000305175781,94.80000305175781,94.76000213623047,94.76000213623047,1398,0.0,0.0,2023-06-28
620,2023-06-28 14:40:00-04:00,94.7300033569336,94.7300033569336,94.7300033569336,94.7300033569336,746,0.0,0.0,2023-06-28
621,2023-06-28 14:42:00-04:00,94.75,94.77999877929688,94.75,94.76000213623047,922,0.0,0.0,2023-06-28
622,2023-06-28 14:45:00-04:00,94.75,94.75,94.75,94.75,162,0.0,0.0,2023-06-28
623,2023-06-28 14:48:00-04:00,94.70999908447266,94.70999908447266,94.70999908447266,94.70999908447266,102,0.0,0.0,2023-06-28
624,2023-06-28 14:49:00-04:00,94.70999908447266,94.70999908447266,94.66999816894531,94.66999816894531,1044,0.0,0.0,2023-06-28
625,2023-06-28 14:50:00-04:00,94.69999694824219,94.69999694824219,94.69999694824219,94.69999694824219,222,0.0,0.0,2023-06-28
626,2023-06-28 14:51:00-04:00,94.67500305175781,94.68000030517578,94.67500305175781,94.68000030517578,272,0.0,0.0,2023-06-28
627,2023-06-28 14:52:00-04:00,94.6500015258789,94.66000366210938,94.63999938964844,94.6500015258789,1142,0.0,0.0,2023-06-28
628,2023-06-28 14:53:00-04:00,94.66999816894531,94.66999816894531,94.66999816894531,94.66999816894531,222,0.0,0.0,2023-06-28
629,2023-06-28 14:54:00-04:00,94.67469787597656,94.67469787597656,94.67469787597656,94.67469787597656,258,0.0,0.0,2023-06-28
630,2023-06-28 14:55:00-04:00,94.66500091552734,94.66500091552734,94.66000366210938,94.66000366210938,750,0.0,0.0,2023-06-28
631,2023-06-28 14:56:00-04:00,94.63999938964844,94.63999938964844,94.62999725341797,94.62999725341797,370,0.0,0.0,2023-06-28
632,2023-06-28 14:57:00-04:00,94.6500015258789,94.6500015258789,94.6500015258789,94.6500015258789,198,0.0,0.0,2023-06-28
633,2023-06-28 14:58:00-04:00,94.68000030517578,94.68000030517578,94.68000030517578,94.68000030517578,563,0.0,0.0,2023-06-28
634,2023-06-28 15:00:00-04:00,94.70999908447266,94.73500061035156,94.70999908447266,94.73500061035156,856,0.0,0.0,2023-06-28
635,2023-06-28 15:02:00-04:00,94.68499755859375,94.68499755859375,94.68499755859375,94.68499755859375,370,0.0,0.0,2023-06-28
636,2023-06-28 15:04:00-04:00,94.67500305175781,94.67500305175781,94.67500305175781,94.67500305175781,315,0.0,0.0,2023-06-28
637,2023-06-28 15:05:00-04:00,94.6719970703125,94.6719970703125,94.6719970703125,94.6719970703125,622,0.0,0.0,2023-06-28
638,2023-06-28 15:06:00-04:00,94.6500015258789,94.6500015258789,94.58000183105469,94.58000183105469,1765,0.0,0.0,2023-06-28
639,2023-06-28 15:07:00-04:00,94.55000305175781,94.62000274658203,94.55000305175781,94.62000274658203,1117,0.0,0.0,2023-06-28
640,2023-06-28 15:08:00-04:00,94.62999725341797,94.69999694824219,94.62999725341797,94.69999694824219,680,0.0,0.0,2023-06-28
641,2023-06-28 15:09:00-04:00,94.73999786376953,94.73999786376953,94.73999786376953,94.73999786376953,288,0.0,0.0,2023-06-28
642,2023-06-28 15:12:00-04:00,94.76499938964844,94.76499938964844,94.76499938964844,94.76499938964844,987,0.0,0.0,2023-06-28
643,2023-06-28 15:20:00-04:00,94.87999725341797,94.87999725341797,94.87999725341797,94.87999725341797,256,0.0,0.0,2023-06-28
644,2023-06-28 15:22:00-04:00,94.8499984741211,94.8499984741211,94.8499984741211,94.8499984741211,389,0.0,0.0,2023-06-28
645,2023-06-28 15:24:00-04:00,94.86000061035156,94.9000015258789,94.86000061035156,94.9000015258789,752,0.0,0.0,2023-06-28
646,2023-06-28 15:25:00-04:00,94.91999816894531,94.91999816894531,94.91999816894531,94.91999816894531,362,0.0,0.0,2023-06-28
647,2023-06-28 15:26:00-04:00,94.87000274658203,94.87000274658203,94.87000274658203,94.87000274658203,167,0.0,0.0,2023-06-28
648,2023-06-28 15:27:00-04:00,94.8499984741211,94.8499984741211,94.83999633789062,94.83999633789062,704,0.0,0.0,2023-06-28
649,2023-06-28 15:28:00-04:00,94.8499984741211,94.91999816894531,94.83999633789062,94.91999816894531,1818,0.0,0.0,2023-06-28
650,2023-06-28 15:29:00-04:00,94.91999816894531,94.9397964477539,94.87999725341797,94.9397964477539,1058,0.0,0.0,2023-06-28
651,2023-06-28 15:30:00-04:00,94.94999694824219,94.94999694824219,94.94999694824219,94.94999694824219,693,0.0,0.0,2023-06-28
652,2023-06-28 15:32:00-04:00,94.9000015258789,94.9000015258789,94.9000015258789,94.9000015258789,100,0.0,0.0,2023-06-28
653,2023-06-28 15:33:00-04:00,94.94000244140625,94.9800033569336,94.94000244140625,94.9800033569336,1816,0.0,0.0,2023-06-28
654,2023-06-28 15:34:00-04:00,94.94000244140625,94.94000244140625,94.94000244140625,94.94000244140625,322,0.0,0.0,2023-06-28
655,2023-06-28 15:35:00-04:00,94.91999816894531,94.97000122070312,94.91999816894531,94.97000122070312,2403,0.0,0.0,2023-06-28
656,2023-06-28 15:36:00-04:00,94.9000015258789,94.91000366210938,94.88999938964844,94.91000366210938,1252,0.0,0.0,2023-06-28
657,2023-06-28 15:38:00-04:00,94.9000015258789,94.9000015258789,94.875,94.88999938964844,1595,0.0,0.0,2023-06-28
658,2023-06-28 15:39:00-04:00,94.87999725341797,94.87999725341797,94.87999725341797,94.87999725341797,270,0.0,0.0,2023-06-28
659,2023-06-28 15:40:00-04:00,94.94000244140625,94.94000244140625,94.94000244140625,94.94000244140625,428,0.0,0.0,2023-06-28
660,2023-06-28 15:41:00-04:00,94.9000015258789,94.92500305175781,94.9000015258789,94.92500305175781,730,0.0,0.0,2023-06-28
661,2023-06-28 15:42:00-04:00,94.94999694824219,94.94999694824219,94.94000244140625,94.94000244140625,1405,0.0,0.0,2023-06-28
662,2023-06-28 15:43:00-04:00,94.95999908447266,94.95999908447266,94.94999694824219,94.95500183105469,658,0.0,0.0,2023-06-28
663,2023-06-28 15:44:00-04:00,94.94000244140625,94.94000244140625,94.91999816894531,94.91999816894531,1220,0.0,0.0,2023-06-28
664,2023-06-28 15:45:00-04:00,94.9000015258789,94.9000015258789,94.87999725341797,94.9000015258789,650,0.0,0.0,2023-06-28
665,2023-06-28 15:46:00-04:00,94.91000366210938,94.98999786376953,94.91000366210938,94.95999908447266,2046,0.0,0.0,2023-06-28
666,2023-06-28 15:47:00-04:00,94.97000122070312,94.97000122070312,94.95999908447266,94.97000122070312,856,0.0,0.0,2023-06-28
667,2023-06-28 15:48:00-04:00,94.94999694824219,94.97000122070312,94.94999694824219,94.97000122070312,844,0.0,0.0,2023-06-28
668,2023-06-28 15:49:00-04:00,94.95999908447266,94.98999786376953,94.95999908447266,94.98999786376953,385,0.0,0.0,2023-06-28
669,2023-06-28 15:50:00-04:00,95.0,95.0,94.95999908447266,94.97000122070312,2171,0.0,0.0,2023-06-28
670,2023-06-28 15:52:00-04:00,94.97000122070312,95.01000213623047,94.97000122070312,95.0,1949,0.0,0.0,2023-06-28
671,2023-06-28 15:53:00-04:00,95.0,95.0,94.98999786376953,94.98999786376953,1315,0.0,0.0,2023-06-28
672,2023-06-28 15:54:00-04:00,94.9800033569336,95.05000305175781,94.9800033569336,95.04000091552734,7599,0.0,0.0,2023-06-28
673,2023-06-28 15:55:00-04:00,95.01000213623047,95.04000091552734,94.9800033569336,95.0,3369,0.0,0.0,2023-06-28
674,2023-06-28 15:56:00-04:00,95.0,95.0199966430664,94.97000122070312,94.97000122070312,4944,0.0,0.0,2023-06-28
675,2023-06-28 15:57:00-04:00,94.9749984741211,95.0199966430664,94.96499633789062,94.99500274658203,3033,0.0,0.0,2023-06-28
676,2023-06-28 15:58:00-04:00,95.0199966430664,95.03500366210938,94.97000122070312,95.0,3666,0.0,0.0,2023-06-28
677,2023-06-28 15:59:00-04:00,95.03500366210938,95.19000244140625,95.0,95.19000244140625,5769,0.0,0.0,2023-06-28
678,2023-06-29 09:30:00-04:00,95.63999938964844,95.63999938964844,95.63999938964844,95.63999938964844,4716,0.0,0.0,2023-06-29
679,2023-06-29 09:33:00-04:00,95.66999816894531,95.66999816894531,95.66999816894531,95.66999816894531,218,0.0,0.0,2023-06-29
680,2023-06-29 09:34:00-04:00,95.5,95.5,95.5,95.5,441,0.0,0.0,2023-06-29
681,2023-06-29 09:35:00-04:00,95.55500030517578,95.72000122070312,95.55500030517578,95.72000122070312,975,0.0,0.0,2023-06-29
682,2023-06-29 09:36:00-04:00,95.81999969482422,95.81999969482422,95.81999969482422,95.81999969482422,136,0.0,0.0,2023-06-29
683,2023-06-29 09:37:00-04:00,95.83000183105469,95.94000244140625,95.72000122070312,95.80000305175781,1025,0.0,0.0,2023-06-29
684,2023-06-29 09:38:00-04:00,95.81999969482422,95.81999969482422,95.81999969482422,95.81999969482422,335,0.0,0.0,2023-06-29
685,2023-06-29 09:39:00-04:00,96.08999633789062,96.38999938964844,96.08999633789062,96.38999938964844,2238,0.0,0.0,2023-06-29
686,2023-06-29 09:40:00-04:00,96.33000183105469,96.48999786376953,96.2699966430664,96.32499694824219,811,0.0,0.0,2023-06-29
687,2023-06-29 09:41:00-04:00,96.4000015258789,96.4000015258789,96.1500015258789,96.1500015258789,807,0.0,0.0,2023-06-29
688,2023-06-29 09:42:00-04:00,96.3499984741211,96.3499984741211,96.3499984741211,96.3499984741211,592,0.0,0.0,2023-06-29
689,2023-06-29 09:44:00-04:00,96.0,96.01499938964844,96.0,96.01499938964844,593,0.0,0.0,2023-06-29
690,2023-06-29 09:45:00-04:00,95.87000274658203,95.87000274658203,95.87000274658203,95.87000274658203,330,0.0,0.0,2023-06-29
691,2023-06-29 09:47:00-04:00,96.0,96.13999938964844,95.94000244140625,96.0,771,0.0,0.0,2023-06-29
692,2023-06-29 09:49:00-04:00,95.93499755859375,95.93499755859375,95.93499755859375,95.93499755859375,121,0.0,0.0,2023-06-29
693,2023-06-29 09:50:00-04:00,96.12999725341797,96.12999725341797,96.11000061035156,96.12999725341797,711,0.0,0.0,2023-06-29
694,2023-06-29 09:52:00-04:00,96.33000183105469,96.33000183105469,96.17500305175781,96.23999786376953,796,0.0,0.0,2023-06-29
695,2023-06-29 09:54:00-04:00,96.1500015258789,96.27999877929688,96.1500015258789,96.27999877929688,1102,0.0,0.0,2023-06-29
696,2023-06-29 09:55:00-04:00,96.25,96.25,96.25,96.25,348,0.0,0.0,2023-06-29
697,2023-06-29 09:56:00-04:00,96.33999633789062,96.33999633789062,96.33999633789062,96.33999633789062,324,0.0,0.0,2023-06-29
698,2023-06-29 09:57:00-04:00,96.3499984741211,96.51000213623047,96.3499984741211,96.51000213623047,612,0.0,0.0,2023-06-29
699,2023-06-29 09:58:00-04:00,96.55999755859375,96.55999755859375,96.45999908447266,96.45999908447266,468,0.0,0.0,2023-06-29
700,2023-06-29 09:59:00-04:00,96.54000091552734,96.54000091552734,96.44999694824219,96.45999908447266,648,0.0,0.0,2023-06-29
701,2023-06-29 10:00:00-04:00,96.37999725341797,96.37999725341797,96.33999633789062,96.33999633789062,429,0.0,0.0,2023-06-29
702,2023-06-29 10:01:00-04:00,96.33999633789062,96.41999816894531,96.25,96.25,1160,0.0,0.0,2023-06-29
703,2023-06-29 10:03:00-04:00,96.26000213623047,96.27999877929688,96.26000213623047,96.27999877929688,508,0.0,0.0,2023-06-29
704,2023-06-29 10:04:00-04:00,96.33000183105469,96.33000183105469,96.26000213623047,96.26000213623047,721,0.0,0.0,2023-06-29
705,2023-06-29 10:05:00-04:00,96.33000183105469,96.41000366210938,96.33000183105469,96.36000061035156,784,0.0,0.0,2023-06-29
706,2023-06-29 10:06:00-04:00,96.30999755859375,96.30999755859375,96.29000091552734,96.29000091552734,946,0.0,0.0,2023-06-29
707,2023-06-29 10:07:00-04:00,96.20999908447266,96.26499938964844,96.19999694824219,96.25499725341797,1171,0.0,0.0,2023-06-29
708,2023-06-29 10:09:00-04:00,96.30999755859375,96.30999755859375,96.30999755859375,96.30999755859375,1627,0.0,0.0,2023-06-29
709,2023-06-29 10:12:00-04:00,96.44000244140625,96.44000244140625,96.44000244140625,96.44000244140625,211,0.0,0.0,2023-06-29
710,2023-06-29 10:13:00-04:00,96.44000244140625,96.51000213623047,96.44000244140625,96.47000122070312,1990,0.0,0.0,2023-06-29
711,2023-06-29 10:15:00-04:00,96.52999877929688,96.6500015258789,96.52999877929688,96.5999984741211,503,0.0,0.0,2023-06-29
712,2023-06-29 10:16:00-04:00,96.66000366210938,96.7300033569336,96.6500015258789,96.7300033569336,1375,0.0,0.0,2023-06-29
713,2023-06-29 10:17:00-04:00,96.6449966430664,96.6449966430664,96.62999725341797,96.62999725341797,937,0.0,0.0,2023-06-29
714,2023-06-29 10:18:00-04:00,96.58000183105469,96.58000183105469,96.58000183105469,96.58000183105469,567,0.0,0.0,2023-06-29
715,2023-06-29 10:19:00-04:00,96.69000244140625,96.69000244140625,96.61000061035156,96.61000061035156,653,0.0,0.0,2023-06-29
716,2023-06-29 10:20:00-04:00,96.62999725341797,96.62999725341797,96.62999725341797,96.62999725341797,198,0.0,0.0,2023-06-29
717,2023-06-29 10:22:00-04:00,96.6500015258789,96.66000366210938,96.62999725341797,96.6500015258789,1461,0.0,0.0,2023-06-29
718,2023-06-29 10:23:00-04:00,96.58999633789062,96.58999633789062,96.58999633789062,96.58999633789062,510,0.0,0.0,2023-06-29
719,2023-06-29 10:24:00-04:00,96.54000091552734,96.55000305175781,96.45999908447266,96.45999908447266,1086,0.0,0.0,2023-06-29
720,2023-06-29 10:26:00-04:00,96.55000305175781,96.55000305175781,96.55000305175781,96.55000305175781,751,0.0,0.0,2023-06-29
721,2023-06-29 10:29:00-04:00,96.58999633789062,96.66999816894531,96.58999633789062,96.66999816894531,806,0.0,0.0,2023-06-29
722,2023-06-29 10:30:00-04:00,96.68000030517578,96.73999786376953,96.68000030517578,96.69999694824219,1326,0.0,0.0,2023-06-29
723,2023-06-29 10:31:00-04:00,96.66999816894531,96.66999816894531,96.62000274658203,96.62000274658203,780,0.0,0.0,2023-06-29
724,2023-06-29 10:32:00-04:00,96.6449966430664,96.6449966430664,96.62000274658203,96.63999938964844,688,0.0,0.0,2023-06-29
725,2023-06-29 10:33:00-04:00,96.62000274658203,96.6449966430664,96.5199966430664,96.5199966430664,1339,0.0,0.0,2023-06-29
726,2023-06-29 10:34:00-04:00,96.61000061035156,96.61000061035156,96.5999984741211,96.5999984741211,492,0.0,0.0,2023-06-29
727,2023-06-29 10:35:00-04:00,96.5999984741211,96.68000030517578,96.5999984741211,96.66000366210938,1832,0.0,0.0,2023-06-29
728,2023-06-29 10:36:00-04:00,96.6500015258789,96.6500015258789,96.5,96.5,1055,0.0,0.0,2023-06-29
729,2023-06-29 10:37:00-04:00,96.51000213623047,96.51000213623047,96.51000213623047,96.51000213623047,468,0.0,0.0,2023-06-29
730,2023-06-29 10:38:00-04:00,96.45500183105469,96.45500183105469,96.45500183105469,96.45500183105469,256,0.0,0.0,2023-06-29
731,2023-06-29 10:39:00-04:00,96.5199966430664,96.5199966430664,96.51000213623047,96.51000213623047,477,0.0,0.0,2023-06-29
732,2023-06-29 10:40:00-04:00,96.43000030517578,96.43000030517578,96.43000030517578,96.43000030517578,102,0.0,0.0,2023-06-29
733,2023-06-29 10:41:00-04:00,96.51000213623047,96.51000213623047,96.51000213623047,96.51000213623047,767,0.0,0.0,2023-06-29
734,2023-06-29 10:42:00-04:00,96.73999786376953,96.73999786376953,96.73999786376953,96.73999786376953,224,0.0,0.0,2023-06-29
735,2023-06-29 10:43:00-04:00,96.62999725341797,96.62999725341797,96.62999725341797,96.62999725341797,136,0.0,0.0,2023-06-29
736,2023-06-29 10:44:00-04:00,96.63999938964844,96.7300033569336,96.61000061035156,96.70500183105469,1082,0.0,0.0,2023-06-29
737,2023-06-29 10:46:00-04:00,96.63999938964844,96.66000366210938,96.63999938964844,96.66000366210938,524,0.0,0.0,2023-06-29
738,2023-06-29 10:48:00-04:00,96.55000305175781,96.55500030517578,96.55000305175781,96.55000305175781,377,0.0,0.0,2023-06-29
739,2023-06-29 10:49:00-04:00,96.55999755859375,96.55999755859375,96.5199966430664,96.55999755859375,691,0.0,0.0,2023-06-29
740,2023-06-29 10:50:00-04:00,96.66999816894531,96.69000244140625,96.66999816894531,96.69000244140625,504,0.0,0.0,2023-06-29
741,2023-06-29 10:53:00-04:00,96.58000183105469,96.58000183105469,96.5,96.58000183105469,1080,0.0,0.0,2023-06-29
742,2023-06-29 10:55:00-04:00,96.43000030517578,96.43000030517578,96.43000030517578,96.43000030517578,342,0.0,0.0,2023-06-29
743,2023-06-29 10:57:00-04:00,96.47000122070312,96.58999633789062,96.47000122070312,96.58999633789062,1059,0.0,0.0,2023-06-29
744,2023-06-29 10:59:00-04:00,96.54000091552734,96.54000091552734,96.52999877929688,96.52999877929688,652,0.0,0.0,2023-06-29
745,2023-06-29 11:00:00-04:00,96.52999877929688,96.5553970336914,96.52999877929688,96.5553970336914,471,0.0,0.0,2023-06-29
746,2023-06-29 11:01:00-04:00,96.43000030517578,96.43000030517578,96.43000030517578,96.43000030517578,340,0.0,0.0,2023-06-29
747,2023-06-29 11:03:00-04:00,96.45999908447266,96.45999908447266,96.45999908447266,96.45999908447266,199,0.0,0.0,2023-06-29
748,2023-06-29 11:04:00-04:00,96.5,96.55000305175781,96.5,96.55000305175781,792,0.0,0.0,2023-06-29
749,2023-06-29 11:05:00-04:00,96.55999755859375,96.55999755859375,96.55999755859375,96.55999755859375,171,0.0,0.0,2023-06-29
750,2023-06-29 11:06:00-04:00,96.5,96.5,96.5,96.5,301,0.0,0.0,2023-06-29
751,2023-06-29 11:07:00-04:00,96.50499725341797,96.52999877929688,96.50499725341797,96.52999877929688,312,0.0,0.0,2023-06-29
752,2023-06-29 11:09:00-04:00,96.4800033569336,96.4800033569336,96.43000030517578,96.43000030517578,1008,0.0,0.0,2023-06-29
753,2023-06-29 11:10:00-04:00,96.47000122070312,96.52999877929688,96.47000122070312,96.5199966430664,1070,0.0,0.0,2023-06-29
754,2023-06-29 11:11:00-04:00,96.58000183105469,96.58999633789062,96.58000183105469,96.58999633789062,771,0.0,0.0,2023-06-29
755,2023-06-29 11:12:00-04:00,96.61000061035156,96.61000061035156,96.61000061035156,96.61000061035156,211,0.0,0.0,2023-06-29
756,2023-06-29 11:13:00-04:00,96.51000213623047,96.57499694824219,96.51000213623047,96.57499694824219,748,0.0,0.0,2023-06-29
757,2023-06-29 11:14:00-04:00,96.56999969482422,96.58000183105469,96.56999969482422,96.58000183105469,360,0.0,0.0,2023-06-29
758,2023-06-29 11:15:00-04:00,96.62000274658203,96.62000274658203,96.62000274658203,96.62000274658203,269,0.0,0.0,2023-06-29
759,2023-06-29 11:17:00-04:00,96.76000213623047,96.76000213623047,96.68000030517578,96.68000030517578,980,0.0,0.0,2023-06-29
760,2023-06-29 11:18:00-04:00,96.62000274658203,96.62000274658203,96.5199966430664,96.54499816894531,1590,0.0,0.0,2023-06-29
761,2023-06-29 11:19:00-04:00,96.55000305175781,96.55000305175781,96.4000015258789,96.4000015258789,1153,0.0,0.0,2023-06-29
762,2023-06-29 11:21:00-04:00,96.33999633789062,96.33999633789062,96.33999633789062,96.33999633789062,285,0.0,0.0,2023-06-29
763,2023-06-29 11:22:00-04:00,96.30000305175781,96.30000305175781,96.30000305175781,96.30000305175781,119,0.0,0.0,2023-06-29
764,2023-06-29 11:23:00-04:00,96.30000305175781,96.30000305175781,96.2300033569336,96.2300033569336,796,0.0,0.0,2023-06-29
765,2023-06-29 11:24:00-04:00,96.31999969482422,96.31999969482422,96.31999969482422,96.31999969482422,861,0.0,0.0,2023-06-29
766,2023-06-29 11:25:00-04:00,96.36000061035156,96.36000061035156,96.36000061035156,96.36000061035156,364,0.0,0.0,2023-06-29
767,2023-06-29 11:26:00-04:00,96.37999725341797,96.42500305175781,96.37999725341797,96.42500305175781,801,0.0,0.0,2023-06-29
768,2023-06-29 11:28:00-04:00,96.45999908447266,96.45999908447266,96.45999908447266,96.45999908447266,455,0.0,0.0,2023-06-29
769,2023-06-29 11:32:00-04:00,96.54000091552734,96.62999725341797,96.54000091552734,96.62999725341797,959,0.0,0.0,2023-06-29
770,2023-06-29 11:34:00-04:00,96.58000183105469,96.6050033569336,96.52999877929688,96.52999877929688,2407,0.0,0.0,2023-06-29
771,2023-06-29 11:35:00-04:00,96.52999877929688,96.54000091552734,96.52999877929688,96.54000091552734,261,0.0,0.0,2023-06-29
772,2023-06-29 11:37:00-04:00,96.56999969482422,96.56999969482422,96.56999969482422,96.56999969482422,100,0.0,0.0,2023-06-29
773,2023-06-29 11:38:00-04:00,96.4800033569336,96.4800033569336,96.4800033569336,96.4800033569336,1208,0.0,0.0,2023-06-29
774,2023-06-29 11:40:00-04:00,96.56999969482422,96.58000183105469,96.56999969482422,96.58000183105469,990,0.0,0.0,2023-06-29
775,2023-06-29 11:41:00-04:00,96.66999816894531,96.66999816894531,96.62999725341797,96.62999725341797,637,0.0,0.0,2023-06-29
776,2023-06-29 11:43:00-04:00,96.63999938964844,96.63999938964844,96.52999877929688,96.52999877929688,698,0.0,0.0,2023-06-29
777,2023-06-29 11:44:00-04:00,96.58000183105469,96.58000183105469,96.58000183105469,96.58000183105469,262,0.0,0.0,2023-06-29
778,2023-06-29 11:47:00-04:00,96.68000030517578,96.68000030517578,96.68000030517578,96.68000030517578,371,0.0,0.0,2023-06-29
779,2023-06-29 11:51:00-04:00,96.66999816894531,96.79000091552734,96.66999816894531,96.79000091552734,1090,0.0,0.0,2023-06-29
780,2023-06-29 11:52:00-04:00,96.81999969482422,96.81999969482422,96.81999969482422,96.81999969482422,197,0.0,0.0,2023-06-29
781,2023-06-29 11:53:00-04:00,96.83999633789062,96.83999633789062,96.83999633789062,96.83999633789062,286,0.0,0.0,2023-06-29
782,2023-06-29 11:55:00-04:00,96.86000061035156,96.86000061035156,96.79000091552734,96.79000091552734,1613,0.0,0.0,2023-06-29
783,2023-06-29 11:56:00-04:00,96.75800323486328,96.75800323486328,96.75800323486328,96.75800323486328,119,0.0,0.0,2023-06-29
784,2023-06-29 11:57:00-04:00,96.75,96.75,96.67500305175781,96.67500305175781,1175,0.0,0.0,2023-06-29
785,2023-06-29 12:00:00-04:00,96.68000030517578,96.68000030517578,96.66500091552734,96.66500091552734,631,0.0,0.0,2023-06-29
786,2023-06-29 12:01:00-04:00,96.69999694824219,96.69999694824219,96.69999694824219,96.69999694824219,155,0.0,0.0,2023-06-29
787,2023-06-29 12:03:00-04:00,96.75,96.75,96.75,96.75,100,0.0,0.0,2023-06-29
788,2023-06-29 12:04:00-04:00,96.73999786376953,96.73999786376953,96.72000122070312,96.72000122070312,651,0.0,0.0,2023-06-29
789,2023-06-29 12:05:00-04:00,96.70999908447266,96.70999908447266,96.68499755859375,96.68499755859375,374,0.0,0.0,2023-06-29
790,2023-06-29 12:07:00-04:00,96.70999908447266,96.70999908447266,96.69999694824219,96.69999694824219,324,0.0,0.0,2023-06-29
791,2023-06-29 12:08:00-04:00,96.77999877929688,96.77999877929688,96.77999877929688,96.77999877929688,137,0.0,0.0,2023-06-29
792,2023-06-29 12:09:00-04:00,96.73999786376953,96.73999786376953,96.73999786376953,96.73999786376953,110,0.0,0.0,2023-06-29
793,2023-06-29 12:10:00-04:00,96.7699966430664,96.79000091552734,96.7699966430664,96.79000091552734,928,0.0,0.0,2023-06-29
794,2023-06-29 12:14:00-04:00,96.80999755859375,96.80999755859375,96.7874984741211,96.7874984741211,222,0.0,0.0,2023-06-29
795,2023-06-29 12:15:00-04:00,96.76000213623047,96.76000213623047,96.76000213623047,96.76000213623047,135,0.0,0.0,2023-06-29
796,2023-06-29 12:16:00-04:00,96.7699966430664,96.78070068359375,96.76499938964844,96.78070068359375,1888,0.0,0.0,2023-06-29
797,2023-06-29 12:17:00-04:00,96.83000183105469,96.87000274658203,96.83000183105469,96.87000274658203,1146,0.0,0.0,2023-06-29
798,2023-06-29 12:19:00-04:00,96.92610168457031,96.92610168457031,96.91999816894531,96.91999816894531,359,0.0,0.0,2023-06-29
799,2023-06-29 12:20:00-04:00,96.98999786376953,97.0,96.98999786376953,97.0,771,0.0,0.0,2023-06-29
800,2023-06-29 12:21:00-04:00,97.00499725341797,97.00499725341797,96.98999786376953,96.98999786376953,804,0.0,0.0,2023-06-29
801,2023-06-29 12:22:00-04:00,96.91999816894531,97.0199966430664,96.91999816894531,97.0199966430664,565,0.0,0.0,2023-06-29
802,2023-06-29 12:25:00-04:00,97.04000091552734,97.04000091552734,97.0199966430664,97.0199966430664,555,0.0,0.0,2023-06-29
803,2023-06-29 12:26:00-04:00,97.02999877929688,97.02999877929688,97.02999877929688,97.02999877929688,509,0.0,0.0,2023-06-29
804,2023-06-29 12:28:00-04:00,96.97000122070312,97.0199966430664,96.94999694824219,96.94999694824219,1024,0.0,0.0,2023-06-29
805,2023-06-29 12:29:00-04:00,96.95999908447266,96.95999908447266,96.93150329589844,96.93150329589844,740,0.0,0.0,2023-06-29
806,2023-06-29 12:30:00-04:00,96.95999908447266,96.95999908447266,96.95999908447266,96.95999908447266,747,0.0,0.0,2023-06-29
807,2023-06-29 12:32:00-04:00,96.94999694824219,96.94999694824219,96.94999694824219,96.94999694824219,503,0.0,0.0,2023-06-29
808,2023-06-29 12:34:00-04:00,97.0199966430664,97.0199966430664,97.0199966430664,97.0199966430664,116,0.0,0.0,2023-06-29
809,2023-06-29 12:35:00-04:00,97.0199966430664,97.0199966430664,97.0199966430664,97.0199966430664,458,0.0,0.0,2023-06-29
810,2023-06-29 12:37:00-04:00,97.05999755859375,97.08000183105469,97.05999755859375,97.08000183105469,1171,0.0,0.0,2023-06-29
811,2023-06-29 12:39:00-04:00,97.12000274658203,97.12000274658203,97.12000274658203,97.12000274658203,387,0.0,0.0,2023-06-29
812,2023-06-29 12:40:00-04:00,97.0999984741211,97.0999984741211,97.05999755859375,97.05999755859375,584,0.0,0.0,2023-06-29
813,2023-06-29 12:41:00-04:00,97.04000091552734,97.04000091552734,97.04000091552734,97.04000091552734,634,0.0,0.0,2023-06-29
814,2023-06-29 12:42:00-04:00,96.98999786376953,96.98999786376953,96.98999786376953,96.98999786376953,476,0.0,0.0,2023-06-29
815,2023-06-29 12:46:00-04:00,97.05999755859375,97.06999969482422,97.05999755859375,97.06999969482422,516,0.0,0.0,2023-06-29
816,2023-06-29 12:47:00-04:00,97.12000274658203,97.12000274658203,97.12000274658203,97.12000274658203,240,0.0,0.0,2023-06-29
817,2023-06-29 12:48:00-04:00,97.1050033569336,97.1050033569336,97.1050033569336,97.1050033569336,129,0.0,0.0,2023-06-29
818,2023-06-29 12:49:00-04:00,97.10009765625,97.10009765625,97.10009765625,97.10009765625,553,0.0,0.0,2023-06-29
819,2023-06-29 12:53:00-04:00,97.16999816894531,97.16999816894531,97.16999816894531,97.16999816894531,116,0.0,0.0,2023-06-29
820,2023-06-29 12:54:00-04:00,97.19999694824219,97.19999694824219,97.19999694824219,97.19999694824219,258,0.0,0.0,2023-06-29
821,2023-06-29 12:56:00-04:00,97.22000122070312,97.22000122070312,97.16999816894531,97.22000122070312,802,0.0,0.0,2023-06-29
822,2023-06-29 12:57:00-04:00,97.16000366210938,97.16000366210938,97.0999984741211,97.0999984741211,1817,0.0,0.0,2023-06-29
823,2023-06-29 12:58:00-04:00,97.06999969482422,97.06999969482422,97.04000091552734,97.04000091552734,694,0.0,0.0,2023-06-29
824,2023-06-29 13:01:00-04:00,97.08000183105469,97.12000274658203,97.08000183105469,97.12000274658203,750,0.0,0.0,2023-06-29
825,2023-06-29 13:03:00-04:00,97.05999755859375,97.1500015258789,97.05999755859375,97.1500015258789,1059,0.0,0.0,2023-06-29
826,2023-06-29 13:05:00-04:00,97.01000213623047,97.01000213623047,96.91999816894531,96.91999816894531,1374,0.0,0.0,2023-06-29
827,2023-06-29 13:09:00-04:00,97.05000305175781,97.05999755859375,97.05000305175781,97.05999755859375,490,0.0,0.0,2023-06-29
828,2023-06-29 13:11:00-04:00,97.11000061035156,97.13999938964844,97.11000061035156,97.13999938964844,1100,0.0,0.0,2023-06-29
829,2023-06-29 13:15:00-04:00,97.13999938964844,97.18000030517578,97.13999938964844,97.13999938964844,639,0.0,0.0,2023-06-29
830,2023-06-29 13:16:00-04:00,97.19999694824219,97.19999694824219,97.19999694824219,97.19999694824219,185,0.0,0.0,2023-06-29
831,2023-06-29 13:17:00-04:00,97.23999786376953,97.23999786376953,97.23999786376953,97.23999786376953,436,0.0,0.0,2023-06-29
832,2023-06-29 13:19:00-04:00,97.22000122070312,97.22000122070312,97.22000122070312,97.22000122070312,311,0.0,0.0,2023-06-29
833,2023-06-29 13:21:00-04:00,97.29000091552734,97.29000091552734,97.29000091552734,97.29000091552734,179,0.0,0.0,2023-06-29
834,2023-06-29 13:22:00-04:00,97.22000122070312,97.22000122070312,97.18000030517578,97.18000030517578,934,0.0,0.0,2023-06-29
835,2023-06-29 13:25:00-04:00,97.1500015258789,97.1500015258789,97.1500015258789,97.1500015258789,390,0.0,0.0,2023-06-29
836,2023-06-29 13:26:00-04:00,97.12000274658203,97.12000274658203,97.12000274658203,97.12000274658203,410,0.0,0.0,2023-06-29
837,2023-06-29 13:30:00-04:00,97.16000366210938,97.2300033569336,97.16000366210938,97.20999908447266,1052,0.0,0.0,2023-06-29
838,2023-06-29 13:33:00-04:00,97.23999786376953,97.23999786376953,97.23999786376953,97.23999786376953,602,0.0,0.0,2023-06-29
839,2023-06-29 13:34:00-04:00,97.25,97.25,97.25,97.25,255,0.0,0.0,2023-06-29
840,2023-06-29 13:35:00-04:00,97.18000030517578,97.18000030517578,97.16000366210938,97.16000366210938,675,0.0,0.0,2023-06-29
841,2023-06-29 13:36:00-04:00,97.19999694824219,97.22000122070312,97.18000030517578,97.22000122070312,1504,0.0,0.0,2023-06-29
842,2023-06-29 13:37:00-04:00,97.20999908447266,97.20999908447266,97.20999908447266,97.20999908447266,441,0.0,0.0,2023-06-29
843,2023-06-29 13:38:00-04:00,97.25,97.26000213623047,97.25,97.26000213623047,799,0.0,0.0,2023-06-29
844,2023-06-29 13:40:00-04:00,97.25499725341797,97.25499725341797,97.25499725341797,97.25499725341797,709,0.0,0.0,2023-06-29
845,2023-06-29 13:43:00-04:00,97.19000244140625,97.19000244140625,97.19000244140625,97.19000244140625,343,0.0,0.0,2023-06-29
846,2023-06-29 13:45:00-04:00,97.22000122070312,97.22000122070312,97.22000122070312,97.22000122070312,194,0.0,0.0,2023-06-29
847,2023-06-29 13:47:00-04:00,97.25,97.27999877929688,97.25,97.25,1026,0.0,0.0,2023-06-29
848,2023-06-29 13:48:00-04:00,97.30000305175781,97.30000305175781,97.29499816894531,97.29499816894531,273,0.0,0.0,2023-06-29
849,2023-06-29 13:49:00-04:00,97.30400085449219,97.31999969482422,97.30400085449219,97.31999969482422,727,0.0,0.0,2023-06-29
850,2023-06-29 13:50:00-04:00,97.27999877929688,97.27999877929688,97.26000213623047,97.26000213623047,414,0.0,0.0,2023-06-29
851,2023-06-29 13:51:00-04:00,97.26000213623047,97.26000213623047,97.26000213623047,97.26000213623047,664,0.0,0.0,2023-06-29
852,2023-06-29 13:52:00-04:00,97.2300033569336,97.2300033569336,97.2300033569336,97.2300033569336,102,0.0,0.0,2023-06-29
853,2023-06-29 13:53:00-04:00,97.2300033569336,97.2300033569336,97.22000122070312,97.22000122070312,1028,0.0,0.0,2023-06-29
854,2023-06-29 13:54:00-04:00,97.19000244140625,97.19000244140625,97.19000244140625,97.19000244140625,145,0.0,0.0,2023-06-29
855,2023-06-29 13:57:00-04:00,97.22000122070312,97.22000122070312,97.16999816894531,97.16999816894531,722,0.0,0.0,2023-06-29
856,2023-06-29 13:58:00-04:00,97.13999938964844,97.13999938964844,97.08000183105469,97.08000183105469,579,0.0,0.0,2023-06-29
857,2023-06-29 13:59:00-04:00,97.08999633789062,97.08999633789062,97.08999633789062,97.08999633789062,343,0.0,0.0,2023-06-29
858,2023-06-29 14:02:00-04:00,97.02999877929688,97.02999877929688,97.02999877929688,97.02999877929688,273,0.0,0.0,2023-06-29
859,2023-06-29 14:03:00-04:00,96.97000122070312,96.97000122070312,96.97000122070312,96.97000122070312,417,0.0,0.0,2023-06-29
860,2023-06-29 14:06:00-04:00,96.9000015258789,96.9000015258789,96.7300033569336,96.7300033569336,949,0.0,0.0,2023-06-29
861,2023-06-29 14:08:00-04:00,96.81500244140625,96.81500244140625,96.81500244140625,96.81500244140625,551,0.0,0.0,2023-06-29
862,2023-06-29 14:10:00-04:00,96.87999725341797,96.97000122070312,96.87000274658203,96.93000030517578,1540,0.0,0.0,2023-06-29
863,2023-06-29 14:11:00-04:00,96.9800033569336,96.98999786376953,96.9800033569336,96.98999786376953,484,0.0,0.0,2023-06-29
864,2023-06-29 14:12:00-04:00,97.0,97.0,97.0,97.0,197,0.0,0.0,2023-06-29
865,2023-06-29 14:13:00-04:00,97.06999969482422,97.06999969482422,97.06999969482422,97.06999969482422,464,0.0,0.0,2023-06-29
866,2023-06-29 14:17:00-04:00,97.12999725341797,97.12999725341797,97.12999725341797,97.12999725341797,540,0.0,0.0,2023-06-29
867,2023-06-29 14:18:00-04:00,97.18499755859375,97.18499755859375,97.18499755859375,97.18499755859375,229,0.0,0.0,2023-06-29
868,2023-06-29 14:21:00-04:00,97.22000122070312,97.26000213623047,97.22000122070312,97.26000213623047,671,0.0,0.0,2023-06-29
869,2023-06-29 14:22:00-04:00,97.2699966430664,97.29000091552734,97.25,97.25,1036,0.0,0.0,2023-06-29
870,2023-06-29 14:24:00-04:00,97.31999969482422,97.31999969482422,97.31999969482422,97.31999969482422,136,0.0,0.0,2023-06-29
871,2023-06-29 14:25:00-04:00,97.3550033569336,97.3550033569336,97.31999969482422,97.31999969482422,423,0.0,0.0,2023-06-29
872,2023-06-29 14:26:00-04:00,97.30000305175781,97.30000305175781,97.30000305175781,97.30000305175781,1080,0.0,0.0,2023-06-29
873,2023-06-29 14:29:00-04:00,97.3499984741211,97.3499984741211,97.3499984741211,97.3499984741211,215,0.0,0.0,2023-06-29
874,2023-06-29 14:31:00-04:00,97.29000091552734,97.30000305175781,97.27999877929688,97.30000305175781,690,0.0,0.0,2023-06-29
875,2023-06-29 14:34:00-04:00,97.25,97.25,97.2300033569336,97.2300033569336,1283,0.0,0.0,2023-06-29
876,2023-06-29 14:36:00-04:00,97.26000213623047,97.30000305175781,97.26000213623047,97.30000305175781,616,0.0,0.0,2023-06-29
877,2023-06-29 14:40:00-04:00,97.30000305175781,97.30000305175781,97.25,97.25,787,0.0,0.0,2023-06-29
878,2023-06-29 14:41:00-04:00,97.16000366210938,97.16000366210938,97.16000366210938,97.16000366210938,475,0.0,0.0,2023-06-29
879,2023-06-29 14:42:00-04:00,97.16500091552734,97.16500091552734,97.16500091552734,97.16500091552734,304,0.0,0.0,2023-06-29
880,2023-06-29 14:45:00-04:00,97.12999725341797,97.12999725341797,97.12999725341797,97.12999725341797,230,0.0,0.0,2023-06-29
881,2023-06-29 14:47:00-04:00,97.12999725341797,97.13500213623047,97.12999725341797,97.13500213623047,3590,0.0,0.0,2023-06-29
882,2023-06-29 14:50:00-04:00,97.08999633789062,97.0999984741211,97.05999755859375,97.0999984741211,1111,0.0,0.0,2023-06-29
883,2023-06-29 14:53:00-04:00,97.0999984741211,97.0999984741211,97.0999984741211,97.0999984741211,647,0.0,0.0,2023-06-29
884,2023-06-29 14:55:00-04:00,97.0999984741211,97.16999816894531,97.0999984741211,97.12010192871094,2312,0.0,0.0,2023-06-29
885,2023-06-29 15:00:00-04:00,97.16999816894531,97.19000244140625,97.16500091552734,97.16500091552734,565,0.0,0.0,2023-06-29
886,2023-06-29 15:01:00-04:00,97.19999694824219,97.19999694824219,97.19999694824219,97.19999694824219,996,0.0,0.0,2023-06-29
887,2023-06-29 15:03:00-04:00,97.23999786376953,97.25,97.20999908447266,97.25,678,0.0,0.0,2023-06-29
888,2023-06-29 15:04:00-04:00,97.2699966430664,97.29000091552734,97.25,97.2699966430664,531,0.0,0.0,2023-06-29
889,2023-06-29 15:05:00-04:00,97.29000091552734,97.29000091552734,97.29000091552734,97.29000091552734,135,0.0,0.0,2023-06-29
890,2023-06-29 15:06:00-04:00,97.23999786376953,97.23999786376953,97.22000122070312,97.22000122070312,1471,0.0,0.0,2023-06-29
891,2023-06-29 15:08:00-04:00,97.19000244140625,97.23999786376953,97.19000244140625,97.23999786376953,1135,0.0,0.0,2023-06-29
892,2023-06-29 15:12:00-04:00,97.27999877929688,97.27999877929688,97.25499725341797,97.27999877929688,362,0.0,0.0,2023-06-29
893,2023-06-29 15:13:00-04:00,97.25,97.25,97.25,97.25,370,0.0,0.0,2023-06-29
894,2023-06-29 15:14:00-04:00,97.2699966430664,97.29000091552734,97.2699966430664,97.29000091552734,232,0.0,0.0,2023-06-29
895,2023-06-29 15:15:00-04:00,97.30000305175781,97.3499984741211,97.30000305175781,97.3499984741211,414,0.0,0.0,2023-06-29
896,2023-06-29 15:16:00-04:00,97.32499694824219,97.33999633789062,97.29000091552734,97.33000183105469,1173,0.0,0.0,2023-06-29
897,2023-06-29 15:17:00-04:00,97.27999877929688,97.27999877929688,97.27999877929688,97.27999877929688,852,0.0,0.0,2023-06-29
898,2023-06-29 15:21:00-04:00,97.29000091552734,97.30000305175781,97.26119995117188,97.26119995117188,372,0.0,0.0,2023-06-29
899,2023-06-29 15:22:00-04:00,97.2699966430664,97.2699966430664,97.2699966430664,97.2699966430664,412,0.0,0.0,2023-06-29
900,2023-06-29 15:23:00-04:00,97.2699966430664,97.29000091552734,97.2699966430664,97.29000091552734,272,0.0,0.0,2023-06-29
901,2023-06-29 15:24:00-04:00,97.2699966430664,97.2699966430664,97.2699966430664,97.2699966430664,386,0.0,0.0,2023-06-29
902,2023-06-29 15:25:00-04:00,97.29000091552734,97.30000305175781,97.2750015258789,97.29000091552734,1293,0.0,0.0,2023-06-29
903,2023-06-29 15:26:00-04:00,97.3301010131836,97.3301010131836,97.3301010131836,97.3301010131836,450,0.0,0.0,2023-06-29
904,2023-06-29 15:27:00-04:00,97.33000183105469,97.33000183105469,97.30999755859375,97.30999755859375,1201,0.0,0.0,2023-06-29
905,2023-06-29 15:28:00-04:00,97.31999969482422,97.31999969482422,97.31999969482422,97.31999969482422,274,0.0,0.0,2023-06-29
906,2023-06-29 15:29:00-04:00,97.36000061035156,97.36000061035156,97.33999633789062,97.33999633789062,540,0.0,0.0,2023-06-29
907,2023-06-29 15:30:00-04:00,97.36000061035156,97.36000061035156,97.36000061035156,97.36000061035156,233,0.0,0.0,2023-06-29
908,2023-06-29 15:31:00-04:00,97.31999969482422,97.33000183105469,97.30999755859375,97.33000183105469,2523,0.0,0.0,2023-06-29
909,2023-06-29 15:32:00-04:00,97.26000213623047,97.26000213623047,97.2300033569336,97.2300033569336,1073,0.0,0.0,2023-06-29
910,2023-06-29 15:33:00-04:00,97.11000061035156,97.11000061035156,97.11000061035156,97.11000061035156,679,0.0,0.0,2023-06-29
911,2023-06-29 15:34:00-04:00,97.02999877929688,97.02999877929688,97.02999877929688,97.02999877929688,106,0.0,0.0,2023-06-29
912,2023-06-29 15:35:00-04:00,96.95999908447266,97.04000091552734,96.91000366210938,96.99250030517578,4108,0.0,0.0,2023-06-29
913,2023-06-29 15:36:00-04:00,97.04000091552734,97.06999969482422,97.01499938964844,97.06999969482422,1693,0.0,0.0,2023-06-29
914,2023-06-29 15:38:00-04:00,97.125,97.125,97.125,97.125,132,0.0,0.0,2023-06-29
915,2023-06-29 15:39:00-04:00,97.12999725341797,97.1500015258789,97.12999725341797,97.1500015258789,444,0.0,0.0,2023-06-29
916,2023-06-29 15:40:00-04:00,97.12999725341797,97.1500015258789,97.11000061035156,97.1500015258789,1304,0.0,0.0,2023-06-29
917,2023-06-29 15:41:00-04:00,97.16000366210938,97.16000366210938,97.16000366210938,97.16000366210938,848,0.0,0.0,2023-06-29
918,2023-06-29 15:42:00-04:00,97.18000030517578,97.18000030517578,97.18000030517578,97.18000030517578,402,0.0,0.0,2023-06-29
919,2023-06-29 15:43:00-04:00,97.23500061035156,97.23500061035156,97.11499786376953,97.11499786376953,1785,0.0,0.0,2023-06-29
920,2023-06-29 15:44:00-04:00,97.12000274658203,97.12000274658203,97.11009979248047,97.11009979248047,373,0.0,0.0,2023-06-29
921,2023-06-29 15:45:00-04:00,97.11000061035156,97.11000061035156,97.08999633789062,97.08999633789062,1323,0.0,0.0,2023-06-29
922,2023-06-29 15:46:00-04:00,97.08000183105469,97.11000061035156,97.08000183105469,97.0999984741211,1909,0.0,0.0,2023-06-29
923,2023-06-29 15:48:00-04:00,97.05000305175781,97.05000305175781,97.00140380859375,97.00140380859375,1008,0.0,0.0,2023-06-29
924,2023-06-29 15:49:00-04:00,97.0250015258789,97.0250015258789,97.0250015258789,97.0250015258789,342,0.0,0.0,2023-06-29
925,2023-06-29 15:50:00-04:00,96.98999786376953,97.12999725341797,96.98999786376953,97.12999725341797,2136,0.0,0.0,2023-06-29
926,2023-06-29 15:51:00-04:00,97.1050033569336,97.1050033569336,97.05000305175781,97.08000183105469,2330,0.0,0.0,2023-06-29
927,2023-06-29 15:52:00-04:00,97.05000305175781,97.05000305175781,96.83000183105469,96.83000183105469,2200,0.0,0.0,2023-06-29
928,2023-06-29 15:53:00-04:00,96.87000274658203,96.99929809570312,96.87000274658203,96.99929809570312,2987,0.0,0.0,2023-06-29
929,2023-06-29 15:54:00-04:00,96.9800033569336,97.0199966430664,96.9000015258789,96.9000015258789,4540,0.0,0.0,2023-06-29
930,2023-06-29 15:55:00-04:00,96.87999725341797,97.01000213623047,96.87999725341797,97.01000213623047,2436,0.0,0.0,2023-06-29
931,2023-06-29 15:56:00-04:00,97.02999877929688,97.08999633789062,97.02999877929688,97.08999633789062,2284,0.0,0.0,2023-06-29
932,2023-06-29 15:57:00-04:00,97.06999969482422,97.11000061035156,97.02999877929688,97.02999877929688,4621,0.0,0.0,2023-06-29
933,2023-06-29 15:58:00-04:00,97.02999877929688,97.06999969482422,97.01499938964844,97.05000305175781,3487,0.0,0.0,2023-06-29
934,2023-06-29 15:59:00-04:00,97.05000305175781,97.08999633789062,96.9800033569336,96.9800033569336,8788,0.0,0.0,2023-06-29
935,2023-06-30 09:30:00-04:00,97.66000366210938,97.66000366210938,97.66000366210938,97.66000366210938,4478,0.0,0.0,2023-06-30
936,2023-06-30 09:33:00-04:00,97.1500015258789,97.29000091552734,97.0999984741211,97.29000091552734,453,0.0,0.0,2023-06-30
937,2023-06-30 09:34:00-04:00,97.27999877929688,97.27999877929688,97.27999877929688,97.27999877929688,401,0.0,0.0,2023-06-30
938,2023-06-30 09:36:00-04:00,97.19999694824219,97.26499938964844,97.19999694824219,97.26499938964844,214,0.0,0.0,2023-06-30
939,2023-06-30 09:37:00-04:00,97.08999633789062,97.16000366210938,97.08999633789062,97.16000366210938,634,0.0,0.0,2023-06-30
940,2023-06-30 09:38:00-04:00,97.30000305175781,97.30000305175781,97.11499786376953,97.11499786376953,381,0.0,0.0,2023-06-30
941,2023-06-30 09:40:00-04:00,97.25,97.25,97.25,97.25,301,0.0,0.0,2023-06-30
942,2023-06-30 09:45:00-04:00,97.26499938964844,97.37999725341797,97.26499938964844,97.37999725341797,343,0.0,0.0,2023-06-30
943,2023-06-30 09:46:00-04:00,97.1500015258789,97.16000366210938,97.08000183105469,97.16000366210938,1212,0.0,0.0,2023-06-30
944,2023-06-30 09:47:00-04:00,97.08000183105469,97.16000366210938,97.02999877929688,97.02999877929688,875,0.0,0.0,2023-06-30
945,2023-06-30 09:48:00-04:00,97.16000366210938,97.16000366210938,97.04000091552734,97.1500015258789,1580,0.0,0.0,2023-06-30
946,2023-06-30 09:50:00-04:00,97.20999908447266,97.22000122070312,97.20999908447266,97.22000122070312,609,0.0,0.0,2023-06-30
947,2023-06-30 10:02:00-04:00,97.29000091552734,97.29000091552734,97.21499633789062,97.21499633789062,789,0.0,0.0,2023-06-30
948,2023-06-30 10:03:00-04:00,97.23999786376953,97.23999786376953,97.23999786376953,97.23999786376953,317,0.0,0.0,2023-06-30
949,2023-06-30 10:05:00-04:00,97.38999938964844,97.38999938964844,97.29499816894531,97.29499816894531,307,0.0,0.0,2023-06-30
950,2023-06-30 10:09:00-04:00,97.24500274658203,97.24500274658203,97.19999694824219,97.19999694824219,431,0.0,0.0,2023-06-30
951,2023-06-30 10:10:00-04:00,97.20999908447266,97.20999908447266,97.1500015258789,97.1500015258789,1398,0.0,0.0,2023-06-30
952,2023-06-30 10:13:00-04:00,96.86000061035156,96.86000061035156,96.86000061035156,96.86000061035156,221,0.0,0.0,2023-06-30
953,2023-06-30 10:14:00-04:00,96.87999725341797,96.9000015258789,96.8499984741211,96.8499984741211,993,0.0,0.0,2023-06-30
954,2023-06-30 10:15:00-04:00,96.76000213623047,96.7699966430664,96.7300033569336,96.7300033569336,495,0.0,0.0,2023-06-30
955,2023-06-30 10:17:00-04:00,96.70500183105469,96.72000122070312,96.61000061035156,96.61000061035156,559,0.0,0.0,2023-06-30
956,2023-06-30 10:19:00-04:00,96.55000305175781,96.61000061035156,96.55000305175781,96.61000061035156,706,0.0,0.0,2023-06-30
957,2023-06-30 10:20:00-04:00,96.4800033569336,96.4800033569336,96.4800033569336,96.4800033569336,230,0.0,0.0,2023-06-30
958,2023-06-30 10:21:00-04:00,96.55000305175781,96.63999938964844,96.55000305175781,96.63999938964844,446,0.0,0.0,2023-06-30
959,2023-06-30 10:22:00-04:00,96.79000091552734,96.79000091552734,96.76000213623047,96.76000213623047,225,0.0,0.0,2023-06-30
960,2023-06-30 10:23:00-04:00,96.80000305175781,96.80000305175781,96.80000305175781,96.80000305175781,336,0.0,0.0,2023-06-30
961,2023-06-30 10:24:00-04:00,96.76000213623047,96.76000213623047,96.75,96.75,308,0.0,0.0,2023-06-30
962,2023-06-30 10:26:00-04:00,96.80999755859375,96.80999755859375,96.80999755859375,96.80999755859375,102,0.0,0.0,2023-06-30
963,2023-06-30 10:28:00-04:00,96.80000305175781,96.93000030517578,96.80000305175781,96.93000030517578,840,0.0,0.0,2023-06-30
964,2023-06-30 10:30:00-04:00,97.17990112304688,97.17990112304688,97.0,97.12000274658203,1209,0.0,0.0,2023-06-30
965,2023-06-30 10:31:00-04:00,96.98999786376953,97.0999984741211,96.98999786376953,97.0999984741211,266,0.0,0.0,2023-06-30
966,2023-06-30 10:35:00-04:00,97.02999877929688,97.02999877929688,96.94999694824219,96.94999694824219,1250,0.0,0.0,2023-06-30
967,2023-06-30 10:36:00-04:00,96.91000366210938,97.01000213623047,96.81500244140625,96.88999938964844,1155,0.0,0.0,2023-06-30
968,2023-06-30 10:37:00-04:00,96.81999969482422,96.81999969482422,96.81500244140625,96.81500244140625,200,0.0,0.0,2023-06-30
969,2023-06-30 10:38:00-04:00,96.80000305175781,96.80000305175781,96.7300033569336,96.7300033569336,374,0.0,0.0,2023-06-30
970,2023-06-30 10:39:00-04:00,96.79000091552734,96.79000091552734,96.79000091552734,96.79000091552734,206,0.0,0.0,2023-06-30
971,2023-06-30 10:42:00-04:00,96.91000366210938,96.91000366210938,96.91000366210938,96.91000366210938,466,0.0,0.0,2023-06-30
972,2023-06-30 10:45:00-04:00,96.7300033569336,96.7300033569336,96.7300033569336,96.7300033569336,118,0.0,0.0,2023-06-30
973,2023-06-30 10:46:00-04:00,96.80999755859375,96.80999755859375,96.80999755859375,96.80999755859375,799,0.0,0.0,2023-06-30
974,2023-06-30 10:47:00-04:00,96.80000305175781,96.80000305175781,96.80000305175781,96.80000305175781,224,0.0,0.0,2023-06-30
975,2023-06-30 10:48:00-04:00,96.69499969482422,96.69499969482422,96.69499969482422,96.69499969482422,136,0.0,0.0,2023-06-30
976,2023-06-30 10:49:00-04:00,96.58000183105469,96.58000183105469,96.58000183105469,96.58000183105469,667,0.0,0.0,2023-06-30
977,2023-06-30 10:50:00-04:00,96.5,96.72000122070312,96.5,96.72000122070312,2083,0.0,0.0,2023-06-30
978,2023-06-30 10:53:00-04:00,96.97470092773438,96.97470092773438,96.97470092773438,96.97470092773438,579,0.0,0.0,2023-06-30
979,2023-06-30 10:57:00-04:00,97.0999984741211,97.0999984741211,97.0999984741211,97.0999984741211,242,0.0,0.0,2023-06-30
980,2023-06-30 10:59:00-04:00,97.18000030517578,97.20999908447266,97.0999984741211,97.20999908447266,922,0.0,0.0,2023-06-30
981,2023-06-30 11:01:00-04:00,97.19999694824219,97.19999694824219,97.17500305175781,97.17500305175781,446,0.0,0.0,2023-06-30
982,2023-06-30 11:02:00-04:00,97.1500015258789,97.1500015258789,97.13999938964844,97.13999938964844,383,0.0,0.0,2023-06-30
983,2023-06-30 11:06:00-04:00,97.23999786376953,97.30000305175781,97.21499633789062,97.21499633789062,1512,0.0,0.0,2023-06-30
984,2023-06-30 11:09:00-04:00,97.29000091552734,97.30000305175781,97.27999877929688,97.27999877929688,552,0.0,0.0,2023-06-30
985,2023-06-30 11:11:00-04:00,97.3499984741211,97.3499984741211,97.3499984741211,97.3499984741211,116,0.0,0.0,2023-06-30
986,2023-06-30 11:12:00-04:00,97.30999755859375,97.30999755859375,97.19999694824219,97.19999694824219,2970,0.0,0.0,2023-06-30
987,2023-06-30 11:13:00-04:00,97.09500122070312,97.21769714355469,97.09500122070312,97.21769714355469,742,0.0,0.0,2023-06-30
988,2023-06-30 11:14:00-04:00,97.11499786376953,97.11499786376953,97.11499786376953,97.11499786376953,416,0.0,0.0,2023-06-30
989,2023-06-30 11:18:00-04:00,97.12000274658203,97.12000274658203,97.12000274658203,97.12000274658203,676,0.0,0.0,2023-06-30
990,2023-06-30 11:20:00-04:00,97.0199966430664,97.0199966430664,97.0199966430664,97.0199966430664,340,0.0,0.0,2023-06-30
991,2023-06-30 11:23:00-04:00,97.12000274658203,97.12000274658203,97.12000274658203,97.12000274658203,237,0.0,0.0,2023-06-30
992,2023-06-30 11:24:00-04:00,97.13999938964844,97.13999938964844,97.13999938964844,97.13999938964844,204,0.0,0.0,2023-06-30
993,2023-06-30 11:26:00-04:00,97.10269927978516,97.10269927978516,96.97000122070312,96.97000122070312,2755,0.0,0.0,2023-06-30
994,2023-06-30 11:30:00-04:00,97.0199966430664,97.13500213623047,97.0199966430664,97.12999725341797,1384,0.0,0.0,2023-06-30
995,2023-06-30 11:32:00-04:00,97.1449966430664,97.1449966430664,97.125,97.125,995,0.0,0.0,2023-06-30
996,2023-06-30 11:37:00-04:00,97.29000091552734,97.29000091552734,97.29000091552734,97.29000091552734,295,0.0,0.0,2023-06-30
997,2023-06-30 11:38:00-04:00,97.25,97.25,97.25,97.25,546,0.0,0.0,2023-06-30
998,2023-06-30 11:43:00-04:00,97.31999969482422,97.31999969482422,97.31999969482422,97.31999969482422,421,0.0,0.0,2023-06-30
999,2023-06-30 11:44:00-04:00,97.36000061035156,97.36000061035156,97.36000061035156,97.36000061035156,485,0.0,0.0,2023-06-30
1000,2023-06-30 11:46:00-04:00,97.27999877929688,97.31999969482422,97.26000213623047,97.26000213623047,627,0.0,0.0,2023-06-30
1001,2023-06-30 11:47:00-04:00,97.26000213623047,97.27999877929688,97.26000213623047,97.27999877929688,979,0.0,0.0,2023-06-30
1002,2023-06-30 11:48:00-04:00,97.31999969482422,97.31999969482422,97.31999969482422,97.31999969482422,484,0.0,0.0,2023-06-30
1003,2023-06-30 11:50:00-04:00,97.19999694824219,97.19999694824219,97.19999694824219,97.19999694824219,988,0.0,0.0,2023-06-30
1004,2023-06-30 11:57:00-04:00,97.2300033569336,97.26000213623047,97.2300033569336,97.26000213623047,1037,0.0,0.0,2023-06-30
1005,2023-06-30 12:03:00-04:00,97.2699966430664,97.31500244140625,97.2300033569336,97.2300033569336,1083,0.0,0.0,2023-06-30
1006,2023-06-30 12:04:00-04:00,97.2699966430664,97.2699966430664,97.2699966430664,97.2699966430664,463,0.0,0.0,2023-06-30
1007,2023-06-30 12:07:00-04:00,97.27999877929688,97.29000091552734,97.27999877929688,97.29000091552734,667,0.0,0.0,2023-06-30
1008,2023-06-30 12:10:00-04:00,97.36000061035156,97.36000061035156,97.36000061035156,97.36000061035156,152,0.0,0.0,2023-06-30
1009,2023-06-30 12:13:00-04:00,97.36000061035156,97.36000061035156,97.36000061035156,97.36000061035156,109,0.0,0.0,2023-06-30
1010,2023-06-30 12:15:00-04:00,97.41999816894531,97.41999816894531,97.41999816894531,97.41999816894531,108,0.0,0.0,2023-06-30
1011,2023-06-30 12:17:00-04:00,97.36499786376953,97.36499786376953,97.36499786376953,97.36499786376953,101,0.0,0.0,2023-06-30
1012,2023-06-30 12:18:00-04:00,97.33999633789062,97.33999633789062,97.33999633789062,97.33999633789062,199,0.0,0.0,2023-06-30
1013,2023-06-30 12:21:00-04:00,97.41000366210938,97.41999816894531,97.41000366210938,97.41999816894531,346,0.0,0.0,2023-06-30
1014,2023-06-30 12:22:00-04:00,97.41999816894531,97.43499755859375,97.41999816894531,97.43499755859375,532,0.0,0.0,2023-06-30
1015,2023-06-30 12:24:00-04:00,97.48999786376953,97.5,97.48999786376953,97.5,414,0.0,0.0,2023-06-30
1016,2023-06-30 12:26:00-04:00,97.52999877929688,97.52999877929688,97.52999877929688,97.52999877929688,439,0.0,0.0,2023-06-30
1017,2023-06-30 12:28:00-04:00,97.58000183105469,97.66500091552734,97.58000183105469,97.66500091552734,714,0.0,0.0,2023-06-30
1018,2023-06-30 12:30:00-04:00,97.69000244140625,97.69000244140625,97.69000244140625,97.69000244140625,311,0.0,0.0,2023-06-30
1019,2023-06-30 12:33:00-04:00,97.62000274658203,97.62000274658203,97.62000274658203,97.62000274658203,242,0.0,0.0,2023-06-30
1020,2023-06-30 12:37:00-04:00,97.73999786376953,97.81999969482422,97.73999786376953,97.81999969482422,331,0.0,0.0,2023-06-30
1021,2023-06-30 12:38:00-04:00,97.81999969482422,97.84500122070312,97.81999969482422,97.84500122070312,654,0.0,0.0,2023-06-30
1022,2023-06-30 12:41:00-04:00,97.9000015258789,97.9000015258789,97.87999725341797,97.88999938964844,1548,0.0,0.0,2023-06-30
1023,2023-06-30 12:45:00-04:00,97.8499984741211,97.8499984741211,97.83000183105469,97.83000183105469,227,0.0,0.0,2023-06-30
1024,2023-06-30 12:46:00-04:00,97.83000183105469,97.83000183105469,97.83000183105469,97.83000183105469,409,0.0,0.0,2023-06-30
1025,2023-06-30 12:47:00-04:00,97.77999877929688,97.77999877929688,97.77999877929688,97.77999877929688,141,0.0,0.0,2023-06-30
1026,2023-06-30 12:51:00-04:00,97.70999908447266,97.7300033569336,97.70999908447266,97.72000122070312,796,0.0,0.0,2023-06-30
1027,2023-06-30 12:57:00-04:00,97.76499938964844,97.76499938964844,97.76499938964844,97.76499938964844,283,0.0,0.0,2023-06-30
1028,2023-06-30 12:58:00-04:00,97.77999877929688,97.77999877929688,97.77999877929688,97.77999877929688,101,0.0,0.0,2023-06-30
1029,2023-06-30 12:59:00-04:00,97.77999877929688,97.80000305175781,97.69999694824219,97.80000305175781,2584,0.0,0.0,2023-06-30
1030,2023-06-30 13:06:00-04:00,97.72000122070312,97.72000122070312,97.72000122070312,97.72000122070312,114,0.0,0.0,2023-06-30
1031,2023-06-30 13:07:00-04:00,97.66000366210938,97.66000366210938,97.66000366210938,97.66000366210938,393,0.0,0.0,2023-06-30
1032,2023-06-30 13:12:00-04:00,97.72000122070312,97.72000122070312,97.66000366210938,97.66000366210938,319,0.0,0.0,2023-06-30
1033,2023-06-30 13:14:00-04:00,97.6500015258789,97.70999908447266,97.6500015258789,97.70999908447266,257,0.0,0.0,2023-06-30
1034,2023-06-30 13:16:00-04:00,97.70999908447266,97.70999908447266,97.70999908447266,97.70999908447266,249,0.0,0.0,2023-06-30
1035,2023-06-30 13:21:00-04:00,97.66000366210938,97.66000366210938,97.66000366210938,97.66000366210938,537,0.0,0.0,2023-06-30
1036,2023-06-30 13:27:00-04:00,97.66000366210938,97.66000366210938,97.6500015258789,97.6500015258789,1098,0.0,0.0,2023-06-30
1037,2023-06-30 13:30:00-04:00,97.66999816894531,97.69000244140625,97.66999816894531,97.69000244140625,1307,0.0,0.0,2023-06-30
1038,2023-06-30 13:32:00-04:00,97.6500015258789,97.6500015258789,97.6500015258789,97.6500015258789,190,0.0,0.0,2023-06-30
1039,2023-06-30 13:35:00-04:00,97.62000274658203,97.62000274658203,97.62000274658203,97.62000274658203,104,0.0,0.0,2023-06-30
1040,2023-06-30 13:36:00-04:00,97.61000061035156,97.62000274658203,97.61000061035156,97.62000274658203,834,0.0,0.0,2023-06-30
1041,2023-06-30 13:37:00-04:00,97.48999786376953,97.48999786376953,97.48999786376953,97.48999786376953,200,0.0,0.0,2023-06-30
1042,2023-06-30 13:40:00-04:00,97.33000183105469,97.33000183105469,97.33000183105469,97.33000183105469,208,0.0,0.0,2023-06-30
1043,2023-06-30 13:42:00-04:00,97.33000183105469,97.33000183105469,97.33000183105469,97.33000183105469,286,0.0,0.0,2023-06-30
1044,2023-06-30 13:43:00-04:00,97.2750015258789,97.2750015258789,97.2750015258789,97.2750015258789,106,0.0,0.0,2023-06-30
1045,2023-06-30 13:46:00-04:00,97.2699966430664,97.2699966430664,97.2699966430664,97.2699966430664,556,0.0,0.0,2023-06-30
1046,2023-06-30 13:47:00-04:00,97.33000183105469,97.3499984741211,97.33000183105469,97.3499984741211,756,0.0,0.0,2023-06-30
1047,2023-06-30 13:49:00-04:00,97.37000274658203,97.37750244140625,97.37000274658203,97.37750244140625,306,0.0,0.0,2023-06-30
1048,2023-06-30 13:51:00-04:00,97.33000183105469,97.33000183105469,97.2699966430664,97.2699966430664,591,0.0,0.0,2023-06-30
1049,2023-06-30 13:52:00-04:00,97.27999877929688,97.27999877929688,97.24500274658203,97.24500274658203,935,0.0,0.0,2023-06-30
1050,2023-06-30 13:54:00-04:00,97.23999786376953,97.23999786376953,97.23999786376953,97.23999786376953,270,0.0,0.0,2023-06-30
1051,2023-06-30 13:58:00-04:00,97.24500274658203,97.24500274658203,97.24500274658203,97.24500274658203,103,0.0,0.0,2023-06-30
1052,2023-06-30 14:00:00-04:00,97.24500274658203,97.24500274658203,97.24500274658203,97.24500274658203,232,0.0,0.0,2023-06-30
1053,2023-06-30 14:02:00-04:00,97.24500274658203,97.24500274658203,97.24500274658203,97.24500274658203,434,0.0,0.0,2023-06-30
1054,2023-06-30 14:05:00-04:00,97.24500274658203,97.24500274658203,97.24500274658203,97.24500274658203,288,0.0,0.0,2023-06-30
1055,2023-06-30 14:06:00-04:00,97.30000305175781,97.4000015258789,97.30000305175781,97.4000015258789,1320,0.0,0.0,2023-06-30
1056,2023-06-30 14:07:00-04:00,97.36000061035156,97.36000061035156,97.36000061035156,97.36000061035156,483,0.0,0.0,2023-06-30
1057,2023-06-30 14:13:00-04:00,97.3949966430664,97.3949966430664,97.3949966430664,97.3949966430664,273,0.0,0.0,2023-06-30
1058,2023-06-30 14:16:00-04:00,97.42500305175781,97.42500305175781,97.42500305175781,97.42500305175781,121,0.0,0.0,2023-06-30
1059,2023-06-30 14:19:00-04:00,97.42500305175781,97.42500305175781,97.42500305175781,97.42500305175781,132,0.0,0.0,2023-06-30
1060,2023-06-30 14:20:00-04:00,97.42500305175781,97.44999694824219,97.42500305175781,97.43000030517578,594,0.0,0.0,2023-06-30
1061,2023-06-30 14:21:00-04:00,97.4000015258789,97.4000015258789,97.37999725341797,97.37999725341797,976,0.0,0.0,2023-06-30
1062,2023-06-30 14:23:00-04:00,97.29499816894531,97.29499816894531,97.29499816894531,97.29499816894531,221,0.0,0.0,2023-06-30
1063,2023-06-30 14:28:00-04:00,97.31500244140625,97.36000061035156,97.31500244140625,97.36000061035156,625,0.0,0.0,2023-06-30
1064,2023-06-30 14:32:00-04:00,97.30000305175781,97.3499984741211,97.30000305175781,97.3499984741211,451,0.0,0.0,2023-06-30
1065,2023-06-30 14:34:00-04:00,97.36000061035156,97.36000061035156,97.36000061035156,97.36000061035156,527,0.0,0.0,2023-06-30
1066,2023-06-30 14:36:00-04:00,97.3550033569336,97.3550033569336,97.3550033569336,97.3550033569336,101,0.0,0.0,2023-06-30
1067,2023-06-30 14:37:00-04:00,97.375,97.43550109863281,97.375,97.43550109863281,387,0.0,0.0,2023-06-30
1068,2023-06-30 14:39:00-04:00,97.4000015258789,97.4000015258789,97.4000015258789,97.4000015258789,187,0.0,0.0,2023-06-30
1069,2023-06-30 14:42:00-04:00,97.4000015258789,97.44999694824219,97.4000015258789,97.44999694824219,493,0.0,0.0,2023-06-30
1070,2023-06-30 14:47:00-04:00,97.44999694824219,97.44999694824219,97.44999694824219,97.44999694824219,522,0.0,0.0,2023-06-30
1071,2023-06-30 14:48:00-04:00,97.4800033569336,97.4800033569336,97.45999908447266,97.45999908447266,619,0.0,0.0,2023-06-30
1072,2023-06-30 14:50:00-04:00,97.5,97.51000213623047,97.5,97.51000213623047,421,0.0,0.0,2023-06-30
1073,2023-06-30 14:51:00-04:00,97.51499938964844,97.51499938964844,97.51499938964844,97.51499938964844,293,0.0,0.0,2023-06-30
1074,2023-06-30 14:53:00-04:00,97.55000305175781,97.55000305175781,97.5,97.5,1396,0.0,0.0,2023-06-30
1075,2023-06-30 14:56:00-04:00,97.44000244140625,97.44000244140625,97.44000244140625,97.44000244140625,344,0.0,0.0,2023-06-30
1076,2023-06-30 14:59:00-04:00,97.47000122070312,97.47000122070312,97.47000122070312,97.47000122070312,478,0.0,0.0,2023-06-30
1077,2023-06-30 15:00:00-04:00,97.4800033569336,97.4800033569336,97.4800033569336,97.4800033569336,692,0.0,0.0,2023-06-30
1078,2023-06-30 15:01:00-04:00,97.45999908447266,97.45999908447266,97.44999694824219,97.44999694824219,531,0.0,0.0,2023-06-30
1079,2023-06-30 15:02:00-04:00,97.5,97.51000213623047,97.5,97.51000213623047,374,0.0,0.0,2023-06-30
1080,2023-06-30 15:03:00-04:00,97.5,97.5,97.5,97.5,170,0.0,0.0,2023-06-30
1081,2023-06-30 15:05:00-04:00,97.51000213623047,97.62999725341797,97.4800033569336,97.62999725341797,4467,0.0,0.0,2023-06-30
1082,2023-06-30 15:06:00-04:00,97.62000274658203,97.625,97.58000183105469,97.625,1133,0.0,0.0,2023-06-30
1083,2023-06-30 15:10:00-04:00,97.58000183105469,97.58000183105469,97.58000183105469,97.58000183105469,464,0.0,0.0,2023-06-30
1084,2023-06-30 15:12:00-04:00,97.5999984741211,97.61000061035156,97.5999984741211,97.5999984741211,540,0.0,0.0,2023-06-30
1085,2023-06-30 15:15:00-04:00,97.69000244140625,97.69999694824219,97.69000244140625,97.69999694824219,922,0.0,0.0,2023-06-30
1086,2023-06-30 15:16:00-04:00,97.72750091552734,97.78500366210938,97.72750091552734,97.78500366210938,668,0.0,0.0,2023-06-30
1087,2023-06-30 15:17:00-04:00,97.79499816894531,97.79499816894531,97.79499816894531,97.79499816894531,120,0.0,0.0,2023-06-30
1088,2023-06-30 15:20:00-04:00,97.81999969482422,97.81999969482422,97.5999984741211,97.5999984741211,1440,0.0,0.0,2023-06-30
1089,2023-06-30 15:21:00-04:00,97.56999969482422,97.56999969482422,97.56999969482422,97.56999969482422,131,0.0,0.0,2023-06-30
1090,2023-06-30 15:22:00-04:00,97.62999725341797,97.62999725341797,97.62999725341797,97.62999725341797,224,0.0,0.0,2023-06-30
1091,2023-06-30 15:23:00-04:00,97.5999984741211,97.5999984741211,97.54499816894531,97.54499816894531,828,0.0,0.0,2023-06-30
1092,2023-06-30 15:25:00-04:00,97.66000366210938,97.66000366210938,97.66000366210938,97.66000366210938,551,0.0,0.0,2023-06-30
1093,2023-06-30 15:29:00-04:00,97.66000366210938,97.66500091552734,97.66000366210938,97.66500091552734,470,0.0,0.0,2023-06-30
1094,2023-06-30 15:30:00-04:00,97.66999816894531,97.66999816894531,97.66999816894531,97.66999816894531,275,0.0,0.0,2023-06-30
1095,2023-06-30 15:31:00-04:00,97.69000244140625,97.69000244140625,97.69000244140625,97.69000244140625,250,0.0,0.0,2023-06-30
1096,2023-06-30 15:32:00-04:00,97.66000366210938,97.66500091552734,97.5999984741211,97.66500091552734,1458,0.0,0.0,2023-06-30
1097,2023-06-30 15:35:00-04:00,97.5999984741211,97.5999984741211,97.5999984741211,97.5999984741211,832,0.0,0.0,2023-06-30
1098,2023-06-30 15:36:00-04:00,97.62000274658203,97.62000274658203,97.62000274658203,97.62000274658203,528,0.0,0.0,2023-06-30
1099,2023-06-30 15:39:00-04:00,97.6500015258789,97.6500015258789,97.6500015258789,97.6500015258789,537,0.0,0.0,2023-06-30
1100,2023-06-30 15:40:00-04:00,97.66000366210938,97.68499755859375,97.66000366210938,97.68499755859375,210,0.0,0.0,2023-06-30
1101,2023-06-30 15:41:00-04:00,97.6500015258789,97.66999816894531,97.62000274658203,97.62000274658203,1382,0.0,0.0,2023-06-30
1102,2023-06-30 15:42:00-04:00,97.6500015258789,97.6500015258789,97.6500015258789,97.6500015258789,438,0.0,0.0,2023-06-30
1103,2023-06-30 15:43:00-04:00,97.56999969482422,97.56999969482422,97.55999755859375,97.55999755859375,226,0.0,0.0,2023-06-30
1104,2023-06-30 15:44:00-04:00,97.52999877929688,97.56999969482422,97.52999877929688,97.56999969482422,673,0.0,0.0,2023-06-30
1105,2023-06-30 15:45:00-04:00,97.55000305175781,97.55000305175781,97.55000305175781,97.55000305175781,132,0.0,0.0,2023-06-30
1106,2023-06-30 15:46:00-04:00,97.61000061035156,97.61000061035156,97.61000061035156,97.61000061035156,715,0.0,0.0,2023-06-30
1107,2023-06-30 15:48:00-04:00,97.5875015258789,97.5999984741211,97.54000091552734,97.5999984741211,2026,0.0,0.0,2023-06-30
1108,2023-06-30 15:49:00-04:00,97.5999984741211,97.625,97.5999984741211,97.625,996,0.0,0.0,2023-06-30
1109,2023-06-30 15:50:00-04:00,97.69000244140625,97.69000244140625,97.6500015258789,97.69000244140625,1059,0.0,0.0,2023-06-30
1110,2023-06-30 15:51:00-04:00,97.7300033569336,97.7300033569336,97.56999969482422,97.56999969482422,3822,0.0,0.0,2023-06-30
1111,2023-06-30 15:52:00-04:00,97.55500030517578,97.69000244140625,97.55500030517578,97.6500015258789,2850,0.0,0.0,2023-06-30
1112,2023-06-30 15:53:00-04:00,97.6500015258789,97.69999694824219,97.6500015258789,97.69999694824219,395,0.0,0.0,2023-06-30
1113,2023-06-30 15:54:00-04:00,97.58999633789062,97.62000274658203,97.36499786376953,97.43000030517578,11618,0.0,0.0,2023-06-30
1114,2023-06-30 15:55:00-04:00,97.5,97.5,97.38999938964844,97.38999938964844,2617,0.0,0.0,2023-06-30
1115,2023-06-30 15:56:00-04:00,97.38999938964844,97.38999938964844,97.3499984741211,97.37999725341797,886,0.0,0.0,2023-06-30
1116,2023-06-30 15:57:00-04:00,97.38999938964844,97.38999938964844,97.33000183105469,97.3499984741211,1868,0.0,0.0,2023-06-30
1117,2023-06-30 15:58:00-04:00,97.33000183105469,97.33999633789062,97.2300033569336,97.31999969482422,6660,0.0,0.0,2023-06-30
1118,2023-06-30 15:59:00-04:00,97.28500366210938,97.30999755859375,97.0199966430664,97.04000091552734,11721,0.0,0.0,2023-06-30
0,2023-07-03 09:30:00-04:00,97.05000305175781,97.05000305175781,97.0199966430664,97.0199966430664,2804,0.0,0.0,2023-07-03
1,2023-07-03 09:35:00-04:00,97.13999938964844,97.13999938964844,97.13999938964844,97.13999938964844,284,0.0,0.0,2023-07-03
2,2023-07-03 09:38:00-04:00,97.55729675292969,97.55999755859375,97.5,97.54000091552734,3064,0.0,0.0,2023-07-03
3,2023-07-03 09:40:00-04:00,97.5,97.5,97.44999694824219,97.45999908447266,1343,0.0,0.0,2023-07-03
4,2023-07-03 09:42:00-04:00,97.41000366210938,97.41999816894531,97.41000366210938,97.41999816894531,341,0.0,0.0,2023-07-03
5,2023-07-03 09:43:00-04:00,97.44999694824219,97.44999694824219,97.44999694824219,97.44999694824219,803,0.0,0.0,2023-07-03
6,2023-07-03 09:47:00-04:00,97.66999816894531,97.70999908447266,97.6500015258789,97.6500015258789,814,0.0,0.0,2023-07-03
7,2023-07-03 09:48:00-04:00,97.19499969482422,97.19499969482422,97.17500305175781,97.17500305175781,449,0.0,0.0,2023-07-03
8,2023-07-03 09:51:00-04:00,97.11000061035156,97.11000061035156,97.11000061035156,97.11000061035156,310,0.0,0.0,2023-07-03
9,2023-07-03 09:52:00-04:00,96.73999786376953,96.73999786376953,96.69000244140625,96.69000244140625,772,0.0,0.0,2023-07-03
10,2023-07-03 09:53:00-04:00,96.62000274658203,96.62000274658203,96.62000274658203,96.62000274658203,263,0.0,0.0,2023-07-03
11,2023-07-03 09:59:00-04:00,96.83999633789062,96.83999633789062,96.83999633789062,96.83999633789062,183,0.0,0.0,2023-07-03
12,2023-07-03 10:00:00-04:00,96.95999908447266,97.0,96.95999908447266,97.0,656,0.0,0.0,2023-07-03
13,2023-07-03 10:01:00-04:00,96.91999816894531,96.91999816894531,96.91999816894531,96.91999816894531,136,0.0,0.0,2023-07-03
14,2023-07-03 10:03:00-04:00,96.87999725341797,96.87999725341797,96.87999725341797,96.87999725341797,141,0.0,0.0,2023-07-03
15,2023-07-03 10:04:00-04:00,96.9000015258789,96.9000015258789,96.9000015258789,96.9000015258789,293,0.0,0.0,2023-07-03
16,2023-07-03 10:05:00-04:00,96.98999786376953,96.98999786376953,96.98999786376953,96.98999786376953,279,0.0,0.0,2023-07-03
17,2023-07-03 10:06:00-04:00,97.08999633789062,97.08999633789062,97.08999633789062,97.08999633789062,665,0.0,0.0,2023-07-03
18,2023-07-03 10:10:00-04:00,96.9104995727539,96.9104995727539,96.9104995727539,96.9104995727539,263,0.0,0.0,2023-07-03
19,2023-07-03 10:12:00-04:00,96.91999816894531,96.92440032958984,96.91999816894531,96.92440032958984,534,0.0,0.0,2023-07-03
20,2023-07-03 10:13:00-04:00,97.0199966430664,97.19000244140625,97.0199966430664,97.19000244140625,960,0.0,0.0,2023-07-03
21,2023-07-03 10:14:00-04:00,97.38999938964844,97.38999938964844,97.38999938964844,97.38999938964844,218,0.0,0.0,2023-07-03
22,2023-07-03 10:16:00-04:00,97.30000305175781,97.30000305175781,97.30000305175781,97.30000305175781,264,0.0,0.0,2023-07-03
23,2023-07-03 10:17:00-04:00,97.33999633789062,97.33999633789062,97.26000213623047,97.27999877929688,1011,0.0,0.0,2023-07-03
24,2023-07-03 10:18:00-04:00,97.25,97.27999877929688,97.19000244140625,97.27999877929688,1615,0.0,0.0,2023-07-03
25,2023-07-03 10:19:00-04:00,97.20999908447266,97.20999908447266,97.20999908447266,97.20999908447266,266,0.0,0.0,2023-07-03
26,2023-07-03 10:20:00-04:00,97.26000213623047,97.2699966430664,97.26000213623047,97.2699966430664,894,0.0,0.0,2023-07-03
27,2023-07-03 10:22:00-04:00,97.3499984741211,97.3499984741211,97.25,97.25,536,0.0,0.0,2023-07-03
28,2023-07-03 10:23:00-04:00,97.25,97.33999633789062,97.25,97.30000305175781,1051,0.0,0.0,2023-07-03
29,2023-07-03 10:24:00-04:00,97.2699966430664,97.2699966430664,97.19000244140625,97.19000244140625,1006,0.0,0.0,2023-07-03
30,2023-07-03 10:25:00-04:00,97.05999755859375,97.05999755859375,97.0199966430664,97.0199966430664,233,0.0,0.0,2023-07-03
31,2023-07-03 10:28:00-04:00,97.08000183105469,97.12000274658203,97.08000183105469,97.12000274658203,1301,0.0,0.0,2023-07-03
32,2023-07-03 10:31:00-04:00,97.27999877929688,97.27999877929688,97.27999877929688,97.27999877929688,239,0.0,0.0,2023-07-03
33,2023-07-03 10:33:00-04:00,97.27999877929688,97.27999877929688,97.27999877929688,97.27999877929688,102,0.0,0.0,2023-07-03
34,2023-07-03 10:34:00-04:00,97.36000061035156,97.36000061035156,97.36000061035156,97.36000061035156,176,0.0,0.0,2023-07-03
35,2023-07-03 10:35:00-04:00,97.30000305175781,97.30000305175781,97.2300033569336,97.2300033569336,1052,0.0,0.0,2023-07-03
36,2023-07-03 10:36:00-04:00,97.13999938964844,97.13999938964844,97.13999938964844,97.13999938964844,233,0.0,0.0,2023-07-03
37,2023-07-03 10:37:00-04:00,97.11499786376953,97.19999694824219,97.11499786376953,97.19999694824219,1788,0.0,0.0,2023-07-03
38,2023-07-03 10:38:00-04:00,97.37000274658203,97.37000274658203,97.37000274658203,97.37000274658203,446,0.0,0.0,2023-07-03
39,2023-07-03 10:40:00-04:00,97.55000305175781,97.58000183105469,97.51499938964844,97.55000305175781,815,0.0,0.0,2023-07-03
40,2023-07-03 10:41:00-04:00,97.61000061035156,97.61000061035156,97.43000030517578,97.4572982788086,1353,0.0,0.0,2023-07-03
41,2023-07-03 10:44:00-04:00,97.44999694824219,97.44999694824219,97.23999786376953,97.23999786376953,1284,0.0,0.0,2023-07-03
42,2023-07-03 10:48:00-04:00,97.20999908447266,97.20999908447266,97.16000366210938,97.16000366210938,596,0.0,0.0,2023-07-03
43,2023-07-03 10:49:00-04:00,97.19999694824219,97.20999908447266,97.19999694824219,97.20999908447266,771,0.0,0.0,2023-07-03
44,2023-07-03 10:51:00-04:00,97.16500091552734,97.16500091552734,97.16500091552734,97.16500091552734,425,0.0,0.0,2023-07-03
45,2023-07-03 10:53:00-04:00,97.12999725341797,97.12999725341797,97.12999725341797,97.12999725341797,140,0.0,0.0,2023-07-03
46,2023-07-03 10:54:00-04:00,97.05000305175781,97.05000305175781,97.0199966430664,97.0199966430664,631,0.0,0.0,2023-07-03
47,2023-07-03 10:55:00-04:00,97.16999816894531,97.2300033569336,97.16999816894531,97.2300033569336,524,0.0,0.0,2023-07-03
48,2023-07-03 10:58:00-04:00,97.22000122070312,97.22000122070312,97.19499969482422,97.19499969482422,341,0.0,0.0,2023-07-03
49,2023-07-03 10:59:00-04:00,97.16000366210938,97.16000366210938,97.16000366210938,97.16000366210938,436,0.0,0.0,2023-07-03
50,2023-07-03 11:01:00-04:00,97.220703125,97.220703125,97.220703125,97.220703125,315,0.0,0.0,2023-07-03
51,2023-07-03 11:02:00-04:00,97.29000091552734,97.31999969482422,97.29000091552734,97.31999969482422,428,0.0,0.0,2023-07-03
52,2023-07-03 11:03:00-04:00,97.30500030517578,97.30500030517578,97.30500030517578,97.30500030517578,467,0.0,0.0,2023-07-03
53,2023-07-03 11:04:00-04:00,97.26499938964844,97.26499938964844,97.20999908447266,97.20999908447266,748,0.0,0.0,2023-07-03
54,2023-07-03 11:05:00-04:00,97.29000091552734,97.31999969482422,97.29000091552734,97.31999969482422,528,0.0,0.0,2023-07-03
55,2023-07-03 11:07:00-04:00,97.29810333251953,97.30999755859375,97.2699966430664,97.2699966430664,613,0.0,0.0,2023-07-03
56,2023-07-03 11:08:00-04:00,97.26000213623047,97.2699966430664,97.26000213623047,97.2699966430664,339,0.0,0.0,2023-07-03
57,2023-07-03 11:09:00-04:00,97.30999755859375,97.31999969482422,97.30999755859375,97.31999969482422,562,0.0,0.0,2023-07-03
58,2023-07-03 11:10:00-04:00,97.31500244140625,97.31500244140625,97.31500244140625,97.31500244140625,484,0.0,0.0,2023-07-03
59,2023-07-03 11:11:00-04:00,97.26000213623047,97.26000213623047,97.26000213623047,97.26000213623047,276,0.0,0.0,2023-07-03
60,2023-07-03 11:12:00-04:00,97.2300033569336,97.2300033569336,97.2300033569336,97.2300033569336,223,0.0,0.0,2023-07-03
61,2023-07-03 11:13:00-04:00,97.23500061035156,97.23500061035156,97.08999633789062,97.11499786376953,4102,0.0,0.0,2023-07-03
62,2023-07-03 11:14:00-04:00,97.12940216064453,97.12940216064453,97.05999755859375,97.05999755859375,819,0.0,0.0,2023-07-03
63,2023-07-03 11:15:00-04:00,97.05000305175781,97.05000305175781,96.95999908447266,96.95999908447266,560,0.0,0.0,2023-07-03
64,2023-07-03 11:16:00-04:00,96.80999755859375,96.80999755859375,96.80999755859375,96.80999755859375,352,0.0,0.0,2023-07-03
65,2023-07-03 11:17:00-04:00,96.75,96.75,96.75,96.75,383,0.0,0.0,2023-07-03
66,2023-07-03 11:19:00-04:00,96.71499633789062,96.72000122070312,96.66000366210938,96.68000030517578,2364,0.0,0.0,2023-07-03
67,2023-07-03 11:20:00-04:00,96.56999969482422,96.56999969482422,96.47000122070312,96.5199966430664,1412,0.0,0.0,2023-07-03
68,2023-07-03 11:21:00-04:00,96.5,96.5,96.5,96.5,1358,0.0,0.0,2023-07-03
69,2023-07-03 11:22:00-04:00,96.4800033569336,96.48999786376953,96.4800033569336,96.48999786376953,781,0.0,0.0,2023-07-03
70,2023-07-03 11:24:00-04:00,96.54000091552734,96.54000091552734,96.54000091552734,96.54000091552734,545,0.0,0.0,2023-07-03
71,2023-07-03 11:26:00-04:00,96.5199966430664,96.5199966430664,96.5199966430664,96.5199966430664,317,0.0,0.0,2023-07-03
72,2023-07-03 11:28:00-04:00,96.47000122070312,96.47000122070312,96.38999938964844,96.38999938964844,579,0.0,0.0,2023-07-03
73,2023-07-03 11:29:00-04:00,96.4000015258789,96.4000015258789,96.33000183105469,96.33000183105469,545,0.0,0.0,2023-07-03
74,2023-07-03 11:30:00-04:00,96.29000091552734,96.29000091552734,96.29000091552734,96.29000091552734,688,0.0,0.0,2023-07-03
75,2023-07-03 11:34:00-04:00,96.20999908447266,96.28500366210938,96.20999908447266,96.28500366210938,1118,0.0,0.0,2023-07-03
76,2023-07-03 11:40:00-04:00,96.26000213623047,96.26000213623047,96.26000213623047,96.26000213623047,286,0.0,0.0,2023-07-03
77,2023-07-03 11:41:00-04:00,96.2300033569336,96.2300033569336,96.2300033569336,96.2300033569336,421,0.0,0.0,2023-07-03
78,2023-07-03 11:42:00-04:00,96.19000244140625,96.19000244140625,96.13999938964844,96.13999938964844,1140,0.0,0.0,2023-07-03
79,2023-07-03 11:44:00-04:00,96.13999938964844,96.16000366210938,96.13999938964844,96.1500015258789,941,0.0,0.0,2023-07-03
80,2023-07-03 11:46:00-04:00,96.0999984741211,96.0999984741211,96.02999877929688,96.02999877929688,1099,0.0,0.0,2023-07-03
81,2023-07-03 11:47:00-04:00,96.0,96.0,95.95999908447266,95.97000122070312,592,0.0,0.0,2023-07-03
82,2023-07-03 11:48:00-04:00,95.88999938964844,95.88999938964844,95.7300033569336,95.80000305175781,954,0.0,0.0,2023-07-03
83,2023-07-03 11:49:00-04:00,95.76000213623047,95.88999938964844,95.76000213623047,95.875,2728,0.0,0.0,2023-07-03
84,2023-07-03 11:50:00-04:00,95.86000061035156,95.86000061035156,95.86000061035156,95.86000061035156,393,0.0,0.0,2023-07-03
85,2023-07-03 11:52:00-04:00,95.83000183105469,95.83000183105469,95.81999969482422,95.81999969482422,1093,0.0,0.0,2023-07-03
86,2023-07-03 11:54:00-04:00,95.91999816894531,95.97000122070312,95.91999816894531,95.97000122070312,1442,0.0,0.0,2023-07-03
87,2023-07-03 11:56:00-04:00,95.93000030517578,95.93000030517578,95.93000030517578,95.93000030517578,798,0.0,0.0,2023-07-03
88,2023-07-03 12:00:00-04:00,95.94000244140625,95.94000244140625,95.94000244140625,95.94000244140625,429,0.0,0.0,2023-07-03
89,2023-07-03 12:01:00-04:00,95.9000015258789,95.9000015258789,95.9000015258789,95.9000015258789,501,0.0,0.0,2023-07-03
90,2023-07-03 12:04:00-04:00,96.0199966430664,96.04000091552734,96.01000213623047,96.01000213623047,1190,0.0,0.0,2023-07-03
91,2023-07-03 12:06:00-04:00,96.0999984741211,96.18000030517578,96.08000183105469,96.08000183105469,524,0.0,0.0,2023-07-03
92,2023-07-03 12:07:00-04:00,96.13999938964844,96.13999938964844,96.13999938964844,96.13999938964844,698,0.0,0.0,2023-07-03
93,2023-07-03 12:09:00-04:00,96.30999755859375,96.30999755859375,96.22029876708984,96.22029876708984,386,0.0,0.0,2023-07-03
94,2023-07-03 12:10:00-04:00,96.20999908447266,96.20999908447266,96.19999694824219,96.19999694824219,1563,0.0,0.0,2023-07-03
95,2023-07-03 12:13:00-04:00,96.11000061035156,96.11000061035156,96.11000061035156,96.11000061035156,1051,0.0,0.0,2023-07-03
96,2023-07-03 12:15:00-04:00,96.08999633789062,96.08999633789062,96.08999633789062,96.08999633789062,177,0.0,0.0,2023-07-03
97,2023-07-03 12:16:00-04:00,96.08999633789062,96.08999633789062,96.08999633789062,96.08999633789062,261,0.0,0.0,2023-07-03
98,2023-07-03 12:17:00-04:00,96.06999969482422,96.06999969482422,96.05000305175781,96.05000305175781,342,0.0,0.0,2023-07-03
99,2023-07-03 12:18:00-04:00,96.04499816894531,96.04499816894531,96.04499816894531,96.04499816894531,787,0.0,0.0,2023-07-03
100,2023-07-03 12:21:00-04:00,96.19999694824219,96.19999694824219,96.19999694824219,96.19999694824219,509,0.0,0.0,2023-07-03
101,2023-07-03 12:23:00-04:00,96.29000091552734,96.29000091552734,96.29000091552734,96.29000091552734,369,0.0,0.0,2023-07-03
102,2023-07-03 12:25:00-04:00,96.27999877929688,96.33000183105469,96.2300033569336,96.2300033569336,768,0.0,0.0,2023-07-03
103,2023-07-03 12:26:00-04:00,96.26499938964844,96.26499938964844,96.26499938964844,96.26499938964844,294,0.0,0.0,2023-07-03
104,2023-07-03 12:27:00-04:00,96.2699966430664,96.2750015258789,96.23269653320312,96.2750015258789,825,0.0,0.0,2023-07-03
105,2023-07-03 12:28:00-04:00,96.23999786376953,96.2750015258789,96.125,96.125,1146,0.0,0.0,2023-07-03
106,2023-07-03 12:29:00-04:00,96.21499633789062,96.21499633789062,96.21499633789062,96.21499633789062,335,0.0,0.0,2023-07-03
107,2023-07-03 12:30:00-04:00,96.22000122070312,96.22000122070312,96.20500183105469,96.20999908447266,609,0.0,0.0,2023-07-03
108,2023-07-03 12:31:00-04:00,96.20999908447266,96.23500061035156,96.19100189208984,96.23500061035156,1558,0.0,0.0,2023-07-03
109,2023-07-03 12:32:00-04:00,96.16999816894531,96.19999694824219,96.16999816894531,96.19000244140625,753,0.0,0.0,2023-07-03
110,2023-07-03 12:33:00-04:00,96.2125015258789,96.26000213623047,96.2125015258789,96.26000213623047,1931,0.0,0.0,2023-07-03
111,2023-07-03 12:34:00-04:00,96.27999877929688,96.33000183105469,96.27999877929688,96.33000183105469,679,0.0,0.0,2023-07-03
112,2023-07-03 12:35:00-04:00,96.38999938964844,96.44999694824219,96.38999938964844,96.44999694824219,739,0.0,0.0,2023-07-03
113,2023-07-03 12:36:00-04:00,96.4800033569336,96.55999755859375,96.4800033569336,96.55999755859375,220,0.0,0.0,2023-07-03
114,2023-07-03 12:37:00-04:00,96.4800033569336,96.4800033569336,96.4800033569336,96.4800033569336,312,0.0,0.0,2023-07-03
115,2023-07-03 12:38:00-04:00,96.4749984741211,96.5,96.4749984741211,96.5,692,0.0,0.0,2023-07-03
116,2023-07-03 12:39:00-04:00,96.49500274658203,96.49500274658203,96.47000122070312,96.49500274658203,860,0.0,0.0,2023-07-03
117,2023-07-03 12:40:00-04:00,96.45999908447266,96.5199966430664,96.45999908447266,96.5199966430664,1813,0.0,0.0,2023-07-03
118,2023-07-03 12:42:00-04:00,96.5,96.5,96.44000244140625,96.45500183105469,1010,0.0,0.0,2023-07-03
119,2023-07-03 12:43:00-04:00,96.48999786376953,96.48999786376953,96.45500183105469,96.45500183105469,758,0.0,0.0,2023-07-03
120,2023-07-03 12:44:00-04:00,96.46499633789062,96.46499633789062,96.46499633789062,96.46499633789062,202,0.0,0.0,2023-07-03
121,2023-07-05 09:30:00-04:00,95.69999694824219,95.69999694824219,95.05999755859375,95.36499786376953,10954,0.0,0.0,2023-07-05
122,2023-07-05 09:31:00-04:00,95.06999969482422,95.58999633789062,95.05999755859375,95.58999633789062,3916,0.0,0.0,2023-07-05
123,2023-07-05 09:32:00-04:00,95.4749984741211,95.6500015258789,95.31500244140625,95.31500244140625,3629,0.0,0.0,2023-07-05
124,2023-07-05 09:33:00-04:00,95.43499755859375,95.69999694824219,95.38749694824219,95.68499755859375,2646,0.0,0.0,2023-07-05
125,2023-07-05 09:34:00-04:00,95.88990020751953,95.88990020751953,95.69999694824219,95.69999694824219,936,0.0,0.0,2023-07-05
126,2023-07-05 09:35:00-04:00,95.5,95.5,95.48999786376953,95.49500274658203,595,0.0,0.0,2023-07-05
127,2023-07-05 09:36:00-04:00,95.5,95.7699966430664,95.5,95.7699966430664,508,0.0,0.0,2023-07-05
128,2023-07-05 09:37:00-04:00,95.45999908447266,95.45999908447266,95.45999908447266,95.45999908447266,100,0.0,0.0,2023-07-05
129,2023-07-05 09:38:00-04:00,95.44999694824219,95.44999694824219,95.44999694824219,95.44999694824219,436,0.0,0.0,2023-07-05
130,2023-07-05 09:39:00-04:00,95.76000213623047,95.76000213623047,95.45500183105469,95.69999694824219,1378,0.0,0.0,2023-07-05
131,2023-07-05 09:40:00-04:00,95.69000244140625,95.69000244140625,95.69000244140625,95.69000244140625,115,0.0,0.0,2023-07-05
132,2023-07-05 09:41:00-04:00,95.875,95.875,95.875,95.875,339,0.0,0.0,2023-07-05
133,2023-07-05 09:42:00-04:00,95.4000015258789,95.61000061035156,95.4000015258789,95.61000061035156,825,0.0,0.0,2023-07-05
134,2023-07-05 09:43:00-04:00,95.80000305175781,95.80999755859375,95.7300033569336,95.7300033569336,745,0.0,0.0,2023-07-05
135,2023-07-05 09:44:00-04:00,95.55999755859375,95.66000366210938,95.55999755859375,95.66000366210938,490,0.0,0.0,2023-07-05
136,2023-07-05 09:47:00-04:00,95.31999969482422,95.41000366210938,95.31999969482422,95.41000366210938,506,0.0,0.0,2023-07-05
137,2023-07-05 09:49:00-04:00,95.41500091552734,95.41500091552734,95.33999633789062,95.33999633789062,443,0.0,0.0,2023-07-05
138,2023-07-05 09:50:00-04:00,95.56999969482422,95.56999969482422,95.41000366210938,95.41000366210938,949,0.0,0.0,2023-07-05
139,2023-07-05 09:51:00-04:00,95.4000015258789,95.55000305175781,95.37999725341797,95.55000305175781,740,0.0,0.0,2023-07-05
140,2023-07-05 09:52:00-04:00,95.45999908447266,95.5199966430664,95.45500183105469,95.45500183105469,1591,0.0,0.0,2023-07-05
141,2023-07-05 09:53:00-04:00,95.52999877929688,95.52999877929688,95.52999877929688,95.52999877929688,313,0.0,0.0,2023-07-05
142,2023-07-05 09:54:00-04:00,95.53399658203125,95.53399658203125,95.53399658203125,95.53399658203125,648,0.0,0.0,2023-07-05
143,2023-07-05 09:56:00-04:00,95.22000122070312,95.22000122070312,95.22000122070312,95.22000122070312,100,0.0,0.0,2023-07-05
144,2023-07-05 09:57:00-04:00,95.16999816894531,95.16999816894531,94.79000091552734,94.79000091552734,1147,0.0,0.0,2023-07-05
145,2023-07-05 09:58:00-04:00,94.81999969482422,95.1500015258789,94.81999969482422,95.1500015258789,3290,0.0,0.0,2023-07-05
146,2023-07-05 09:59:00-04:00,95.19999694824219,95.27999877929688,95.19000244140625,95.19000244140625,1123,0.0,0.0,2023-07-05
147,2023-07-05 10:00:00-04:00,95.30000305175781,95.36000061035156,95.30000305175781,95.36000061035156,532,0.0,0.0,2023-07-05
148,2023-07-05 10:01:00-04:00,95.41999816894531,95.43000030517578,94.81999969482422,94.8499984741211,35019,0.0,0.0,2023-07-05
149,2023-07-05 10:02:00-04:00,95.0199966430664,95.0199966430664,94.72000122070312,94.72000122070312,11496,0.0,0.0,2023-07-05
150,2023-07-05 10:03:00-04:00,94.72000122070312,94.94999694824219,94.72000122070312,94.94999694824219,739,0.0,0.0,2023-07-05
151,2023-07-05 10:04:00-04:00,94.95500183105469,95.18000030517578,94.95500183105469,95.16999816894531,2919,0.0,0.0,2023-07-05
152,2023-07-05 10:05:00-04:00,94.80999755859375,95.06999969482422,94.80999755859375,94.94499969482422,1169,0.0,0.0,2023-07-05
153,2023-07-05 10:06:00-04:00,94.66000366210938,94.80999755859375,94.51000213623047,94.54000091552734,1958,0.0,0.0,2023-07-05
154,2023-07-05 10:07:00-04:00,94.7300033569336,94.94999694824219,94.62000274658203,94.7699966430664,2558,0.0,0.0,2023-07-05
155,2023-07-05 10:08:00-04:00,94.79000091552734,94.88999938964844,94.79000091552734,94.88999938964844,384,0.0,0.0,2023-07-05
156,2023-07-05 10:09:00-04:00,94.83999633789062,95.09500122070312,94.83000183105469,95.09500122070312,2586,0.0,0.0,2023-07-05
157,2023-07-05 10:13:00-04:00,94.83999633789062,94.83999633789062,94.73999786376953,94.73999786376953,886,0.0,0.0,2023-07-05
158,2023-07-05 10:15:00-04:00,94.66000366210938,94.66000366210938,94.36499786376953,94.6050033569336,688,0.0,0.0,2023-07-05
159,2023-07-05 10:16:00-04:00,94.59500122070312,94.59500122070312,94.5,94.5,2555,0.0,0.0,2023-07-05
160,2023-07-05 10:17:00-04:00,94.55000305175781,94.55000305175781,94.5,94.5,539,0.0,0.0,2023-07-05
161,2023-07-05 10:18:00-04:00,94.36499786376953,94.5,94.36499786376953,94.46499633789062,1122,0.0,0.0,2023-07-05
162,2023-07-05 10:19:00-04:00,94.55000305175781,94.69000244140625,94.47000122070312,94.69000244140625,2265,0.0,0.0,2023-07-05
163,2023-07-05 10:20:00-04:00,94.55999755859375,94.55999755859375,94.55999755859375,94.55999755859375,301,0.0,0.0,2023-07-05
164,2023-07-05 10:21:00-04:00,94.70999908447266,94.76000213623047,94.66000366210938,94.76000213623047,1429,0.0,0.0,2023-07-05
165,2023-07-05 10:22:00-04:00,94.8499984741211,94.8499984741211,94.8499984741211,94.8499984741211,172,0.0,0.0,2023-07-05
166,2023-07-05 10:23:00-04:00,94.7300033569336,94.73999786376953,94.52999877929688,94.52999877929688,794,0.0,0.0,2023-07-05
167,2023-07-05 10:24:00-04:00,94.49500274658203,94.62000274658203,94.4800033569336,94.5199966430664,5287,0.0,0.0,2023-07-05
168,2023-07-05 10:25:00-04:00,94.61000061035156,94.62999725341797,94.5250015258789,94.5999984741211,2053,0.0,0.0,2023-07-05
169,2023-07-05 10:26:00-04:00,94.61000061035156,94.69999694824219,94.5,94.54000091552734,6629,0.0,0.0,2023-07-05
170,2023-07-05 10:27:00-04:00,94.48500061035156,94.48500061035156,94.33000183105469,94.36000061035156,1780,0.0,0.0,2023-07-05
171,2023-07-05 10:29:00-04:00,94.44999694824219,94.44999694824219,94.44999694824219,94.44999694824219,355,0.0,0.0,2023-07-05
172,2023-07-05 10:30:00-04:00,94.4749984741211,94.4749984741211,94.31999969482422,94.33999633789062,2074,0.0,0.0,2023-07-05
173,2023-07-05 10:31:00-04:00,94.3949966430664,94.3949966430664,94.3949966430664,94.3949966430664,231,0.0,0.0,2023-07-05
174,2023-07-05 10:32:00-04:00,94.41000366210938,94.41500091552734,94.33499908447266,94.33499908447266,3272,0.0,0.0,2023-07-05
175,2023-07-05 10:33:00-04:00,94.34500122070312,94.41999816894531,94.30999755859375,94.3499984741211,7078,0.0,0.0,2023-07-05
176,2023-07-05 10:34:00-04:00,94.33000183105469,94.4000015258789,94.30999755859375,94.3499984741211,6794,0.0,0.0,2023-07-05
177,2023-07-05 10:35:00-04:00,94.4000015258789,94.54000091552734,94.4000015258789,94.54000091552734,1405,0.0,0.0,2023-07-05
178,2023-07-05 10:38:00-04:00,94.62000274658203,94.70999908447266,94.62000274658203,94.70999908447266,250,0.0,0.0,2023-07-05
179,2023-07-05 10:39:00-04:00,94.73999786376953,94.87000274658203,94.69750213623047,94.87000274658203,699,0.0,0.0,2023-07-05
180,2023-07-05 10:42:00-04:00,94.98999786376953,95.0,94.94999694824219,94.9800033569336,919,0.0,0.0,2023-07-05
181,2023-07-05 10:43:00-04:00,94.87000274658203,94.9800033569336,94.87000274658203,94.87000274658203,2325,0.0,0.0,2023-07-05
182,2023-07-05 10:44:00-04:00,94.79000091552734,94.85900115966797,94.79000091552734,94.85900115966797,504,0.0,0.0,2023-07-05
183,2023-07-05 10:45:00-04:00,94.83999633789062,94.87999725341797,94.75,94.80999755859375,4791,0.0,0.0,2023-07-05
184,2023-07-05 10:46:00-04:00,94.70999908447266,94.87000274658203,94.69000244140625,94.77999877929688,2622,0.0,0.0,2023-07-05
185,2023-07-05 10:47:00-04:00,94.70999908447266,94.86000061035156,94.63999938964844,94.70500183105469,5297,0.0,0.0,2023-07-05
186,2023-07-05 10:48:00-04:00,94.69999694824219,94.75,94.63999938964844,94.66999816894531,2927,0.0,0.0,2023-07-05
187,2023-07-05 10:49:00-04:00,94.76000213623047,94.83499908447266,94.67500305175781,94.83499908447266,869,0.0,0.0,2023-07-05
188,2023-07-05 10:50:00-04:00,94.86000061035156,94.86000061035156,94.86000061035156,94.86000061035156,131,0.0,0.0,2023-07-05
189,2023-07-05 10:51:00-04:00,94.9800033569336,94.9800033569336,94.9800033569336,94.9800033569336,496,0.0,0.0,2023-07-05
190,2023-07-05 10:52:00-04:00,95.1050033569336,95.1050033569336,95.1050033569336,95.1050033569336,101,0.0,0.0,2023-07-05
191,2023-07-05 10:53:00-04:00,95.09500122070312,95.15499877929688,95.09500122070312,95.15499877929688,420,0.0,0.0,2023-07-05
192,2023-07-05 10:55:00-04:00,95.19999694824219,95.19999694824219,95.09500122070312,95.15499877929688,681,0.0,0.0,2023-07-05
193,2023-07-05 10:56:00-04:00,95.16000366210938,95.16000366210938,95.1500015258789,95.1500015258789,419,0.0,0.0,2023-07-05
194,2023-07-05 10:57:00-04:00,95.23999786376953,95.23999786376953,95.01000213623047,95.01000213623047,661,0.0,0.0,2023-07-05
195,2023-07-05 10:58:00-04:00,94.94999694824219,95.0,94.94999694824219,94.98999786376953,2720,0.0,0.0,2023-07-05
196,2023-07-05 10:59:00-04:00,94.93499755859375,94.93499755859375,94.93499755859375,94.93499755859375,264,0.0,0.0,2023-07-05
197,2023-07-05 11:02:00-04:00,94.91000366210938,94.91000366210938,94.66999816894531,94.66999816894531,8729,0.0,0.0,2023-07-05
198,2023-07-05 11:03:00-04:00,94.66500091552734,94.79499816894531,94.52999877929688,94.79499816894531,6031,0.0,0.0,2023-07-05
199,2023-07-05 11:04:00-04:00,94.79000091552734,94.79000091552734,94.72000122070312,94.72000122070312,351,0.0,0.0,2023-07-05
200,2023-07-05 11:05:00-04:00,94.79000091552734,94.79000091552734,94.79000091552734,94.79000091552734,100,0.0,0.0,2023-07-05
201,2023-07-05 11:06:00-04:00,94.77999877929688,94.77999877929688,94.77999877929688,94.77999877929688,307,0.0,0.0,2023-07-05
202,2023-07-05 11:07:00-04:00,94.69000244140625,94.79000091552734,94.69000244140625,94.79000091552734,438,0.0,0.0,2023-07-05
203,2023-07-05 11:08:00-04:00,94.79000091552734,94.79000091552734,94.79000091552734,94.79000091552734,294,0.0,0.0,2023-07-05
204,2023-07-05 11:09:00-04:00,94.69000244140625,94.73999786376953,94.0,94.05999755859375,9380,0.0,0.0,2023-07-05
205,2023-07-05 11:10:00-04:00,94.0199966430664,94.0199966430664,94.01000213623047,94.01000213623047,604,0.0,0.0,2023-07-05
206,2023-07-05 11:11:00-04:00,93.81999969482422,93.93000030517578,93.81999969482422,93.93000030517578,347,0.0,0.0,2023-07-05
207,2023-07-05 11:13:00-04:00,93.91000366210938,93.91000366210938,93.91000366210938,93.91000366210938,898,0.0,0.0,2023-07-05
208,2023-07-05 11:15:00-04:00,93.97000122070312,93.98999786376953,93.97000122070312,93.98999786376953,535,0.0,0.0,2023-07-05
209,2023-07-05 11:16:00-04:00,94.13500213623047,94.2699966430664,94.13500213623047,94.2699966430664,598,0.0,0.0,2023-07-05
210,2023-07-05 11:17:00-04:00,94.28500366210938,94.28500366210938,94.28500366210938,94.28500366210938,239,0.0,0.0,2023-07-05
211,2023-07-05 11:18:00-04:00,94.3499984741211,94.3499984741211,94.3499984741211,94.3499984741211,329,0.0,0.0,2023-07-05
212,2023-07-05 11:21:00-04:00,94.68000030517578,94.68000030517578,94.6500015258789,94.68000030517578,582,0.0,0.0,2023-07-05
213,2023-07-05 11:22:00-04:00,94.68000030517578,94.83000183105469,94.68000030517578,94.68000030517578,2274,0.0,0.0,2023-07-05
214,2023-07-05 11:23:00-04:00,94.62000274658203,94.63999938964844,94.62000274658203,94.62999725341797,440,0.0,0.0,2023-07-05
215,2023-07-05 11:24:00-04:00,94.6500015258789,94.7300033569336,94.6500015258789,94.69750213623047,1008,0.0,0.0,2023-07-05
216,2023-07-05 11:25:00-04:00,94.69000244140625,94.69000244140625,94.69000244140625,94.69000244140625,117,0.0,0.0,2023-07-05
217,2023-07-05 11:26:00-04:00,94.5999984741211,94.66000366210938,94.5999984741211,94.66000366210938,466,0.0,0.0,2023-07-05
218,2023-07-05 11:29:00-04:00,94.73500061035156,94.73999786376953,94.69000244140625,94.69000244140625,1022,0.0,0.0,2023-07-05
219,2023-07-05 11:30:00-04:00,94.73999786376953,94.83999633789062,94.73999786376953,94.83999633789062,635,0.0,0.0,2023-07-05
220,2023-07-05 11:32:00-04:00,94.83999633789062,94.87000274658203,94.81999969482422,94.83999633789062,410,0.0,0.0,2023-07-05
221,2023-07-05 11:33:00-04:00,94.91999816894531,94.91999816894531,94.91999816894531,94.91999816894531,163,0.0,0.0,2023-07-05
222,2023-07-05 11:34:00-04:00,94.94000244140625,94.94999694824219,94.87000274658203,94.87999725341797,2837,0.0,0.0,2023-07-05
223,2023-07-05 11:37:00-04:00,94.875,94.875,94.83000183105469,94.83000183105469,774,0.0,0.0,2023-07-05
224,2023-07-05 11:38:00-04:00,94.7699966430664,94.7699966430664,94.72000122070312,94.72000122070312,474,0.0,0.0,2023-07-05
225,2023-07-05 11:39:00-04:00,94.75499725341797,94.75499725341797,94.75499725341797,94.75499725341797,147,0.0,0.0,2023-07-05
226,2023-07-05 11:40:00-04:00,94.66000366210938,94.7300033569336,94.66000366210938,94.7300033569336,975,0.0,0.0,2023-07-05
227,2023-07-05 11:43:00-04:00,94.8499984741211,94.86000061035156,94.77999877929688,94.77999877929688,1074,0.0,0.0,2023-07-05
228,2023-07-05 11:46:00-04:00,94.80999755859375,94.80999755859375,94.80999755859375,94.80999755859375,151,0.0,0.0,2023-07-05
229,2023-07-05 11:48:00-04:00,94.83000183105469,94.83000183105469,94.68499755859375,94.69999694824219,1364,0.0,0.0,2023-07-05
230,2023-07-05 11:49:00-04:00,94.69999694824219,94.7300033569336,94.69999694824219,94.7300033569336,409,0.0,0.0,2023-07-05
231,2023-07-05 11:50:00-04:00,94.7699966430664,94.80000305175781,94.7699966430664,94.80000305175781,596,0.0,0.0,2023-07-05
232,2023-07-05 11:52:00-04:00,95.0,95.0,94.86000061035156,94.95999908447266,5203,0.0,0.0,2023-07-05
233,2023-07-05 11:53:00-04:00,94.87000274658203,94.87000274658203,94.87000274658203,94.87000274658203,199,0.0,0.0,2023-07-05
234,2023-07-05 11:54:00-04:00,94.86160278320312,94.86160278320312,94.86160278320312,94.86160278320312,155,0.0,0.0,2023-07-05
235,2023-07-05 11:55:00-04:00,94.83999633789062,94.83999633789062,94.83999633789062,94.83999633789062,818,0.0,0.0,2023-07-05
236,2023-07-05 11:56:00-04:00,94.8125,94.8125,94.71499633789062,94.71499633789062,1077,0.0,0.0,2023-07-05
237,2023-07-05 11:57:00-04:00,94.72000122070312,94.72000122070312,94.72000122070312,94.72000122070312,403,0.0,0.0,2023-07-05
238,2023-07-05 11:59:00-04:00,94.74500274658203,94.74500274658203,94.73999786376953,94.73999786376953,1101,0.0,0.0,2023-07-05
239,2023-07-05 12:00:00-04:00,94.74500274658203,94.81999969482422,94.74500274658203,94.81999969482422,503,0.0,0.0,2023-07-05
240,2023-07-05 12:01:00-04:00,94.75499725341797,94.75499725341797,94.75499725341797,94.75499725341797,300,0.0,0.0,2023-07-05
241,2023-07-05 12:03:00-04:00,94.75749969482422,94.75749969482422,94.75749969482422,94.75749969482422,132,0.0,0.0,2023-07-05
242,2023-07-05 12:05:00-04:00,94.77999877929688,94.77999877929688,94.77999877929688,94.77999877929688,383,0.0,0.0,2023-07-05
243,2023-07-05 12:09:00-04:00,94.87000274658203,94.87000274658203,94.87000274658203,94.87000274658203,394,0.0,0.0,2023-07-05
244,2023-07-05 12:10:00-04:00,94.93499755859375,94.93499755859375,94.79000091552734,94.79000091552734,4159,0.0,0.0,2023-07-05
245,2023-07-05 12:12:00-04:00,94.73500061035156,94.73500061035156,94.73500061035156,94.73500061035156,1147,0.0,0.0,2023-07-05
246,2023-07-05 12:13:00-04:00,94.77999877929688,94.8499984741211,94.77999877929688,94.80999755859375,2288,0.0,0.0,2023-07-05
247,2023-07-05 12:15:00-04:00,94.80000305175781,94.80000305175781,94.77999877929688,94.77999877929688,284,0.0,0.0,2023-07-05
248,2023-07-05 12:17:00-04:00,94.7699966430664,94.7699966430664,94.67359924316406,94.67359924316406,954,0.0,0.0,2023-07-05
249,2023-07-05 12:18:00-04:00,94.75499725341797,94.75499725341797,94.72530364990234,94.75499725341797,1648,0.0,0.0,2023-07-05
250,2023-07-05 12:19:00-04:00,94.83000183105469,94.83000183105469,94.73999786376953,94.76499938964844,576,0.0,0.0,2023-07-05
251,2023-07-05 12:20:00-04:00,94.83000183105469,94.83000183105469,94.83000183105469,94.83000183105469,397,0.0,0.0,2023-07-05
252,2023-07-05 12:22:00-04:00,94.87000274658203,94.87999725341797,94.86000061035156,94.87999725341797,355,0.0,0.0,2023-07-05
253,2023-07-05 12:23:00-04:00,94.80999755859375,94.83999633789062,94.77999877929688,94.77999877929688,712,0.0,0.0,2023-07-05
254,2023-07-05 12:24:00-04:00,94.80999755859375,94.80999755859375,94.80999755859375,94.80999755859375,474,0.0,0.0,2023-07-05
255,2023-07-05 12:26:00-04:00,94.80999755859375,94.8499984741211,94.78500366210938,94.78500366210938,755,0.0,0.0,2023-07-05
256,2023-07-05 12:27:00-04:00,94.80000305175781,94.83999633789062,94.76000213623047,94.79000091552734,761,0.0,0.0,2023-07-05
257,2023-07-05 12:29:00-04:00,94.83000183105469,94.83000183105469,94.83000183105469,94.83000183105469,417,0.0,0.0,2023-07-05
258,2023-07-05 12:30:00-04:00,94.81999969482422,94.81999969482422,94.33999633789062,94.38999938964844,14269,0.0,0.0,2023-07-05
259,2023-07-05 12:31:00-04:00,94.29000091552734,94.29000091552734,94.26000213623047,94.26000213623047,780,0.0,0.0,2023-07-05
260,2023-07-05 12:32:00-04:00,94.25,94.25,94.20999908447266,94.20999908447266,240,0.0,0.0,2023-07-05
261,2023-07-05 12:33:00-04:00,94.20999908447266,94.30999755859375,94.18000030517578,94.19000244140625,1557,0.0,0.0,2023-07-05
262,2023-07-05 12:35:00-04:00,94.05999755859375,94.05999755859375,94.05999755859375,94.05999755859375,101,0.0,0.0,2023-07-05
263,2023-07-05 12:36:00-04:00,94.0250015258789,94.0250015258789,94.0250015258789,94.0250015258789,165,0.0,0.0,2023-07-05
264,2023-07-05 12:37:00-04:00,93.95999908447266,93.95999908447266,93.95999908447266,93.95999908447266,377,0.0,0.0,2023-07-05
265,2023-07-05 12:38:00-04:00,94.01000213623047,94.01000213623047,94.01000213623047,94.01000213623047,180,0.0,0.0,2023-07-05
266,2023-07-05 12:40:00-04:00,94.05999755859375,94.06999969482422,93.98999786376953,94.02999877929688,999,0.0,0.0,2023-07-05
267,2023-07-05 12:41:00-04:00,94.02999877929688,94.02999877929688,94.02999877929688,94.02999877929688,144,0.0,0.0,2023-07-05
268,2023-07-05 12:42:00-04:00,94.12000274658203,94.16999816894531,94.08000183105469,94.1449966430664,2698,0.0,0.0,2023-07-05
269,2023-07-05 12:43:00-04:00,94.12000274658203,94.12000274658203,94.12000274658203,94.12000274658203,138,0.0,0.0,2023-07-05
270,2023-07-05 12:44:00-04:00,94.18000030517578,94.2300033569336,94.13999938964844,94.13999938964844,2964,0.0,0.0,2023-07-05
271,2023-07-05 12:48:00-04:00,94.16999816894531,94.18000030517578,94.16000366210938,94.16999816894531,1818,0.0,0.0,2023-07-05
272,2023-07-05 12:49:00-04:00,94.20999908447266,94.23999786376953,94.12000274658203,94.19999694824219,2709,0.0,0.0,2023-07-05
273,2023-07-05 12:50:00-04:00,94.17500305175781,94.29499816894531,94.1500015258789,94.23999786376953,4264,0.0,0.0,2023-07-05
274,2023-07-05 12:53:00-04:00,94.2750015258789,94.33000183105469,94.25499725341797,94.33000183105469,987,0.0,0.0,2023-07-05
275,2023-07-05 12:54:00-04:00,94.34500122070312,94.34500122070312,94.33000183105469,94.33000183105469,1241,0.0,0.0,2023-07-05
276,2023-07-05 12:55:00-04:00,94.36000061035156,94.36000061035156,94.30000305175781,94.36000061035156,555,0.0,0.0,2023-07-05
277,2023-07-05 12:56:00-04:00,94.30500030517578,94.30500030517578,94.2699966430664,94.30000305175781,1653,0.0,0.0,2023-07-05
278,2023-07-05 12:57:00-04:00,94.20099639892578,94.36000061035156,94.20099639892578,94.26200103759766,4850,0.0,0.0,2023-07-05
279,2023-07-05 12:58:00-04:00,94.375,94.375,94.3550033569336,94.3550033569336,692,0.0,0.0,2023-07-05
280,2023-07-05 12:59:00-04:00,94.31500244140625,94.37000274658203,94.29499816894531,94.36000061035156,3633,0.0,0.0,2023-07-05
281,2023-07-05 13:00:00-04:00,94.33999633789062,94.36000061035156,94.30000305175781,94.36000061035156,1284,0.0,0.0,2023-07-05
282,2023-07-05 13:02:00-04:00,94.36000061035156,94.36000061035156,94.30000305175781,94.30000305175781,785,0.0,0.0,2023-07-05
283,2023-07-05 13:03:00-04:00,94.36000061035156,94.36000061035156,94.36000061035156,94.36000061035156,939,0.0,0.0,2023-07-05
284,2023-07-05 13:04:00-04:00,94.30999755859375,94.37000274658203,94.19000244140625,94.20999908447266,4017,0.0,0.0,2023-07-05
285,2023-07-05 13:05:00-04:00,94.16999816894531,94.16999816894531,94.1500015258789,94.1500015258789,351,0.0,0.0,2023-07-05
286,2023-07-05 13:06:00-04:00,94.20500183105469,94.20500183105469,94.1500015258789,94.1500015258789,617,0.0,0.0,2023-07-05
287,2023-07-05 13:07:00-04:00,94.11000061035156,94.11000061035156,94.11000061035156,94.11000061035156,107,0.0,0.0,2023-07-05
288,2023-07-05 13:08:00-04:00,94.18000030517578,94.19999694824219,94.18000030517578,94.19999694824219,375,0.0,0.0,2023-07-05
289,2023-07-05 13:09:00-04:00,94.13999938964844,94.13999938964844,94.13999938964844,94.13999938964844,269,0.0,0.0,2023-07-05
290,2023-07-05 13:10:00-04:00,94.12999725341797,94.12999725341797,94.02999877929688,94.05000305175781,881,0.0,0.0,2023-07-05
291,2023-07-05 13:11:00-04:00,94.05000305175781,94.19999694824219,94.02999877929688,94.19999694824219,3308,0.0,0.0,2023-07-05
292,2023-07-05 13:12:00-04:00,94.25,94.25,94.25,94.25,135,0.0,0.0,2023-07-05
293,2023-07-05 13:14:00-04:00,94.25,94.25,94.25,94.25,281,0.0,0.0,2023-07-05
294,2023-07-05 13:18:00-04:00,94.2699966430664,94.2699966430664,94.25499725341797,94.25499725341797,694,0.0,0.0,2023-07-05
295,2023-07-05 13:19:00-04:00,94.33000183105469,94.33000183105469,94.26000213623047,94.26000213623047,602,0.0,0.0,2023-07-05
296,2023-07-05 13:22:00-04:00,94.2699966430664,94.37000274658203,94.2699966430664,94.36000061035156,2420,0.0,0.0,2023-07-05
297,2023-07-05 13:27:00-04:00,94.30999755859375,94.30999755859375,94.30000305175781,94.30000305175781,630,0.0,0.0,2023-07-05
298,2023-07-05 13:28:00-04:00,94.26000213623047,94.26000213623047,94.26000213623047,94.26000213623047,104,0.0,0.0,2023-07-05
299,2023-07-05 13:29:00-04:00,94.31999969482422,94.31999969482422,94.28500366210938,94.31999969482422,1191,0.0,0.0,2023-07-05
300,2023-07-05 13:30:00-04:00,94.27999877929688,94.31999969482422,94.2699966430664,94.30000305175781,2441,0.0,0.0,2023-07-05
301,2023-07-05 13:34:00-04:00,94.26000213623047,94.26000213623047,94.26000213623047,94.26000213623047,178,0.0,0.0,2023-07-05
302,2023-07-05 13:35:00-04:00,94.25,94.27999877929688,94.25,94.27999877929688,433,0.0,0.0,2023-07-05
303,2023-07-05 13:36:00-04:00,94.33000183105469,94.4000015258789,94.33000183105469,94.37999725341797,2516,0.0,0.0,2023-07-05
304,2023-07-05 13:37:00-04:00,94.31999969482422,94.31999969482422,94.31999969482422,94.31999969482422,197,0.0,0.0,2023-07-05
305,2023-07-05 13:39:00-04:00,94.31999969482422,94.44000244140625,94.31999969482422,94.44000244140625,449,0.0,0.0,2023-07-05
306,2023-07-05 13:40:00-04:00,94.3949966430664,94.39649963378906,94.33000183105469,94.33000183105469,664,0.0,0.0,2023-07-05
307,2023-07-05 13:41:00-04:00,94.44999694824219,94.44999694824219,94.44999694824219,94.44999694824219,248,0.0,0.0,2023-07-05
308,2023-07-05 13:42:00-04:00,94.38999938964844,94.38999938964844,94.38999938964844,94.38999938964844,222,0.0,0.0,2023-07-05
309,2023-07-05 13:43:00-04:00,94.41999816894531,94.41999816894531,94.41999816894531,94.41999816894531,140,0.0,0.0,2023-07-05
310,2023-07-05 13:44:00-04:00,94.44000244140625,94.44000244140625,94.38999938964844,94.38999938964844,477,0.0,0.0,2023-07-05
311,2023-07-05 13:45:00-04:00,94.41999816894531,94.41999816894531,94.41999816894531,94.41999816894531,140,0.0,0.0,2023-07-05
312,2023-07-05 13:46:00-04:00,94.41999816894531,94.41999816894531,94.41999816894531,94.41999816894531,156,0.0,0.0,2023-07-05
313,2023-07-05 13:47:00-04:00,94.41999816894531,94.41999816894531,94.37999725341797,94.37999725341797,254,0.0,0.0,2023-07-05
314,2023-07-05 13:48:00-04:00,94.37000274658203,94.41999816894531,94.37000274658203,94.41999816894531,968,0.0,0.0,2023-07-05
315,2023-07-05 13:49:00-04:00,94.44499969482422,94.4800033569336,94.44499969482422,94.47000122070312,1984,0.0,0.0,2023-07-05
316,2023-07-05 13:50:00-04:00,94.44000244140625,94.44000244140625,94.44000244140625,94.44000244140625,182,0.0,0.0,2023-07-05
317,2023-07-05 13:51:00-04:00,94.4000015258789,94.4000015258789,94.4000015258789,94.4000015258789,428,0.0,0.0,2023-07-05
318,2023-07-05 13:53:00-04:00,94.44000244140625,94.47000122070312,94.44000244140625,94.44000244140625,553,0.0,0.0,2023-07-05
319,2023-07-05 13:54:00-04:00,94.44000244140625,94.44999694824219,94.41999816894531,94.44999694824219,1102,0.0,0.0,2023-07-05
320,2023-07-05 13:55:00-04:00,94.44000244140625,94.44000244140625,94.44000244140625,94.44000244140625,155,0.0,0.0,2023-07-05
321,2023-07-05 13:56:00-04:00,94.47000122070312,94.4800033569336,94.47000122070312,94.4800033569336,785,0.0,0.0,2023-07-05
322,2023-07-05 13:59:00-04:00,94.54499816894531,94.54499816894531,94.5199966430664,94.5199966430664,351,0.0,0.0,2023-07-05
323,2023-07-05 14:00:00-04:00,94.56999969482422,94.56999969482422,94.56999969482422,94.56999969482422,100,0.0,0.0,2023-07-05
324,2023-07-05 14:01:00-04:00,94.56999969482422,94.63999938964844,94.56999969482422,94.62999725341797,2267,0.0,0.0,2023-07-05
325,2023-07-05 14:02:00-04:00,94.69499969482422,94.69499969482422,94.69499969482422,94.69499969482422,334,0.0,0.0,2023-07-05
326,2023-07-05 14:03:00-04:00,94.69999694824219,94.70999908447266,94.69999694824219,94.70999908447266,761,0.0,0.0,2023-07-05
327,2023-07-05 14:05:00-04:00,94.80999755859375,94.80999755859375,94.80999755859375,94.80999755859375,239,0.0,0.0,2023-07-05
328,2023-07-05 14:07:00-04:00,94.76000213623047,94.76000213623047,94.69000244140625,94.69000244140625,416,0.0,0.0,2023-07-05
329,2023-07-05 14:09:00-04:00,94.66999816894531,94.71499633789062,94.53500366210938,94.56999969482422,1976,0.0,0.0,2023-07-05
330,2023-07-05 14:10:00-04:00,94.55000305175781,94.55000305175781,94.51499938964844,94.54000091552734,1311,0.0,0.0,2023-07-05
331,2023-07-05 14:11:00-04:00,94.48999786376953,94.55999755859375,94.48500061035156,94.51499938964844,1409,0.0,0.0,2023-07-05
332,2023-07-05 14:12:00-04:00,94.4800033569336,94.51000213623047,94.45999908447266,94.51000213623047,327,0.0,0.0,2023-07-05
333,2023-07-05 14:13:00-04:00,94.45999908447266,94.45999908447266,94.44999694824219,94.44999694824219,362,0.0,0.0,2023-07-05
334,2023-07-05 14:14:00-04:00,94.37999725341797,94.5,94.37999725341797,94.45999908447266,2004,0.0,0.0,2023-07-05
335,2023-07-05 14:15:00-04:00,94.37999725341797,94.41000366210938,94.36000061035156,94.36000061035156,1256,0.0,0.0,2023-07-05
336,2023-07-05 14:17:00-04:00,94.2699966430664,94.32499694824219,94.23999786376953,94.32499694824219,1062,0.0,0.0,2023-07-05
337,2023-07-05 14:18:00-04:00,94.32499694824219,94.32499694824219,94.32499694824219,94.32499694824219,224,0.0,0.0,2023-07-05
338,2023-07-05 14:19:00-04:00,94.36000061035156,94.36000061035156,94.36000061035156,94.36000061035156,399,0.0,0.0,2023-07-05
339,2023-07-05 14:20:00-04:00,94.4000015258789,94.41000366210938,94.3949966430664,94.3949966430664,1162,0.0,0.0,2023-07-05
340,2023-07-05 14:23:00-04:00,94.43000030517578,94.5199966430664,94.41999816894531,94.5199966430664,994,0.0,0.0,2023-07-05
341,2023-07-05 14:24:00-04:00,94.51499938964844,94.51499938964844,94.4000015258789,94.4000015258789,886,0.0,0.0,2023-07-05
342,2023-07-05 14:25:00-04:00,94.41500091552734,94.47000122070312,94.37999725341797,94.47000122070312,956,0.0,0.0,2023-07-05
343,2023-07-05 14:26:00-04:00,94.4800033569336,94.4800033569336,94.4800033569336,94.4800033569336,201,0.0,0.0,2023-07-05
344,2023-07-05 14:30:00-04:00,94.44000244140625,94.44000244140625,94.3949966430664,94.3949966430664,559,0.0,0.0,2023-07-05
345,2023-07-05 14:31:00-04:00,94.3949966430664,94.3949966430664,94.31999969482422,94.31999969482422,758,0.0,0.0,2023-07-05
346,2023-07-05 14:33:00-04:00,94.33999633789062,94.33999633789062,94.33999633789062,94.33999633789062,365,0.0,0.0,2023-07-05
347,2023-07-05 14:34:00-04:00,94.33999633789062,94.33999633789062,94.33999633789062,94.33999633789062,232,0.0,0.0,2023-07-05
348,2023-07-05 14:36:00-04:00,94.37000274658203,94.37000274658203,94.37000274658203,94.37000274658203,290,0.0,0.0,2023-07-05
349,2023-07-05 14:37:00-04:00,94.44999694824219,94.44999694824219,94.43499755859375,94.43499755859375,678,0.0,0.0,2023-07-05
350,2023-07-05 14:38:00-04:00,94.43000030517578,94.43000030517578,94.43000030517578,94.43000030517578,213,0.0,0.0,2023-07-05
351,2023-07-05 14:39:00-04:00,94.4800033569336,94.5250015258789,94.4800033569336,94.51000213623047,1245,0.0,0.0,2023-07-05
352,2023-07-05 14:40:00-04:00,94.4800033569336,94.4800033569336,94.4800033569336,94.4800033569336,580,0.0,0.0,2023-07-05
353,2023-07-05 14:41:00-04:00,94.41000366210938,94.41000366210938,94.41000366210938,94.41000366210938,276,0.0,0.0,2023-07-05
354,2023-07-05 14:42:00-04:00,94.41000366210938,94.4749984741211,94.41000366210938,94.4749984741211,1110,0.0,0.0,2023-07-05
355,2023-07-05 14:43:00-04:00,94.4000015258789,94.4000015258789,94.4000015258789,94.4000015258789,101,0.0,0.0,2023-07-05
356,2023-07-05 14:44:00-04:00,94.4000015258789,94.4000015258789,94.4000015258789,94.4000015258789,114,0.0,0.0,2023-07-05
357,2023-07-05 14:45:00-04:00,94.4000015258789,94.44000244140625,94.38999938964844,94.44000244140625,1193,0.0,0.0,2023-07-05
358,2023-07-05 14:47:00-04:00,94.44000244140625,94.44000244140625,94.44000244140625,94.44000244140625,328,0.0,0.0,2023-07-05
359,2023-07-05 14:50:00-04:00,94.44999694824219,94.44999694824219,94.44999694824219,94.44999694824219,255,0.0,0.0,2023-07-05
360,2023-07-05 14:51:00-04:00,94.4000015258789,94.4000015258789,94.4000015258789,94.4000015258789,115,0.0,0.0,2023-07-05
361,2023-07-05 14:52:00-04:00,94.43000030517578,94.44999694824219,94.43000030517578,94.44999694824219,977,0.0,0.0,2023-07-05
362,2023-07-05 14:53:00-04:00,94.45999908447266,94.45999908447266,94.44999694824219,94.44999694824219,464,0.0,0.0,2023-07-05
363,2023-07-05 14:54:00-04:00,94.44499969482422,94.51000213623047,94.40049743652344,94.4800033569336,2527,0.0,0.0,2023-07-05
364,2023-07-05 14:56:00-04:00,94.5,94.5,94.48500061035156,94.48999786376953,784,0.0,0.0,2023-07-05
365,2023-07-05 14:57:00-04:00,94.45999908447266,94.51000213623047,94.45999908447266,94.51000213623047,938,0.0,0.0,2023-07-05
366,2023-07-05 15:00:00-04:00,94.48999786376953,94.5,94.48999786376953,94.5,972,0.0,0.0,2023-07-05
367,2023-07-05 15:01:00-04:00,94.51000213623047,94.51000213623047,94.45999908447266,94.51000213623047,590,0.0,0.0,2023-07-05
368,2023-07-05 15:02:00-04:00,94.5,94.5,94.5,94.5,309,0.0,0.0,2023-07-05
369,2023-07-05 15:03:00-04:00,94.48999786376953,94.48999786376953,94.48999786376953,94.48999786376953,579,0.0,0.0,2023-07-05
370,2023-07-05 15:04:00-04:00,94.51000213623047,94.5199966430664,94.4800033569336,94.4800033569336,537,0.0,0.0,2023-07-05
371,2023-07-05 15:05:00-04:00,94.48999786376953,94.48999786376953,94.38999938964844,94.38999938964844,1935,0.0,0.0,2023-07-05
372,2023-07-05 15:06:00-04:00,94.43299865722656,94.43299865722656,94.3949966430664,94.3949966430664,468,0.0,0.0,2023-07-05
373,2023-07-05 15:07:00-04:00,94.3949966430664,94.4749984741211,94.3949966430664,94.4749984741211,1599,0.0,0.0,2023-07-05
374,2023-07-05 15:10:00-04:00,94.4749984741211,94.51000213623047,94.41999816894531,94.44999694824219,2304,0.0,0.0,2023-07-05
375,2023-07-05 15:11:00-04:00,94.4800033569336,94.4800033569336,94.4800033569336,94.4800033569336,108,0.0,0.0,2023-07-05
376,2023-07-05 15:12:00-04:00,94.4800033569336,94.51000213623047,94.4800033569336,94.51000213623047,900,0.0,0.0,2023-07-05
377,2023-07-05 15:14:00-04:00,94.4800033569336,94.4800033569336,94.4800033569336,94.4800033569336,492,0.0,0.0,2023-07-05
378,2023-07-05 15:15:00-04:00,94.51000213623047,94.51000213623047,94.48999786376953,94.48999786376953,380,0.0,0.0,2023-07-05
379,2023-07-05 15:16:00-04:00,94.48999786376953,94.48999786376953,94.44999694824219,94.44999694824219,948,0.0,0.0,2023-07-05
380,2023-07-05 15:17:00-04:00,94.41999816894531,94.41999816894531,94.41000366210938,94.41000366210938,840,0.0,0.0,2023-07-05
381,2023-07-05 15:18:00-04:00,94.37000274658203,94.40599822998047,94.37000274658203,94.37000274658203,1114,0.0,0.0,2023-07-05
382,2023-07-05 15:19:00-04:00,94.37000274658203,94.41000366210938,94.34500122070312,94.36000061035156,2375,0.0,0.0,2023-07-05
383,2023-07-05 15:20:00-04:00,94.3550033569336,94.3550033569336,94.3550033569336,94.3550033569336,370,0.0,0.0,2023-07-05
384,2023-07-05 15:21:00-04:00,94.36000061035156,94.36000061035156,94.23999786376953,94.23999786376953,824,0.0,0.0,2023-07-05
385,2023-07-05 15:23:00-04:00,94.2699966430664,94.2699966430664,94.23500061035156,94.23999786376953,757,0.0,0.0,2023-07-05
386,2023-07-05 15:24:00-04:00,94.20999908447266,94.20999908447266,94.20999908447266,94.20999908447266,371,0.0,0.0,2023-07-05
387,2023-07-05 15:25:00-04:00,94.20999908447266,94.25,94.18000030517578,94.21499633789062,2081,0.0,0.0,2023-07-05
388,2023-07-05 15:26:00-04:00,94.20999908447266,94.20999908447266,94.20999908447266,94.20999908447266,368,0.0,0.0,2023-07-05
389,2023-07-05 15:27:00-04:00,94.20500183105469,94.36000061035156,94.20500183105469,94.36000061035156,3212,0.0,0.0,2023-07-05
390,2023-07-05 15:28:00-04:00,94.37000274658203,94.38999938964844,94.36000061035156,94.36000061035156,943,0.0,0.0,2023-07-05
391,2023-07-05 15:29:00-04:00,94.4000015258789,94.4000015258789,94.4000015258789,94.4000015258789,311,0.0,0.0,2023-07-05
392,2023-07-05 15:30:00-04:00,94.4000015258789,94.48500061035156,94.4000015258789,94.48249816894531,1488,0.0,0.0,2023-07-05
393,2023-07-05 15:31:00-04:00,94.48999786376953,94.48999786376953,94.48999786376953,94.48999786376953,424,0.0,0.0,2023-07-05
394,2023-07-05 15:32:00-04:00,94.54000091552734,94.55000305175781,94.54000091552734,94.55000305175781,368,0.0,0.0,2023-07-05
395,2023-07-05 15:33:00-04:00,94.48999786376953,94.48999786376953,94.43000030517578,94.43000030517578,1052,0.0,0.0,2023-07-05
396,2023-07-05 15:34:00-04:00,94.37000274658203,94.43000030517578,94.34500122070312,94.38999938964844,3071,0.0,0.0,2023-07-05
397,2023-07-05 15:37:00-04:00,94.41000366210938,94.44000244140625,94.3949966430664,94.41999816894531,2903,0.0,0.0,2023-07-05
398,2023-07-05 15:38:00-04:00,94.41999816894531,94.41999816894531,94.35050201416016,94.38999938964844,349,0.0,0.0,2023-07-05
399,2023-07-05 15:39:00-04:00,94.39900207519531,94.39900207519531,94.33000183105469,94.37909698486328,3064,0.0,0.0,2023-07-05
400,2023-07-05 15:40:00-04:00,94.34500122070312,94.43000030517578,94.34500122070312,94.41999816894531,1842,0.0,0.0,2023-07-05
401,2023-07-05 15:41:00-04:00,94.41999816894531,94.4749984741211,94.41999816894531,94.4749984741211,1474,0.0,0.0,2023-07-05
402,2023-07-05 15:42:00-04:00,94.50499725341797,94.50499725341797,94.3499984741211,94.37000274658203,2190,0.0,0.0,2023-07-05
403,2023-07-05 15:43:00-04:00,94.34500122070312,94.4000015258789,94.34500122070312,94.375,3272,0.0,0.0,2023-07-05
404,2023-07-05 15:44:00-04:00,94.37999725341797,94.37999725341797,94.37999725341797,94.37999725341797,316,0.0,0.0,2023-07-05
405,2023-07-05 15:45:00-04:00,94.33000183105469,94.37999725341797,94.27999877929688,94.31999969482422,3362,0.0,0.0,2023-07-05
406,2023-07-05 15:46:00-04:00,94.3550033569336,94.4000015258789,94.26000213623047,94.27999877929688,3142,0.0,0.0,2023-07-05
407,2023-07-05 15:47:00-04:00,94.30000305175781,94.41500091552734,94.29000091552734,94.4000015258789,4587,0.0,0.0,2023-07-05
408,2023-07-05 15:48:00-04:00,94.38999938964844,94.45999908447266,94.36000061035156,94.45999908447266,1955,0.0,0.0,2023-07-05
409,2023-07-05 15:49:00-04:00,94.41999816894531,94.5199966430664,94.41999816894531,94.51000213623047,2946,0.0,0.0,2023-07-05
410,2023-07-05 15:50:00-04:00,94.5250015258789,94.54000091552734,94.4800033569336,94.54000091552734,620,0.0,0.0,2023-07-05
411,2023-07-05 15:51:00-04:00,94.58000183105469,94.58999633789062,94.45999908447266,94.45999908447266,1644,0.0,0.0,2023-07-05
412,2023-07-05 15:52:00-04:00,94.51499938964844,94.56900024414062,94.47000122070312,94.47000122070312,1877,0.0,0.0,2023-07-05
413,2023-07-05 15:53:00-04:00,94.54000091552734,94.54000091552734,94.4000015258789,94.45500183105469,6331,0.0,0.0,2023-07-05
414,2023-07-05 15:54:00-04:00,94.44000244140625,94.4800033569336,94.41000366210938,94.4800033569336,2367,0.0,0.0,2023-07-05
415,2023-07-05 15:55:00-04:00,94.44000244140625,94.47000122070312,94.3550033569336,94.3550033569336,7886,0.0,0.0,2023-07-05
416,2023-07-05 15:56:00-04:00,94.33999633789062,94.37000274658203,94.30000305175781,94.33000183105469,8309,0.0,0.0,2023-07-05
417,2023-07-05 15:57:00-04:00,94.31999969482422,94.3499984741211,94.2300033569336,94.27999877929688,7419,0.0,0.0,2023-07-05
418,2023-07-05 15:58:00-04:00,94.27999877929688,94.33999633789062,94.26000213623047,94.2699966430664,4755,0.0,0.0,2023-07-05
419,2023-07-05 15:59:00-04:00,94.2300033569336,94.30999755859375,94.2300033569336,94.30999755859375,7770,0.0,0.0,2023-07-05
420,2023-07-06 09:30:00-04:00,93.12000274658203,93.12000274658203,92.6500015258789,92.69750213623047,3988,0.0,0.0,2023-07-06
421,2023-07-06 09:31:00-04:00,92.79000091552734,92.81999969482422,92.79000091552734,92.79000091552734,532,0.0,0.0,2023-07-06
422,2023-07-06 09:32:00-04:00,93.0,93.0,93.0,93.0,112,0.0,0.0,2023-07-06
423,2023-07-06 09:34:00-04:00,92.95500183105469,92.95500183105469,92.95500183105469,92.95500183105469,343,0.0,0.0,2023-07-06
424,2023-07-06 09:35:00-04:00,93.26000213623047,93.3499984741211,92.98999786376953,92.98999786376953,1121,0.0,0.0,2023-07-06
425,2023-07-06 09:37:00-04:00,93.05999755859375,93.05999755859375,93.05999755859375,93.05999755859375,173,0.0,0.0,2023-07-06
426,2023-07-06 09:38:00-04:00,93.0999984741211,93.0999984741211,93.0999984741211,93.0999984741211,140,0.0,0.0,2023-07-06
427,2023-07-06 09:39:00-04:00,93.19999694824219,93.19999694824219,93.19999694824219,93.19999694824219,760,0.0,0.0,2023-07-06
428,2023-07-06 09:41:00-04:00,93.05999755859375,93.05999755859375,92.81999969482422,92.81999969482422,1082,0.0,0.0,2023-07-06
429,2023-07-06 09:43:00-04:00,92.83000183105469,92.83000183105469,92.83000183105469,92.83000183105469,660,0.0,0.0,2023-07-06
430,2023-07-06 09:45:00-04:00,92.25,92.25,92.25,92.25,115,0.0,0.0,2023-07-06
431,2023-07-06 09:46:00-04:00,92.25,92.72000122070312,92.25,92.72000122070312,1053,0.0,0.0,2023-07-06
432,2023-07-06 09:47:00-04:00,92.94000244140625,92.94000244140625,92.94000244140625,92.94000244140625,247,0.0,0.0,2023-07-06
433,2023-07-06 09:50:00-04:00,93.02999877929688,93.02999877929688,93.02999877929688,93.02999877929688,426,0.0,0.0,2023-07-06
434,2023-07-06 09:52:00-04:00,92.80000305175781,92.83000183105469,92.77999877929688,92.83000183105469,652,0.0,0.0,2023-07-06
435,2023-07-06 09:55:00-04:00,92.68000030517578,92.68000030517578,92.68000030517578,92.68000030517578,440,0.0,0.0,2023-07-06
436,2023-07-06 09:56:00-04:00,92.52999877929688,92.52999877929688,92.52999877929688,92.52999877929688,402,0.0,0.0,2023-07-06
437,2023-07-06 09:57:00-04:00,92.80000305175781,92.80000305175781,92.80000305175781,92.80000305175781,696,0.0,0.0,2023-07-06
438,2023-07-06 10:03:00-04:00,92.66000366210938,92.66000366210938,92.48999786376953,92.5,1428,0.0,0.0,2023-07-06
439,2023-07-06 10:06:00-04:00,92.37000274658203,92.48999786376953,92.20999908447266,92.26000213623047,963,0.0,0.0,2023-07-06
440,2023-07-06 10:07:00-04:00,92.36000061035156,92.36000061035156,92.36000061035156,92.36000061035156,131,0.0,0.0,2023-07-06
441,2023-07-06 10:08:00-04:00,92.2699966430664,92.2699966430664,92.16000366210938,92.16999816894531,1235,0.0,0.0,2023-07-06
442,2023-07-06 10:09:00-04:00,92.08999633789062,92.08999633789062,92.0,92.0,1026,0.0,0.0,2023-07-06
443,2023-07-06 10:10:00-04:00,91.94000244140625,92.0,91.8301010131836,91.8499984741211,4516,0.0,0.0,2023-07-06
444,2023-07-06 10:11:00-04:00,91.83000183105469,91.87999725341797,91.80999755859375,91.8499984741211,1229,0.0,0.0,2023-07-06
445,2023-07-06 10:12:00-04:00,91.80999755859375,91.80999755859375,91.76000213623047,91.79000091552734,1407,0.0,0.0,2023-07-06
446,2023-07-06 10:13:00-04:00,91.80999755859375,91.80999755859375,91.77999877929688,91.80999755859375,2672,0.0,0.0,2023-07-06
447,2023-07-06 10:14:00-04:00,91.80999755859375,91.8499984741211,91.75,91.80500030517578,879,0.0,0.0,2023-07-06
448,2023-07-06 10:15:00-04:00,91.75,91.77999877929688,91.75,91.77999877929688,940,0.0,0.0,2023-07-06
449,2023-07-06 10:17:00-04:00,91.66000366210938,91.68219757080078,91.66000366210938,91.68219757080078,1286,0.0,0.0,2023-07-06
450,2023-07-06 10:19:00-04:00,91.5,91.56999969482422,91.5,91.51000213623047,619,0.0,0.0,2023-07-06
451,2023-07-06 10:20:00-04:00,91.50769805908203,91.50769805908203,91.45999908447266,91.45999908447266,579,0.0,0.0,2023-07-06
452,2023-07-06 10:21:00-04:00,91.63999938964844,91.63999938964844,91.48999786376953,91.48999786376953,1238,0.0,0.0,2023-07-06
453,2023-07-06 10:22:00-04:00,91.44000244140625,91.44000244140625,91.44000244140625,91.44000244140625,247,0.0,0.0,2023-07-06
454,2023-07-06 10:23:00-04:00,91.41000366210938,91.41000366210938,91.26000213623047,91.2699966430664,1264,0.0,0.0,2023-07-06
455,2023-07-06 10:24:00-04:00,91.23999786376953,91.23999786376953,91.23999786376953,91.23999786376953,246,0.0,0.0,2023-07-06
456,2023-07-06 10:25:00-04:00,91.2699966430664,91.2699966430664,91.25,91.25,251,0.0,0.0,2023-07-06
457,2023-07-06 10:26:00-04:00,91.25,91.25,91.25,91.25,303,0.0,0.0,2023-07-06
458,2023-07-06 10:27:00-04:00,91.23999786376953,91.36000061035156,91.22000122070312,91.3499984741211,3009,0.0,0.0,2023-07-06
459,2023-07-06 10:28:00-04:00,91.55999755859375,91.55999755859375,91.55999755859375,91.55999755859375,245,0.0,0.0,2023-07-06
460,2023-07-06 10:29:00-04:00,91.47920227050781,91.47920227050781,91.47920227050781,91.47920227050781,409,0.0,0.0,2023-07-06
461,2023-07-06 10:30:00-04:00,91.37999725341797,91.37999725341797,91.37999725341797,91.37999725341797,1025,0.0,0.0,2023-07-06
462,2023-07-06 10:31:00-04:00,91.22000122070312,91.41000366210938,91.22000122070312,91.41000366210938,1489,0.0,0.0,2023-07-06
463,2023-07-06 10:32:00-04:00,91.49500274658203,91.5,91.48999786376953,91.5,450,0.0,0.0,2023-07-06
464,2023-07-06 10:34:00-04:00,91.44999694824219,91.58000183105469,91.44999694824219,91.58000183105469,1208,0.0,0.0,2023-07-06
465,2023-07-06 10:35:00-04:00,91.69999694824219,91.70999908447266,91.66999816894531,91.66999816894531,662,0.0,0.0,2023-07-06
466,2023-07-06 10:36:00-04:00,91.66000366210938,91.66000366210938,91.66000366210938,91.66000366210938,218,0.0,0.0,2023-07-06
467,2023-07-06 10:37:00-04:00,91.55000305175781,91.55000305175781,91.52999877929688,91.52999877929688,831,0.0,0.0,2023-07-06
468,2023-07-06 10:38:00-04:00,91.47000122070312,91.47000122070312,91.37999725341797,91.39600372314453,752,0.0,0.0,2023-07-06
469,2023-07-06 10:39:00-04:00,91.45999908447266,91.45999908447266,91.45999908447266,91.45999908447266,672,0.0,0.0,2023-07-06
470,2023-07-06 10:42:00-04:00,91.30000305175781,91.30000305175781,91.30000305175781,91.30000305175781,590,0.0,0.0,2023-07-06
471,2023-07-06 10:44:00-04:00,91.30999755859375,91.30999755859375,91.30999755859375,91.30999755859375,320,0.0,0.0,2023-07-06
472,2023-07-06 10:45:00-04:00,91.2947006225586,91.2947006225586,91.2947006225586,91.2947006225586,296,0.0,0.0,2023-07-06
473,2023-07-06 10:46:00-04:00,91.19000244140625,91.19999694824219,91.18000030517578,91.19999694824219,836,0.0,0.0,2023-07-06
474,2023-07-06 10:47:00-04:00,91.1592025756836,91.25,91.1592025756836,91.25,1263,0.0,0.0,2023-07-06
475,2023-07-06 10:48:00-04:00,91.2750015258789,91.2750015258789,91.2750015258789,91.2750015258789,2005,0.0,0.0,2023-07-06
476,2023-07-06 10:49:00-04:00,91.33999633789062,91.38999938964844,91.30000305175781,91.31500244140625,4116,0.0,0.0,2023-07-06
477,2023-07-06 10:50:00-04:00,91.31500244140625,91.38999938964844,91.31500244140625,91.33000183105469,6049,0.0,0.0,2023-07-06
478,2023-07-06 10:51:00-04:00,91.29000091552734,91.29000091552734,91.29000091552734,91.29000091552734,829,0.0,0.0,2023-07-06
479,2023-07-06 10:52:00-04:00,91.21499633789062,91.21499633789062,91.16999816894531,91.16999816894531,1268,0.0,0.0,2023-07-06
480,2023-07-06 10:53:00-04:00,91.21499633789062,91.21499633789062,91.21499633789062,91.21499633789062,163,0.0,0.0,2023-07-06
481,2023-07-06 10:54:00-04:00,91.19000244140625,91.29000091552734,91.19000244140625,91.19000244140625,2163,0.0,0.0,2023-07-06
482,2023-07-06 10:55:00-04:00,91.24500274658203,91.24500274658203,91.24500274658203,91.24500274658203,1668,0.0,0.0,2023-07-06
483,2023-07-06 10:56:00-04:00,91.27999877929688,91.29000091552734,91.27999877929688,91.29000091552734,528,0.0,0.0,2023-07-06
484,2023-07-06 10:58:00-04:00,91.2300033569336,91.2300033569336,91.2300033569336,91.2300033569336,118,0.0,0.0,2023-07-06
485,2023-07-06 10:59:00-04:00,91.23500061035156,91.23500061035156,91.23500061035156,91.23500061035156,433,0.0,0.0,2023-07-06
486,2023-07-06 11:00:00-04:00,91.30999755859375,91.4800033569336,91.30999755859375,91.4800033569336,1932,0.0,0.0,2023-07-06
487,2023-07-06 11:01:00-04:00,91.43499755859375,91.5,91.36000061035156,91.5,1352,0.0,0.0,2023-07-06
488,2023-07-06 11:06:00-04:00,91.625,91.625,91.625,91.625,465,0.0,0.0,2023-07-06
489,2023-07-06 11:07:00-04:00,91.56999969482422,91.62000274658203,91.56999969482422,91.62000274658203,1397,0.0,0.0,2023-07-06
490,2023-07-06 11:08:00-04:00,91.66000366210938,91.69999694824219,91.63500213623047,91.63500213623047,1896,0.0,0.0,2023-07-06
491,2023-07-06 11:09:00-04:00,91.61000061035156,91.61000061035156,91.61000061035156,91.61000061035156,116,0.0,0.0,2023-07-06
492,2023-07-06 11:10:00-04:00,91.62999725341797,91.62999725341797,91.52999877929688,91.52999877929688,1426,0.0,0.0,2023-07-06
493,2023-07-06 11:15:00-04:00,91.45999908447266,91.45999908447266,91.45999908447266,91.45999908447266,359,0.0,0.0,2023-07-06
494,2023-07-06 11:16:00-04:00,91.28500366210938,91.28500366210938,91.28500366210938,91.28500366210938,195,0.0,0.0,2023-07-06
495,2023-07-06 11:17:00-04:00,91.33000183105469,91.37000274658203,91.33000183105469,91.37000274658203,996,0.0,0.0,2023-07-06
496,2023-07-06 11:20:00-04:00,91.33999633789062,91.33999633789062,91.33000183105469,91.33000183105469,288,0.0,0.0,2023-07-06
497,2023-07-06 11:21:00-04:00,91.32499694824219,91.32499694824219,91.32499694824219,91.32499694824219,100,0.0,0.0,2023-07-06
498,2023-07-06 11:22:00-04:00,91.29000091552734,91.3313980102539,91.29000091552734,91.32499694824219,2481,0.0,0.0,2023-07-06
499,2023-07-06 11:23:00-04:00,91.29000091552734,91.29000091552734,91.25,91.25,874,0.0,0.0,2023-07-06
500,2023-07-06 11:24:00-04:00,91.23500061035156,91.30000305175781,90.8499984741211,90.8499984741211,26987,0.0,0.0,2023-07-06
501,2023-07-06 11:25:00-04:00,90.9000015258789,90.93000030517578,90.7699966430664,90.91999816894531,3651,0.0,0.0,2023-07-06
502,2023-07-06 11:26:00-04:00,91.0,91.0,91.0,91.0,276,0.0,0.0,2023-07-06
503,2023-07-06 11:29:00-04:00,91.0,91.0,91.0,91.0,381,0.0,0.0,2023-07-06
504,2023-07-06 11:30:00-04:00,91.12960052490234,91.12960052490234,91.12960052490234,91.12960052490234,306,0.0,0.0,2023-07-06
505,2023-07-06 11:31:00-04:00,91.29000091552734,91.29000091552734,91.29000091552734,91.29000091552734,701,0.0,0.0,2023-07-06
506,2023-07-06 11:32:00-04:00,91.20999908447266,91.20999908447266,91.20999908447266,91.20999908447266,595,0.0,0.0,2023-07-06
507,2023-07-06 11:37:00-04:00,91.30999755859375,91.30999755859375,91.30999755859375,91.30999755859375,827,0.0,0.0,2023-07-06
508,2023-07-06 11:41:00-04:00,91.33999633789062,91.36499786376953,91.3375015258789,91.3375015258789,597,0.0,0.0,2023-07-06
509,2023-07-06 11:42:00-04:00,91.3499984741211,91.3499984741211,91.3499984741211,91.3499984741211,700,0.0,0.0,2023-07-06
510,2023-07-06 11:45:00-04:00,91.2699966430664,91.2699966430664,91.26000213623047,91.26000213623047,626,0.0,0.0,2023-07-06
511,2023-07-06 11:46:00-04:00,91.27999877929688,91.43000030517578,91.27999877929688,91.41999816894531,1403,0.0,0.0,2023-07-06
512,2023-07-06 11:49:00-04:00,91.29000091552734,91.29000091552734,91.2249984741211,91.2249984741211,593,0.0,0.0,2023-07-06
513,2023-07-06 11:51:00-04:00,91.16000366210938,91.16000366210938,91.0999984741211,91.0999984741211,790,0.0,0.0,2023-07-06
514,2023-07-06 11:52:00-04:00,91.16000366210938,91.16999816894531,91.16000366210938,91.16999816894531,481,0.0,0.0,2023-07-06
515,2023-07-06 11:53:00-04:00,91.22000122070312,91.22000122070312,91.22000122070312,91.22000122070312,137,0.0,0.0,2023-07-06
516,2023-07-06 11:54:00-04:00,91.18000030517578,91.18000030517578,91.18000030517578,91.18000030517578,412,0.0,0.0,2023-07-06
517,2023-07-06 11:58:00-04:00,91.0999984741211,91.0999984741211,90.95999908447266,91.0,1092,0.0,0.0,2023-07-06
518,2023-07-06 11:59:00-04:00,91.05000305175781,91.05000305175781,91.02999877929688,91.02999877929688,607,0.0,0.0,2023-07-06
519,2023-07-06 12:03:00-04:00,91.13999938964844,91.13999938964844,91.12000274658203,91.12000274658203,404,0.0,0.0,2023-07-06
520,2023-07-06 12:05:00-04:00,91.05999755859375,91.05999755859375,91.05999755859375,91.05999755859375,192,0.0,0.0,2023-07-06
521,2023-07-06 12:06:00-04:00,91.05000305175781,91.05000305175781,91.05000305175781,91.05000305175781,549,0.0,0.0,2023-07-06
522,2023-07-06 12:07:00-04:00,91.08999633789062,91.08999633789062,91.08999633789062,91.08999633789062,127,0.0,0.0,2023-07-06
523,2023-07-06 12:08:00-04:00,91.05000305175781,91.05000305175781,90.91999816894531,90.91999816894531,895,0.0,0.0,2023-07-06
524,2023-07-06 12:09:00-04:00,90.91999816894531,90.91999816894531,90.87000274658203,90.87000274658203,1542,0.0,0.0,2023-07-06
525,2023-07-06 12:10:00-04:00,90.94000244140625,90.9739990234375,90.94000244140625,90.9739990234375,449,0.0,0.0,2023-07-06
526,2023-07-06 12:11:00-04:00,90.9800033569336,91.05999755859375,90.9800033569336,91.05999755859375,502,0.0,0.0,2023-07-06
527,2023-07-06 12:12:00-04:00,91.0199966430664,91.05000305175781,90.98500061035156,91.05000305175781,1224,0.0,0.0,2023-07-06
528,2023-07-06 12:14:00-04:00,90.94999694824219,90.95500183105469,90.94000244140625,90.94000244140625,525,0.0,0.0,2023-07-06
529,2023-07-06 12:15:00-04:00,90.9800033569336,90.9800033569336,90.94000244140625,90.9800033569336,403,0.0,0.0,2023-07-06
530,2023-07-06 12:16:00-04:00,91.01000213623047,91.01000213623047,91.01000213623047,91.01000213623047,210,0.0,0.0,2023-07-06
531,2023-07-06 12:18:00-04:00,91.05000305175781,91.05000305175781,91.04000091552734,91.05000305175781,485,0.0,0.0,2023-07-06
532,2023-07-06 12:19:00-04:00,91.04000091552734,91.04000091552734,91.04000091552734,91.04000091552734,109,0.0,0.0,2023-07-06
533,2023-07-06 12:20:00-04:00,91.12000274658203,91.12999725341797,91.12000274658203,91.125,677,0.0,0.0,2023-07-06
534,2023-07-06 12:21:00-04:00,91.13999938964844,91.13999938964844,91.13999938964844,91.13999938964844,239,0.0,0.0,2023-07-06
535,2023-07-06 12:22:00-04:00,91.15499877929688,91.15499877929688,91.15499877929688,91.15499877929688,100,0.0,0.0,2023-07-06
536,2023-07-06 12:23:00-04:00,91.16000366210938,91.16000366210938,91.16000366210938,91.16000366210938,121,0.0,0.0,2023-07-06
537,2023-07-06 12:25:00-04:00,91.16999816894531,91.23999786376953,91.16500091552734,91.23999786376953,555,0.0,0.0,2023-07-06
538,2023-07-06 12:26:00-04:00,91.36499786376953,91.36499786376953,91.36499786376953,91.36499786376953,477,0.0,0.0,2023-07-06
539,2023-07-06 12:27:00-04:00,91.25,91.25,91.25,91.25,429,0.0,0.0,2023-07-06
540,2023-07-06 12:31:00-04:00,91.43720245361328,91.43720245361328,91.43720245361328,91.43720245361328,264,0.0,0.0,2023-07-06
541,2023-07-06 12:32:00-04:00,91.44000244140625,91.44000244140625,91.44000244140625,91.44000244140625,299,0.0,0.0,2023-07-06
542,2023-07-06 12:34:00-04:00,91.44000244140625,91.46399688720703,91.44000244140625,91.46399688720703,1207,0.0,0.0,2023-07-06
543,2023-07-06 12:36:00-04:00,91.4749984741211,91.4749984741211,91.4749984741211,91.4749984741211,161,0.0,0.0,2023-07-06
544,2023-07-06 12:37:00-04:00,91.44000244140625,91.51000213623047,91.4000015258789,91.43000030517578,3916,0.0,0.0,2023-07-06
545,2023-07-06 12:39:00-04:00,91.38999938964844,91.44999694824219,91.3499984741211,91.37999725341797,3273,0.0,0.0,2023-07-06
546,2023-07-06 12:40:00-04:00,91.41999816894531,91.51000213623047,91.41999816894531,91.51000213623047,1607,0.0,0.0,2023-07-06
547,2023-07-06 12:44:00-04:00,91.52999877929688,91.54000091552734,91.51000213623047,91.54000091552734,1371,0.0,0.0,2023-07-06
548,2023-07-06 12:48:00-04:00,91.51499938964844,91.51499938964844,91.51499938964844,91.51499938964844,119,0.0,0.0,2023-07-06
549,2023-07-06 12:49:00-04:00,91.51499938964844,91.51499938964844,91.51499938964844,91.51499938964844,329,0.0,0.0,2023-07-06
550,2023-07-06 12:50:00-04:00,91.58000183105469,91.68000030517578,91.58000183105469,91.68000030517578,1325,0.0,0.0,2023-07-06
551,2023-07-06 12:51:00-04:00,91.5999984741211,91.61000061035156,91.5,91.5,1527,0.0,0.0,2023-07-06
552,2023-07-06 12:52:00-04:00,91.51000213623047,91.51000213623047,91.50499725341797,91.50499725341797,973,0.0,0.0,2023-07-06
553,2023-07-06 12:55:00-04:00,91.56999969482422,91.56999969482422,91.56999969482422,91.56999969482422,196,0.0,0.0,2023-07-06
554,2023-07-06 12:57:00-04:00,91.55999755859375,91.55999755859375,91.51000213623047,91.51000213623047,391,0.0,0.0,2023-07-06
555,2023-07-06 12:58:00-04:00,91.52999877929688,91.52999877929688,91.52999877929688,91.52999877929688,280,0.0,0.0,2023-07-06
556,2023-07-06 13:06:00-04:00,91.57499694824219,91.62999725341797,91.57499694824219,91.62999725341797,739,0.0,0.0,2023-07-06
557,2023-07-06 13:07:00-04:00,91.6500015258789,91.6500015258789,91.63999938964844,91.6500015258789,521,0.0,0.0,2023-07-06
558,2023-07-06 13:08:00-04:00,91.63999938964844,91.63999938964844,91.55000305175781,91.55000305175781,1054,0.0,0.0,2023-07-06
559,2023-07-06 13:11:00-04:00,91.62000274658203,91.62999725341797,91.62000274658203,91.62999725341797,689,0.0,0.0,2023-07-06
560,2023-07-06 13:16:00-04:00,91.55999755859375,91.55999755859375,91.5,91.5,1110,0.0,0.0,2023-07-06
561,2023-07-06 13:17:00-04:00,91.5199966430664,91.54000091552734,91.49749755859375,91.49749755859375,1156,0.0,0.0,2023-07-06
562,2023-07-06 13:19:00-04:00,91.56999969482422,91.56999969482422,91.56999969482422,91.56999969482422,324,0.0,0.0,2023-07-06
563,2023-07-06 13:21:00-04:00,91.5999984741211,91.62000274658203,91.5999984741211,91.62000274658203,733,0.0,0.0,2023-07-06
564,2023-07-06 13:27:00-04:00,91.7699966430664,91.7699966430664,91.7699966430664,91.7699966430664,309,0.0,0.0,2023-07-06
565,2023-07-06 13:30:00-04:00,91.76000213623047,91.76000213623047,91.73999786376953,91.73999786376953,1031,0.0,0.0,2023-07-06
566,2023-07-06 13:32:00-04:00,91.72000122070312,91.72000122070312,91.72000122070312,91.72000122070312,108,0.0,0.0,2023-07-06
567,2023-07-06 13:33:00-04:00,91.73500061035156,91.73500061035156,91.73500061035156,91.73500061035156,174,0.0,0.0,2023-07-06
568,2023-07-06 13:34:00-04:00,91.73999786376953,91.73999786376953,91.73999786376953,91.73999786376953,209,0.0,0.0,2023-07-06
569,2023-07-06 13:35:00-04:00,91.69999694824219,91.69999694824219,91.69999694824219,91.69999694824219,105,0.0,0.0,2023-07-06
570,2023-07-06 13:36:00-04:00,91.69000244140625,91.69000244140625,91.69000244140625,91.69000244140625,100,0.0,0.0,2023-07-06
571,2023-07-06 13:37:00-04:00,91.72000122070312,91.75,91.68000030517578,91.75,4070,0.0,0.0,2023-07-06
572,2023-07-06 13:38:00-04:00,91.77999877929688,91.91000366210938,91.77999877929688,91.91000366210938,1118,0.0,0.0,2023-07-06
573,2023-07-06 13:40:00-04:00,91.93499755859375,91.93499755859375,91.93499755859375,91.93499755859375,303,0.0,0.0,2023-07-06
574,2023-07-06 13:41:00-04:00,92.0,92.0,91.91999816894531,91.91999816894531,1641,0.0,0.0,2023-07-06
575,2023-07-06 13:44:00-04:00,91.86000061035156,91.86000061035156,91.83999633789062,91.83999633789062,682,0.0,0.0,2023-07-06
576,2023-07-06 13:45:00-04:00,91.80000305175781,91.80000305175781,91.74500274658203,91.74500274658203,983,0.0,0.0,2023-07-06
577,2023-07-06 13:47:00-04:00,91.74500274658203,91.77999877929688,91.73999786376953,91.73999786376953,614,0.0,0.0,2023-07-06
578,2023-07-06 13:48:00-04:00,91.73500061035156,91.81999969482422,91.73500061035156,91.81999969482422,3444,0.0,0.0,2023-07-06
579,2023-07-06 13:49:00-04:00,91.80999755859375,91.81500244140625,91.80999755859375,91.81500244140625,471,0.0,0.0,2023-07-06
580,2023-07-06 13:50:00-04:00,91.80000305175781,91.80999755859375,91.76000213623047,91.76000213623047,1420,0.0,0.0,2023-07-06
581,2023-07-06 13:54:00-04:00,91.70999908447266,91.70999908447266,91.58999633789062,91.58999633789062,1809,0.0,0.0,2023-07-06
582,2023-07-06 13:57:00-04:00,91.63999938964844,91.66999816894531,91.63999938964844,91.66999816894531,920,0.0,0.0,2023-07-06
583,2023-07-06 13:59:00-04:00,91.71499633789062,91.71499633789062,91.71499633789062,91.71499633789062,186,0.0,0.0,2023-07-06
584,2023-07-06 14:00:00-04:00,91.66000366210938,91.66000366210938,91.66000366210938,91.66000366210938,326,0.0,0.0,2023-07-06
585,2023-07-06 14:03:00-04:00,91.54000091552734,91.54000091552734,91.54000091552734,91.54000091552734,261,0.0,0.0,2023-07-06
586,2023-07-06 14:05:00-04:00,91.54000091552734,91.54000091552734,91.54000091552734,91.54000091552734,117,0.0,0.0,2023-07-06
587,2023-07-06 14:07:00-04:00,91.58000183105469,91.58000183105469,91.54000091552734,91.54000091552734,522,0.0,0.0,2023-07-06
588,2023-07-06 14:08:00-04:00,91.56999969482422,91.56999969482422,91.56999969482422,91.56999969482422,420,0.0,0.0,2023-07-06
589,2023-07-06 14:11:00-04:00,91.61000061035156,91.61000061035156,91.61000061035156,91.61000061035156,605,0.0,0.0,2023-07-06
590,2023-07-06 14:16:00-04:00,91.55000305175781,91.55000305175781,91.4800033569336,91.48999786376953,1160,0.0,0.0,2023-07-06
591,2023-07-06 14:20:00-04:00,91.4800033569336,91.4800033569336,91.37999725341797,91.40499877929688,2562,0.0,0.0,2023-07-06
592,2023-07-06 14:21:00-04:00,91.4000015258789,91.4000015258789,91.4000015258789,91.4000015258789,404,0.0,0.0,2023-07-06
593,2023-07-06 14:22:00-04:00,91.36000061035156,91.36000061035156,91.31500244140625,91.31500244140625,514,0.0,0.0,2023-07-06
594,2023-07-06 14:23:00-04:00,91.31500244140625,91.31500244140625,91.31500244140625,91.31500244140625,165,0.0,0.0,2023-07-06
595,2023-07-06 14:24:00-04:00,91.32499694824219,91.32499694824219,91.32499694824219,91.32499694824219,787,0.0,0.0,2023-07-06
596,2023-07-06 14:30:00-04:00,91.34500122070312,91.375,91.34500122070312,91.375,1058,0.0,0.0,2023-07-06
597,2023-07-06 14:31:00-04:00,91.3949966430664,91.41999816894531,91.38999938964844,91.4000015258789,1409,0.0,0.0,2023-07-06
598,2023-07-06 14:32:00-04:00,91.37999725341797,91.37999725341797,91.36000061035156,91.375,1291,0.0,0.0,2023-07-06
599,2023-07-06 14:34:00-04:00,91.41000366210938,91.41000366210938,91.41000366210938,91.41000366210938,740,0.0,0.0,2023-07-06
600,2023-07-06 14:35:00-04:00,91.37999725341797,91.37999725341797,91.37999725341797,91.37999725341797,172,0.0,0.0,2023-07-06
601,2023-07-06 14:38:00-04:00,91.40499877929688,91.45999908447266,91.40499877929688,91.45999908447266,1354,0.0,0.0,2023-07-06
602,2023-07-06 14:41:00-04:00,91.54000091552734,91.54000091552734,91.49500274658203,91.54000091552734,581,0.0,0.0,2023-07-06
603,2023-07-06 14:42:00-04:00,91.51000213623047,91.51000213623047,91.48999786376953,91.48999786376953,509,0.0,0.0,2023-07-06
604,2023-07-06 14:44:00-04:00,91.5250015258789,91.5250015258789,91.44000244140625,91.48999786376953,2131,0.0,0.0,2023-07-06
605,2023-07-06 14:45:00-04:00,91.4800033569336,91.4800033569336,91.4800033569336,91.4800033569336,328,0.0,0.0,2023-07-06
606,2023-07-06 14:46:00-04:00,91.5,91.5,91.5,91.5,734,0.0,0.0,2023-07-06
607,2023-07-06 14:50:00-04:00,91.66000366210938,91.66000366210938,91.66000366210938,91.66000366210938,375,0.0,0.0,2023-07-06
608,2023-07-06 14:52:00-04:00,91.75,91.75,91.61000061035156,91.61000061035156,760,0.0,0.0,2023-07-06
609,2023-07-06 14:53:00-04:00,91.65499877929688,91.65499877929688,91.65499877929688,91.65499877929688,172,0.0,0.0,2023-07-06
610,2023-07-06 14:55:00-04:00,91.72000122070312,91.7300033569336,91.72000122070312,91.7300033569336,1004,0.0,0.0,2023-07-06
611,2023-07-06 14:56:00-04:00,91.75679779052734,91.75679779052734,91.66000366210938,91.66000366210938,2551,0.0,0.0,2023-07-06
612,2023-07-06 14:59:00-04:00,91.66999816894531,91.66999816894531,91.6449966430664,91.6500015258789,1394,0.0,0.0,2023-07-06
613,2023-07-06 15:01:00-04:00,91.65499877929688,91.69999694824219,91.65499877929688,91.69999694824219,794,0.0,0.0,2023-07-06
614,2023-07-06 15:02:00-04:00,91.69000244140625,91.69999694824219,91.69000244140625,91.69999694824219,316,0.0,0.0,2023-07-06
615,2023-07-06 15:03:00-04:00,91.66000366210938,91.66000366210938,91.66000366210938,91.66000366210938,584,0.0,0.0,2023-07-06
616,2023-07-06 15:05:00-04:00,91.69999694824219,91.69999694824219,91.69999694824219,91.69999694824219,975,0.0,0.0,2023-07-06
617,2023-07-06 15:08:00-04:00,91.67500305175781,91.67500305175781,91.67500305175781,91.67500305175781,101,0.0,0.0,2023-07-06
618,2023-07-06 15:09:00-04:00,91.68000030517578,91.68000030517578,91.5999984741211,91.5999984741211,1734,0.0,0.0,2023-07-06
619,2023-07-06 15:10:00-04:00,91.5999984741211,91.62740325927734,91.56999969482422,91.56999969482422,999,0.0,0.0,2023-07-06
620,2023-07-06 15:11:00-04:00,91.58000183105469,91.58000183105469,91.58000183105469,91.58000183105469,232,0.0,0.0,2023-07-06
621,2023-07-06 15:12:00-04:00,91.5199966430664,91.5199966430664,91.5199966430664,91.5199966430664,304,0.0,0.0,2023-07-06
622,2023-07-06 15:13:00-04:00,91.46499633789062,91.46499633789062,91.45500183105469,91.45500183105469,366,0.0,0.0,2023-07-06
623,2023-07-06 15:14:00-04:00,91.44000244140625,91.44000244140625,91.44000244140625,91.44000244140625,361,0.0,0.0,2023-07-06
624,2023-07-06 15:17:00-04:00,91.44499969482422,91.4800033569336,91.43000030517578,91.43000030517578,1789,0.0,0.0,2023-07-06
625,2023-07-06 15:19:00-04:00,91.4800033569336,91.5199966430664,91.4800033569336,91.5199966430664,892,0.0,0.0,2023-07-06
626,2023-07-06 15:20:00-04:00,91.47000122070312,91.47000122070312,91.43000030517578,91.43000030517578,1217,0.0,0.0,2023-07-06
627,2023-07-06 15:21:00-04:00,91.45999908447266,91.45999908447266,91.45999908447266,91.45999908447266,836,0.0,0.0,2023-07-06
628,2023-07-06 15:26:00-04:00,91.41999816894531,91.41999816894531,91.41999816894531,91.41999816894531,652,0.0,0.0,2023-07-06
629,2023-07-06 15:27:00-04:00,91.4000015258789,91.43000030517578,91.4000015258789,91.4000015258789,393,0.0,0.0,2023-07-06
630,2023-07-06 15:28:00-04:00,91.4000015258789,91.43000030517578,91.4000015258789,91.43000030517578,530,0.0,0.0,2023-07-06
631,2023-07-06 15:29:00-04:00,91.41000366210938,91.41000366210938,91.38999938964844,91.38999938964844,744,0.0,0.0,2023-07-06
632,2023-07-06 15:30:00-04:00,91.33999633789062,91.3499984741211,91.30000305175781,91.3499984741211,1168,0.0,0.0,2023-07-06
633,2023-07-06 15:31:00-04:00,91.33999633789062,91.4000015258789,91.33999633789062,91.4000015258789,2424,0.0,0.0,2023-07-06
634,2023-07-06 15:33:00-04:00,91.50499725341797,91.55000305175781,91.50499725341797,91.55000305175781,591,0.0,0.0,2023-07-06
635,2023-07-06 15:34:00-04:00,91.59500122070312,91.59500122070312,91.52999877929688,91.55000305175781,1101,0.0,0.0,2023-07-06
636,2023-07-06 15:36:00-04:00,91.55999755859375,91.55999755859375,91.4800033569336,91.4800033569336,1625,0.0,0.0,2023-07-06
637,2023-07-06 15:37:00-04:00,91.44000244140625,91.44000244140625,91.4000015258789,91.4000015258789,1118,0.0,0.0,2023-07-06
638,2023-07-06 15:38:00-04:00,91.41000366210938,91.41000366210938,91.37999725341797,91.37999725341797,714,0.0,0.0,2023-07-06
639,2023-07-06 15:39:00-04:00,91.37000274658203,91.43000030517578,91.37000274658203,91.37249755859375,2601,0.0,0.0,2023-07-06
640,2023-07-06 15:40:00-04:00,91.31999969482422,91.31999969482422,91.31999969482422,91.31999969482422,392,0.0,0.0,2023-07-06
641,2023-07-06 15:41:00-04:00,91.31999969482422,91.31999969482422,91.2699966430664,91.2699966430664,2874,0.0,0.0,2023-07-06
642,2023-07-06 15:42:00-04:00,91.16000366210938,91.16000366210938,91.16000366210938,91.16000366210938,106,0.0,0.0,2023-07-06
643,2023-07-06 15:43:00-04:00,91.19000244140625,91.19000244140625,91.19000244140625,91.19000244140625,1015,0.0,0.0,2023-07-06
644,2023-07-06 15:44:00-04:00,91.19999694824219,91.19999694824219,91.19000244140625,91.19999694824219,939,0.0,0.0,2023-07-06
645,2023-07-06 15:45:00-04:00,91.1500015258789,91.16000366210938,91.09750366210938,91.11499786376953,1058,0.0,0.0,2023-07-06
646,2023-07-06 15:46:00-04:00,91.1050033569336,91.1050033569336,91.02999877929688,91.06999969482422,1536,0.0,0.0,2023-07-06
647,2023-07-06 15:47:00-04:00,91.08999633789062,91.08999633789062,90.98500061035156,91.02999877929688,1861,0.0,0.0,2023-07-06
648,2023-07-06 15:48:00-04:00,91.01499938964844,91.01499938964844,91.01499938964844,91.01499938964844,103,0.0,0.0,2023-07-06
649,2023-07-06 15:49:00-04:00,91.01499938964844,91.1500015258789,91.01499938964844,91.1500015258789,1846,0.0,0.0,2023-07-06
650,2023-07-06 15:50:00-04:00,91.16999816894531,91.18000030517578,91.12999725341797,91.12999725341797,1338,0.0,0.0,2023-07-06
651,2023-07-06 15:51:00-04:00,91.1449966430664,91.1449966430664,91.1449966430664,91.1449966430664,614,0.0,0.0,2023-07-06
652,2023-07-06 15:52:00-04:00,91.1500015258789,91.23999786376953,91.1500015258789,91.19000244140625,5609,0.0,0.0,2023-07-06
653,2023-07-06 15:53:00-04:00,91.12999725341797,91.1500015258789,91.08999633789062,91.11000061035156,1949,0.0,0.0,2023-07-06
654,2023-07-06 15:54:00-04:00,91.16999816894531,91.36000061035156,91.16500091552734,91.27999877929688,5554,0.0,0.0,2023-07-06
655,2023-07-06 15:55:00-04:00,91.2750015258789,91.31999969482422,91.2750015258789,91.31999969482422,1400,0.0,0.0,2023-07-06
656,2023-07-06 15:56:00-04:00,91.31999969482422,91.36000061035156,91.31999969482422,91.36000061035156,661,0.0,0.0,2023-07-06
657,2023-07-06 15:57:00-04:00,91.36000061035156,91.3949966430664,91.31999969482422,91.3949966430664,2745,0.0,0.0,2023-07-06
658,2023-07-06 15:58:00-04:00,91.41999816894531,91.41999816894531,91.30999755859375,91.30999755859375,7412,0.0,0.0,2023-07-06
659,2023-07-06 15:59:00-04:00,91.31999969482422,91.3499984741211,91.27999877929688,91.27999877929688,10769,0.0,0.0,2023-07-06
660,2023-07-07 09:30:00-04:00,91.61000061035156,91.61000061035156,91.0999984741211,91.0999984741211,2213,0.0,0.0,2023-07-07
661,2023-07-07 09:31:00-04:00,91.8499984741211,91.8499984741211,91.8499984741211,91.8499984741211,241,0.0,0.0,2023-07-07
662,2023-07-07 09:32:00-04:00,91.91000366210938,91.9800033569336,91.75,91.87999725341797,994,0.0,0.0,2023-07-07
663,2023-07-07 09:34:00-04:00,92.06999969482422,92.06999969482422,92.06999969482422,92.06999969482422,314,0.0,0.0,2023-07-07
664,2023-07-07 09:35:00-04:00,92.16999816894531,92.20999908447266,92.06999969482422,92.08000183105469,879,0.0,0.0,2023-07-07
665,2023-07-07 09:37:00-04:00,92.0999984741211,92.0999984741211,92.0999984741211,92.0999984741211,116,0.0,0.0,2023-07-07
666,2023-07-07 09:38:00-04:00,92.21499633789062,92.21499633789062,92.21499633789062,92.21499633789062,223,0.0,0.0,2023-07-07
667,2023-07-07 09:40:00-04:00,92.16000366210938,92.18000030517578,92.16000366210938,92.18000030517578,445,0.0,0.0,2023-07-07
668,2023-07-07 09:42:00-04:00,92.33999633789062,92.33999633789062,92.12000274658203,92.12000274658203,420,0.0,0.0,2023-07-07
669,2023-07-07 09:43:00-04:00,91.98999786376953,91.98999786376953,91.87999725341797,91.94400024414062,329,0.0,0.0,2023-07-07
670,2023-07-07 09:44:00-04:00,91.9800033569336,91.9800033569336,91.88999938964844,91.88999938964844,309,0.0,0.0,2023-07-07
671,2023-07-07 09:46:00-04:00,91.87249755859375,91.9749984741211,91.87249755859375,91.9749984741211,290,0.0,0.0,2023-07-07
672,2023-07-07 09:47:00-04:00,91.98999786376953,91.98999786376953,91.98999786376953,91.98999786376953,309,0.0,0.0,2023-07-07
673,2023-07-07 09:48:00-04:00,91.98999786376953,91.98999786376953,91.98999786376953,91.98999786376953,373,0.0,0.0,2023-07-07
674,2023-07-07 09:50:00-04:00,92.05999755859375,92.05999755859375,92.05999755859375,92.05999755859375,386,0.0,0.0,2023-07-07
675,2023-07-07 09:51:00-04:00,92.0999984741211,92.0999984741211,92.0999984741211,92.0999984741211,143,0.0,0.0,2023-07-07
676,2023-07-07 09:53:00-04:00,92.09500122070312,92.09500122070312,92.09500122070312,92.09500122070312,160,0.0,0.0,2023-07-07
677,2023-07-07 09:54:00-04:00,92.12000274658203,92.12000274658203,92.03500366210938,92.03500366210938,222,0.0,0.0,2023-07-07
678,2023-07-07 09:55:00-04:00,92.16000366210938,92.16000366210938,92.0999984741211,92.0999984741211,334,0.0,0.0,2023-07-07
679,2023-07-07 09:57:00-04:00,92.09500122070312,92.09500122070312,92.09500122070312,92.09500122070312,634,0.0,0.0,2023-07-07
680,2023-07-07 09:58:00-04:00,91.9749984741211,91.9749984741211,91.9749984741211,91.9749984741211,379,0.0,0.0,2023-07-07
681,2023-07-07 10:00:00-04:00,92.02999877929688,92.12000274658203,92.02999877929688,92.12000274658203,748,0.0,0.0,2023-07-07
682,2023-07-07 10:01:00-04:00,92.12999725341797,92.12999725341797,92.0999984741211,92.0999984741211,494,0.0,0.0,2023-07-07
683,2023-07-07 10:02:00-04:00,92.20999908447266,92.20999908447266,92.16500091552734,92.16500091552734,581,0.0,0.0,2023-07-07
684,2023-07-07 10:03:00-04:00,92.13999938964844,92.13999938964844,92.05999755859375,92.05999755859375,755,0.0,0.0,2023-07-07
685,2023-07-07 10:04:00-04:00,92.0199966430664,92.0199966430664,92.0199966430664,92.0199966430664,250,0.0,0.0,2023-07-07
686,2023-07-07 10:07:00-04:00,91.7300033569336,91.7300033569336,91.7300033569336,91.7300033569336,105,0.0,0.0,2023-07-07
687,2023-07-07 10:08:00-04:00,91.69999694824219,91.69999694824219,91.69999694824219,91.69999694824219,220,0.0,0.0,2023-07-07
688,2023-07-07 10:09:00-04:00,91.8499984741211,91.88999938964844,91.8499984741211,91.88999938964844,757,0.0,0.0,2023-07-07
689,2023-07-07 10:11:00-04:00,92.01499938964844,92.01499938964844,92.01499938964844,92.01499938964844,309,0.0,0.0,2023-07-07
690,2023-07-07 10:12:00-04:00,92.0,92.08000183105469,92.0,92.02999877929688,451,0.0,0.0,2023-07-07
691,2023-07-07 10:13:00-04:00,92.0199966430664,92.0199966430664,92.0199966430664,92.0199966430664,228,0.0,0.0,2023-07-07
692,2023-07-07 10:15:00-04:00,92.0199966430664,92.1050033569336,92.0199966430664,92.1050033569336,1009,0.0,0.0,2023-07-07
693,2023-07-07 10:16:00-04:00,92.02999877929688,92.02999877929688,91.9800033569336,91.9800033569336,679,0.0,0.0,2023-07-07
694,2023-07-07 10:18:00-04:00,92.08499908447266,92.08499908447266,92.08499908447266,92.08499908447266,212,0.0,0.0,2023-07-07
695,2023-07-07 10:21:00-04:00,92.08000183105469,92.09500122070312,92.08000183105469,92.08000183105469,635,0.0,0.0,2023-07-07
696,2023-07-07 10:22:00-04:00,91.9800033569336,92.01000213623047,91.9800033569336,92.01000213623047,316,0.0,0.0,2023-07-07
697,2023-07-07 10:23:00-04:00,91.94000244140625,91.94000244140625,91.94000244140625,91.94000244140625,182,0.0,0.0,2023-07-07
698,2023-07-07 10:24:00-04:00,91.95999908447266,91.95999908447266,91.95999908447266,91.95999908447266,177,0.0,0.0,2023-07-07
699,2023-07-07 10:26:00-04:00,92.05000305175781,92.05000305175781,91.98999786376953,91.98999786376953,608,0.0,0.0,2023-07-07
700,2023-07-07 10:27:00-04:00,92.05999755859375,92.05999755859375,92.05999755859375,92.05999755859375,180,0.0,0.0,2023-07-07
701,2023-07-07 10:31:00-04:00,92.06999969482422,92.06999969482422,92.06999969482422,92.06999969482422,342,0.0,0.0,2023-07-07
702,2023-07-07 10:33:00-04:00,92.18000030517578,92.22000122070312,92.18000030517578,92.22000122070312,570,0.0,0.0,2023-07-07
703,2023-07-07 10:34:00-04:00,92.1500015258789,92.1500015258789,92.09500122070312,92.09500122070312,1296,0.0,0.0,2023-07-07
704,2023-07-07 10:35:00-04:00,92.09500122070312,92.18000030517578,92.09500122070312,92.18000030517578,934,0.0,0.0,2023-07-07
705,2023-07-07 10:36:00-04:00,92.30999755859375,92.30999755859375,92.30999755859375,92.30999755859375,239,0.0,0.0,2023-07-07
706,2023-07-07 10:37:00-04:00,92.29000091552734,92.29000091552734,92.16999816894531,92.16999816894531,1384,0.0,0.0,2023-07-07
707,2023-07-07 10:40:00-04:00,92.22000122070312,92.30000305175781,92.22000122070312,92.25499725341797,980,0.0,0.0,2023-07-07
708,2023-07-07 10:41:00-04:00,92.33999633789062,92.33999633789062,92.33999633789062,92.33999633789062,371,0.0,0.0,2023-07-07
709,2023-07-07 10:42:00-04:00,92.41999816894531,92.41999816894531,92.41999816894531,92.41999816894531,173,0.0,0.0,2023-07-07
710,2023-07-07 10:43:00-04:00,92.37999725341797,92.41999816894531,92.37999725341797,92.41999816894531,677,0.0,0.0,2023-07-07
711,2023-07-07 10:44:00-04:00,92.30999755859375,92.30999755859375,92.29000091552734,92.29000091552734,769,0.0,0.0,2023-07-07
712,2023-07-07 10:45:00-04:00,92.29499816894531,92.29499816894531,92.29499816894531,92.29499816894531,383,0.0,0.0,2023-07-07
713,2023-07-07 10:46:00-04:00,92.3499984741211,92.375,92.3499984741211,92.375,434,0.0,0.0,2023-07-07
714,2023-07-07 10:49:00-04:00,92.27999877929688,92.27999877929688,92.2249984741211,92.2249984741211,720,0.0,0.0,2023-07-07
715,2023-07-07 10:51:00-04:00,92.12999725341797,92.13999938964844,92.0999984741211,92.0999984741211,544,0.0,0.0,2023-07-07
716,2023-07-07 10:52:00-04:00,92.04000091552734,92.04000091552734,92.04000091552734,92.04000091552734,198,0.0,0.0,2023-07-07
717,2023-07-07 10:55:00-04:00,92.16000366210938,92.2699966430664,92.16000366210938,92.22000122070312,1147,0.0,0.0,2023-07-07
718,2023-07-07 10:56:00-04:00,92.2699966430664,92.2699966430664,92.23999786376953,92.23999786376953,259,0.0,0.0,2023-07-07
719,2023-07-07 10:57:00-04:00,92.31999969482422,92.31999969482422,92.30999755859375,92.30999755859375,590,0.0,0.0,2023-07-07
720,2023-07-07 10:58:00-04:00,92.41000366210938,92.41000366210938,92.41000366210938,92.41000366210938,1135,0.0,0.0,2023-07-07
721,2023-07-07 10:59:00-04:00,92.3499984741211,92.3499984741211,92.3499984741211,92.3499984741211,111,0.0,0.0,2023-07-07
722,2023-07-07 11:00:00-04:00,92.4000015258789,92.4000015258789,92.4000015258789,92.4000015258789,106,0.0,0.0,2023-07-07
723,2023-07-07 11:01:00-04:00,92.41000366210938,92.44999694824219,92.40499877929688,92.44999694824219,573,0.0,0.0,2023-07-07
724,2023-07-07 11:02:00-04:00,92.47000122070312,92.47000122070312,92.4000015258789,92.4000015258789,520,0.0,0.0,2023-07-07
725,2023-07-07 11:07:00-04:00,92.4000015258789,92.4000015258789,92.4000015258789,92.4000015258789,282,0.0,0.0,2023-07-07
726,2023-07-07 11:10:00-04:00,92.45500183105469,92.45500183105469,92.45500183105469,92.45500183105469,304,0.0,0.0,2023-07-07
727,2023-07-07 11:16:00-04:00,92.45500183105469,92.55000305175781,92.45500183105469,92.4800033569336,1364,0.0,0.0,2023-07-07
728,2023-07-07 11:18:00-04:00,92.45999908447266,92.45999908447266,92.38999938964844,92.4000015258789,1500,0.0,0.0,2023-07-07
729,2023-07-07 11:19:00-04:00,92.3499984741211,92.3499984741211,92.3499984741211,92.3499984741211,118,0.0,0.0,2023-07-07
730,2023-07-07 11:20:00-04:00,92.38500213623047,92.45999908447266,92.38500213623047,92.45999908447266,1311,0.0,0.0,2023-07-07
731,2023-07-07 11:23:00-04:00,92.50499725341797,92.50499725341797,92.50499725341797,92.50499725341797,260,0.0,0.0,2023-07-07
732,2023-07-07 11:24:00-04:00,92.58999633789062,92.58999633789062,92.58999633789062,92.58999633789062,979,0.0,0.0,2023-07-07
733,2023-07-07 11:26:00-04:00,92.62000274658203,92.62000274658203,92.61000061035156,92.61000061035156,354,0.0,0.0,2023-07-07
734,2023-07-07 11:27:00-04:00,92.5999984741211,92.5999984741211,92.55999755859375,92.55999755859375,209,0.0,0.0,2023-07-07
735,2023-07-07 11:28:00-04:00,92.59500122070312,92.59500122070312,92.59500122070312,92.59500122070312,516,0.0,0.0,2023-07-07
736,2023-07-07 11:30:00-04:00,92.68000030517578,92.68000030517578,92.66500091552734,92.66500091552734,538,0.0,0.0,2023-07-07
737,2023-07-07 11:32:00-04:00,92.69499969482422,92.69499969482422,92.69499969482422,92.69499969482422,281,0.0,0.0,2023-07-07
738,2023-07-07 11:34:00-04:00,92.69999694824219,92.69999694824219,92.69999694824219,92.69999694824219,103,0.0,0.0,2023-07-07
739,2023-07-07 11:36:00-04:00,92.66999816894531,92.66999816894531,92.57499694824219,92.62000274658203,1989,0.0,0.0,2023-07-07
740,2023-07-07 11:40:00-04:00,92.6050033569336,92.6050033569336,92.6050033569336,92.6050033569336,126,0.0,0.0,2023-07-07
741,2023-07-07 11:42:00-04:00,92.5999984741211,92.5999984741211,92.5999984741211,92.5999984741211,141,0.0,0.0,2023-07-07
742,2023-07-07 11:43:00-04:00,92.6050033569336,92.6050033569336,92.6050033569336,92.6050033569336,121,0.0,0.0,2023-07-07
743,2023-07-07 11:44:00-04:00,92.6050033569336,92.6050033569336,92.6050033569336,92.6050033569336,225,0.0,0.0,2023-07-07
744,2023-07-07 11:45:00-04:00,92.61000061035156,92.61000061035156,92.55000305175781,92.56999969482422,2279,0.0,0.0,2023-07-07
745,2023-07-07 11:46:00-04:00,92.54519653320312,92.54519653320312,92.4000015258789,92.4000015258789,2371,0.0,0.0,2023-07-07
746,2023-07-07 11:49:00-04:00,92.41000366210938,92.41999816894531,92.41000366210938,92.41999816894531,380,0.0,0.0,2023-07-07
747,2023-07-07 11:50:00-04:00,92.38999938964844,92.38999938964844,92.38999938964844,92.38999938964844,499,0.0,0.0,2023-07-07
748,2023-07-07 11:53:00-04:00,92.30000305175781,92.30000305175781,92.23999786376953,92.23999786376953,694,0.0,0.0,2023-07-07
749,2023-07-07 11:54:00-04:00,92.27999877929688,92.27999877929688,92.25,92.25,699,0.0,0.0,2023-07-07
750,2023-07-07 11:55:00-04:00,92.33999633789062,92.41999816894531,92.29499816894531,92.41999816894531,1784,0.0,0.0,2023-07-07
751,2023-07-07 11:56:00-04:00,92.43499755859375,92.43499755859375,92.3499984741211,92.3499984741211,2118,0.0,0.0,2023-07-07
752,2023-07-07 11:59:00-04:00,92.2699966430664,92.27999877929688,92.20999908447266,92.27999877929688,918,0.0,0.0,2023-07-07
753,2023-07-07 12:00:00-04:00,92.28500366210938,92.33000183105469,92.28500366210938,92.33000183105469,653,0.0,0.0,2023-07-07
754,2023-07-07 12:04:00-04:00,92.27999877929688,92.27999877929688,92.26000213623047,92.26000213623047,965,0.0,0.0,2023-07-07
755,2023-07-07 12:05:00-04:00,92.16999816894531,92.16999816894531,92.13999938964844,92.13999938964844,534,0.0,0.0,2023-07-07
756,2023-07-07 12:10:00-04:00,92.12519836425781,92.12519836425781,92.11000061035156,92.11000061035156,1488,0.0,0.0,2023-07-07
757,2023-07-07 12:12:00-04:00,92.12000274658203,92.12000274658203,91.94999694824219,92.02999877929688,1275,0.0,0.0,2023-07-07
758,2023-07-07 12:13:00-04:00,91.98500061035156,91.98999786376953,91.93000030517578,91.93000030517578,577,0.0,0.0,2023-07-07
759,2023-07-07 12:14:00-04:00,92.06999969482422,92.18000030517578,92.06999969482422,92.09500122070312,1291,0.0,0.0,2023-07-07
760,2023-07-07 12:15:00-04:00,92.18000030517578,92.2249984741211,92.18000030517578,92.2249984741211,390,0.0,0.0,2023-07-07
761,2023-07-07 12:16:00-04:00,92.2249984741211,92.2249984741211,92.2249984741211,92.2249984741211,266,0.0,0.0,2023-07-07
762,2023-07-07 12:18:00-04:00,92.36000061035156,92.36000061035156,92.36000061035156,92.36000061035156,399,0.0,0.0,2023-07-07
763,2023-07-07 12:20:00-04:00,92.38500213623047,92.38500213623047,92.34500122070312,92.37999725341797,649,0.0,0.0,2023-07-07
764,2023-07-07 12:22:00-04:00,92.43000030517578,92.43000030517578,92.43000030517578,92.43000030517578,191,0.0,0.0,2023-07-07
765,2023-07-07 12:23:00-04:00,92.29000091552734,92.29000091552734,92.19000244140625,92.2300033569336,2175,0.0,0.0,2023-07-07
766,2023-07-07 12:26:00-04:00,92.30000305175781,92.30000305175781,92.30000305175781,92.30000305175781,366,0.0,0.0,2023-07-07
767,2023-07-07 12:28:00-04:00,92.36000061035156,92.4000015258789,92.3499984741211,92.3499984741211,1344,0.0,0.0,2023-07-07
768,2023-07-07 12:29:00-04:00,92.3499984741211,92.3499984741211,92.1990966796875,92.29499816894531,3756,0.0,0.0,2023-07-07
769,2023-07-07 12:31:00-04:00,92.37999725341797,92.45999908447266,92.37999725341797,92.42749786376953,878,0.0,0.0,2023-07-07
770,2023-07-07 12:32:00-04:00,92.47000122070312,92.48999786376953,92.41999816894531,92.41999816894531,1011,0.0,0.0,2023-07-07
771,2023-07-07 12:33:00-04:00,92.41999816894531,92.41999816894531,92.41999816894531,92.41999816894531,109,0.0,0.0,2023-07-07
772,2023-07-07 12:34:00-04:00,92.46499633789062,92.47000122070312,92.46499633789062,92.47000122070312,553,0.0,0.0,2023-07-07
773,2023-07-07 12:36:00-04:00,92.47000122070312,92.62999725341797,92.47000122070312,92.62999725341797,1453,0.0,0.0,2023-07-07
774,2023-07-07 12:37:00-04:00,92.69499969482422,92.69499969482422,92.69499969482422,92.69499969482422,113,0.0,0.0,2023-07-07
775,2023-07-07 12:39:00-04:00,92.69000244140625,92.69000244140625,92.69000244140625,92.69000244140625,140,0.0,0.0,2023-07-07
776,2023-07-07 12:40:00-04:00,92.70500183105469,92.70500183105469,92.70500183105469,92.70500183105469,245,0.0,0.0,2023-07-07
777,2023-07-07 12:42:00-04:00,92.72000122070312,92.73500061035156,92.72000122070312,92.73500061035156,318,0.0,0.0,2023-07-07
778,2023-07-07 12:43:00-04:00,92.8499984741211,92.8499984741211,92.73500061035156,92.77999877929688,2330,0.0,0.0,2023-07-07
779,2023-07-07 12:47:00-04:00,92.70999908447266,92.73500061035156,92.63500213623047,92.6449966430664,3118,0.0,0.0,2023-07-07
780,2023-07-07 12:48:00-04:00,92.62249755859375,92.63500213623047,92.54499816894531,92.63500213623047,1592,0.0,0.0,2023-07-07
781,2023-07-07 12:49:00-04:00,92.54499816894531,92.54499816894531,92.37999725341797,92.4000015258789,5196,0.0,0.0,2023-07-07
782,2023-07-07 12:50:00-04:00,92.4999008178711,92.4999008178711,92.44999694824219,92.44999694824219,920,0.0,0.0,2023-07-07
783,2023-07-07 12:51:00-04:00,92.45999908447266,92.45999908447266,92.41000366210938,92.41000366210938,2043,0.0,0.0,2023-07-07
784,2023-07-07 12:53:00-04:00,92.3949966430664,92.41999816894531,92.3949966430664,92.41999816894531,300,0.0,0.0,2023-07-07
785,2023-07-07 12:54:00-04:00,92.44999694824219,92.44999694824219,92.44999694824219,92.44999694824219,908,0.0,0.0,2023-07-07
786,2023-07-07 12:55:00-04:00,92.5,92.5,92.5,92.5,903,0.0,0.0,2023-07-07
787,2023-07-07 12:59:00-04:00,92.54499816894531,92.54499816894531,92.54499816894531,92.54499816894531,133,0.0,0.0,2023-07-07
788,2023-07-07 13:00:00-04:00,92.55500030517578,92.55999755859375,92.5,92.5,1681,0.0,0.0,2023-07-07
789,2023-07-07 13:04:00-04:00,92.55000305175781,92.55000305175781,92.55000305175781,92.55000305175781,174,0.0,0.0,2023-07-07
790,2023-07-07 13:08:00-04:00,92.4800033569336,92.4800033569336,92.4800033569336,92.4800033569336,151,0.0,0.0,2023-07-07
791,2023-07-07 13:09:00-04:00,92.41999816894531,92.41999816894531,92.33499908447266,92.40499877929688,1536,0.0,0.0,2023-07-07
792,2023-07-07 13:11:00-04:00,92.38999938964844,92.38999938964844,92.38999938964844,92.38999938964844,789,0.0,0.0,2023-07-07
793,2023-07-07 13:14:00-04:00,92.2699966430664,92.2699966430664,92.18000030517578,92.18000030517578,868,0.0,0.0,2023-07-07
794,2023-07-07 13:15:00-04:00,92.1500015258789,92.1500015258789,92.1500015258789,92.1500015258789,334,0.0,0.0,2023-07-07
795,2023-07-07 13:17:00-04:00,92.13999938964844,92.13999938964844,92.13999938964844,92.13999938964844,461,0.0,0.0,2023-07-07
796,2023-07-07 13:20:00-04:00,92.13999938964844,92.15499877929688,92.125,92.125,1054,0.0,0.0,2023-07-07
797,2023-07-07 13:21:00-04:00,92.125,92.125,92.125,92.125,199,0.0,0.0,2023-07-07
798,2023-07-07 13:22:00-04:00,92.08000183105469,92.08000183105469,92.08000183105469,92.08000183105469,620,0.0,0.0,2023-07-07
799,2023-07-07 13:25:00-04:00,92.08000183105469,92.08000183105469,92.08000183105469,92.08000183105469,176,0.0,0.0,2023-07-07
800,2023-07-07 13:27:00-04:00,92.09500122070312,92.0999984741211,92.09500122070312,92.0999984741211,483,0.0,0.0,2023-07-07
801,2023-07-07 13:29:00-04:00,92.08999633789062,92.08999633789062,91.94000244140625,91.98999786376953,1589,0.0,0.0,2023-07-07
802,2023-07-07 13:30:00-04:00,91.98999786376953,92.0999984741211,91.98999786376953,92.0999984741211,2241,0.0,0.0,2023-07-07
803,2023-07-07 13:35:00-04:00,92.04000091552734,92.04000091552734,91.94999694824219,92.0199966430664,2197,0.0,0.0,2023-07-07
804,2023-07-07 13:36:00-04:00,92.11990356445312,92.11990356445312,92.11990356445312,92.11990356445312,530,0.0,0.0,2023-07-07
805,2023-07-07 13:38:00-04:00,92.0,92.03250122070312,91.98999786376953,92.03250122070312,616,0.0,0.0,2023-07-07
806,2023-07-07 13:39:00-04:00,92.05000305175781,92.08999633789062,92.05000305175781,92.08999633789062,409,0.0,0.0,2023-07-07
807,2023-07-07 13:40:00-04:00,92.08999633789062,92.08999633789062,92.05999755859375,92.05999755859375,419,0.0,0.0,2023-07-07
808,2023-07-07 13:41:00-04:00,92.0999984741211,92.0999984741211,92.0999984741211,92.0999984741211,287,0.0,0.0,2023-07-07
809,2023-07-07 13:42:00-04:00,92.0999984741211,92.11000061035156,91.93000030517578,91.93000030517578,5953,0.0,0.0,2023-07-07
810,2023-07-07 13:43:00-04:00,91.94000244140625,91.97000122070312,91.9000015258789,91.94000244140625,1477,0.0,0.0,2023-07-07
811,2023-07-07 13:45:00-04:00,91.88999938964844,91.93000030517578,91.87999725341797,91.93000030517578,1073,0.0,0.0,2023-07-07
812,2023-07-07 13:46:00-04:00,91.93000030517578,91.93000030517578,91.93000030517578,91.93000030517578,887,0.0,0.0,2023-07-07
813,2023-07-07 13:49:00-04:00,91.93000030517578,91.93000030517578,91.93000030517578,91.93000030517578,214,0.0,0.0,2023-07-07
814,2023-07-07 13:50:00-04:00,91.9000015258789,91.91000366210938,91.9000015258789,91.91000366210938,459,0.0,0.0,2023-07-07
815,2023-07-07 13:51:00-04:00,91.91000366210938,91.91000366210938,91.91000366210938,91.91000366210938,262,0.0,0.0,2023-07-07
816,2023-07-07 13:53:00-04:00,91.9000015258789,91.9000015258789,91.9000015258789,91.9000015258789,193,0.0,0.0,2023-07-07
817,2023-07-07 13:55:00-04:00,91.93000030517578,91.94999694824219,91.92400360107422,91.94999694824219,1476,0.0,0.0,2023-07-07
818,2023-07-07 13:56:00-04:00,91.91000366210938,91.95999908447266,91.87000274658203,91.87000274658203,1616,0.0,0.0,2023-07-07
819,2023-07-07 13:57:00-04:00,91.87000274658203,91.87999725341797,91.8499984741211,91.8499984741211,1833,0.0,0.0,2023-07-07
820,2023-07-07 13:58:00-04:00,91.83000183105469,91.83000183105469,91.83000183105469,91.83000183105469,123,0.0,0.0,2023-07-07
821,2023-07-07 13:59:00-04:00,91.88999938964844,91.88999938964844,91.88999938964844,91.88999938964844,337,0.0,0.0,2023-07-07
822,2023-07-07 14:00:00-04:00,91.91000366210938,91.91000366210938,91.91000366210938,91.91000366210938,801,0.0,0.0,2023-07-07
823,2023-07-07 14:01:00-04:00,91.95999908447266,91.95999908447266,91.95999908447266,91.95999908447266,487,0.0,0.0,2023-07-07
824,2023-07-07 14:04:00-04:00,91.94999694824219,91.94999694824219,91.94999694824219,91.94999694824219,401,0.0,0.0,2023-07-07
825,2023-07-07 14:05:00-04:00,91.93000030517578,91.93000030517578,91.93000030517578,91.93000030517578,109,0.0,0.0,2023-07-07
826,2023-07-07 14:06:00-04:00,91.94999694824219,91.94999694824219,91.94999694824219,91.94999694824219,457,0.0,0.0,2023-07-07
827,2023-07-07 14:08:00-04:00,91.9000015258789,91.9000015258789,91.87000274658203,91.87999725341797,1171,0.0,0.0,2023-07-07
828,2023-07-07 14:10:00-04:00,91.87000274658203,91.87000274658203,91.83740234375,91.83740234375,344,0.0,0.0,2023-07-07
829,2023-07-07 14:11:00-04:00,91.91000366210938,91.93000030517578,91.91000366210938,91.93000030517578,588,0.0,0.0,2023-07-07
830,2023-07-07 14:12:00-04:00,91.94000244140625,91.94000244140625,91.94000244140625,91.94000244140625,225,0.0,0.0,2023-07-07
831,2023-07-07 14:13:00-04:00,91.94999694824219,91.94999694824219,91.94999694824219,91.94999694824219,264,0.0,0.0,2023-07-07
832,2023-07-07 14:14:00-04:00,91.94999694824219,91.97000122070312,91.94999694824219,91.97000122070312,403,0.0,0.0,2023-07-07
833,2023-07-07 14:15:00-04:00,91.93000030517578,91.95999908447266,91.88999938964844,91.95999908447266,1314,0.0,0.0,2023-07-07
834,2023-07-07 14:16:00-04:00,91.95999908447266,91.95999908447266,91.95999908447266,91.95999908447266,449,0.0,0.0,2023-07-07
835,2023-07-07 14:18:00-04:00,91.91999816894531,91.91999816894531,91.91999816894531,91.91999816894531,224,0.0,0.0,2023-07-07
836,2023-07-07 14:20:00-04:00,91.92500305175781,91.92500305175781,91.92500305175781,91.92500305175781,101,0.0,0.0,2023-07-07
837,2023-07-07 14:21:00-04:00,91.94999694824219,91.94999694824219,91.93000030517578,91.94999694824219,1164,0.0,0.0,2023-07-07
838,2023-07-07 14:22:00-04:00,91.91000366210938,91.95999908447266,91.91000366210938,91.95999908447266,1384,0.0,0.0,2023-07-07
839,2023-07-07 14:23:00-04:00,91.97000122070312,92.08000183105469,91.97000122070312,92.08000183105469,916,0.0,0.0,2023-07-07
840,2023-07-07 14:24:00-04:00,92.08999633789062,92.08999633789062,92.08999633789062,92.08999633789062,189,0.0,0.0,2023-07-07
841,2023-07-07 14:25:00-04:00,92.13500213623047,92.13500213623047,92.13500213623047,92.13500213623047,319,0.0,0.0,2023-07-07
842,2023-07-07 14:26:00-04:00,92.11599731445312,92.11599731445312,92.11599731445312,92.11599731445312,252,0.0,0.0,2023-07-07
843,2023-07-07 14:27:00-04:00,92.16000366210938,92.16000366210938,92.08000183105469,92.08000183105469,1373,0.0,0.0,2023-07-07
844,2023-07-07 14:30:00-04:00,92.08499908447266,92.08499908447266,92.08499908447266,92.08499908447266,323,0.0,0.0,2023-07-07
845,2023-07-07 14:31:00-04:00,92.05999755859375,92.05999755859375,92.05000305175781,92.05000305175781,750,0.0,0.0,2023-07-07
846,2023-07-07 14:32:00-04:00,92.01000213623047,92.01000213623047,92.01000213623047,92.01000213623047,405,0.0,0.0,2023-07-07
847,2023-07-07 14:34:00-04:00,91.97000122070312,91.97000122070312,91.94999694824219,91.94999694824219,525,0.0,0.0,2023-07-07
848,2023-07-07 14:36:00-04:00,92.0,92.01000213623047,91.96499633789062,92.01000213623047,814,0.0,0.0,2023-07-07
849,2023-07-07 14:38:00-04:00,91.98999786376953,91.98999786376953,91.98999786376953,91.98999786376953,558,0.0,0.0,2023-07-07
850,2023-07-07 14:40:00-04:00,91.9800033569336,92.11000061035156,91.9800033569336,92.06999969482422,1923,0.0,0.0,2023-07-07
851,2023-07-07 14:41:00-04:00,92.08999633789062,92.08999633789062,92.06999969482422,92.06999969482422,622,0.0,0.0,2023-07-07
852,2023-07-07 14:42:00-04:00,92.05349731445312,92.05349731445312,92.05349731445312,92.05349731445312,191,0.0,0.0,2023-07-07
853,2023-07-07 14:43:00-04:00,92.05999755859375,92.05999755859375,92.05999755859375,92.05999755859375,527,0.0,0.0,2023-07-07
854,2023-07-07 14:44:00-04:00,91.9800033569336,91.9800033569336,91.9800033569336,91.9800033569336,591,0.0,0.0,2023-07-07
855,2023-07-07 14:45:00-04:00,91.94999694824219,91.94999694824219,91.87999725341797,91.87999725341797,603,0.0,0.0,2023-07-07
856,2023-07-07 14:47:00-04:00,91.93000030517578,92.0999984741211,91.93000030517578,92.05000305175781,1600,0.0,0.0,2023-07-07
857,2023-07-07 14:49:00-04:00,91.98999786376953,91.98999786376953,91.98999786376953,91.98999786376953,2039,0.0,0.0,2023-07-07
858,2023-07-07 14:51:00-04:00,92.00740051269531,92.00740051269531,92.00740051269531,92.00740051269531,219,0.0,0.0,2023-07-07
859,2023-07-07 14:52:00-04:00,92.05349731445312,92.05349731445312,92.01000213623047,92.02999877929688,790,0.0,0.0,2023-07-07
860,2023-07-07 14:53:00-04:00,92.0,92.0,92.0,92.0,594,0.0,0.0,2023-07-07
861,2023-07-07 14:55:00-04:00,91.9800033569336,91.9800033569336,91.94000244140625,91.94000244140625,1255,0.0,0.0,2023-07-07
862,2023-07-07 14:56:00-04:00,91.93000030517578,91.95999908447266,91.91999816894531,91.91999816894531,1908,0.0,0.0,2023-07-07
863,2023-07-07 14:57:00-04:00,91.97000122070312,92.08999633789062,91.97000122070312,92.08999633789062,1723,0.0,0.0,2023-07-07
864,2023-07-07 14:58:00-04:00,92.06999969482422,92.06999969482422,92.06999969482422,92.06999969482422,600,0.0,0.0,2023-07-07
865,2023-07-07 14:59:00-04:00,92.02999877929688,92.05000305175781,92.01000213623047,92.01000213623047,827,0.0,0.0,2023-07-07
866,2023-07-07 15:00:00-04:00,92.0199966430664,92.0199966430664,92.0199966430664,92.0199966430664,421,0.0,0.0,2023-07-07
867,2023-07-07 15:01:00-04:00,92.05000305175781,92.05000305175781,92.04499816894531,92.04499816894531,368,0.0,0.0,2023-07-07
868,2023-07-07 15:02:00-04:00,92.05000305175781,92.05000305175781,92.05000305175781,92.05000305175781,409,0.0,0.0,2023-07-07
869,2023-07-07 15:03:00-04:00,92.0199966430664,92.04100036621094,92.0199966430664,92.04100036621094,706,0.0,0.0,2023-07-07
870,2023-07-07 15:08:00-04:00,92.05000305175781,92.05000305175781,92.05000305175781,92.05000305175781,169,0.0,0.0,2023-07-07
871,2023-07-07 15:09:00-04:00,92.05000305175781,92.05999755859375,92.0199966430664,92.0199966430664,2840,0.0,0.0,2023-07-07
872,2023-07-07 15:10:00-04:00,92.0250015258789,92.02749633789062,91.98999786376953,92.0,1033,0.0,0.0,2023-07-07
873,2023-07-07 15:11:00-04:00,91.9800033569336,91.9800033569336,91.95999908447266,91.97000122070312,1167,0.0,0.0,2023-07-07
874,2023-07-07 15:12:00-04:00,91.94999694824219,91.94999694824219,91.91000366210938,91.91000366210938,615,0.0,0.0,2023-07-07
875,2023-07-07 15:13:00-04:00,91.93499755859375,91.95500183105469,91.87999725341797,91.87999725341797,4637,0.0,0.0,2023-07-07
876,2023-07-07 15:14:00-04:00,91.91000366210938,91.91500091552734,91.88999938964844,91.9000015258789,1068,0.0,0.0,2023-07-07
877,2023-07-07 15:15:00-04:00,91.88500213623047,91.88500213623047,91.8499984741211,91.8499984741211,942,0.0,0.0,2023-07-07
878,2023-07-07 15:16:00-04:00,91.8550033569336,91.9000015258789,91.8550033569336,91.9000015258789,1415,0.0,0.0,2023-07-07
879,2023-07-07 15:19:00-04:00,91.79000091552734,91.80999755859375,91.7699966430664,91.80999755859375,1120,0.0,0.0,2023-07-07
880,2023-07-07 15:20:00-04:00,91.80999755859375,91.80999755859375,91.76000213623047,91.77999877929688,1145,0.0,0.0,2023-07-07
881,2023-07-07 15:21:00-04:00,91.79499816894531,91.79499816894531,91.79499816894531,91.79499816894531,111,0.0,0.0,2023-07-07
882,2023-07-07 15:22:00-04:00,91.77999877929688,91.81500244140625,91.7699966430664,91.7699966430664,785,0.0,0.0,2023-07-07
883,2023-07-07 15:23:00-04:00,91.86000061035156,91.86000061035156,91.86000061035156,91.86000061035156,166,0.0,0.0,2023-07-07
884,2023-07-07 15:24:00-04:00,91.81500244140625,91.81500244140625,91.80999755859375,91.80999755859375,233,0.0,0.0,2023-07-07
885,2023-07-07 15:25:00-04:00,91.80999755859375,91.82499694824219,91.80999755859375,91.82499694824219,498,0.0,0.0,2023-07-07
886,2023-07-07 15:26:00-04:00,91.86000061035156,91.86000061035156,91.86000061035156,91.86000061035156,284,0.0,0.0,2023-07-07
887,2023-07-07 15:27:00-04:00,91.86000061035156,91.87000274658203,91.8550033569336,91.8550033569336,905,0.0,0.0,2023-07-07
888,2023-07-07 15:28:00-04:00,91.87000274658203,91.87000274658203,91.84500122070312,91.84500122070312,893,0.0,0.0,2023-07-07
889,2023-07-07 15:29:00-04:00,91.83999633789062,91.83999633789062,91.83000183105469,91.83000183105469,420,0.0,0.0,2023-07-07
890,2023-07-07 15:30:00-04:00,91.8550033569336,91.8550033569336,91.8550033569336,91.8550033569336,274,0.0,0.0,2023-07-07
891,2023-07-07 15:31:00-04:00,91.8550033569336,91.8550033569336,91.81999969482422,91.81999969482422,1308,0.0,0.0,2023-07-07
892,2023-07-07 15:32:00-04:00,91.81999969482422,91.81999969482422,91.79499816894531,91.79499816894531,1031,0.0,0.0,2023-07-07
893,2023-07-07 15:33:00-04:00,91.80000305175781,91.83000183105469,91.7699966430664,91.83000183105469,847,0.0,0.0,2023-07-07
894,2023-07-07 15:34:00-04:00,91.77999877929688,91.78500366210938,91.7750015258789,91.78500366210938,1387,0.0,0.0,2023-07-07
895,2023-07-07 15:35:00-04:00,91.76000213623047,91.76000213623047,91.71499633789062,91.71499633789062,1384,0.0,0.0,2023-07-07
896,2023-07-07 15:36:00-04:00,91.72000122070312,91.72000122070312,91.61000061035156,91.61000061035156,1233,0.0,0.0,2023-07-07
897,2023-07-07 15:39:00-04:00,91.56999969482422,91.56999969482422,91.43499755859375,91.47000122070312,4528,0.0,0.0,2023-07-07
898,2023-07-07 15:41:00-04:00,91.43000030517578,91.47000122070312,91.37000274658203,91.47000122070312,2797,0.0,0.0,2023-07-07
899,2023-07-07 15:42:00-04:00,91.47000122070312,91.47000122070312,91.47000122070312,91.47000122070312,344,0.0,0.0,2023-07-07
900,2023-07-07 15:43:00-04:00,91.48999786376953,91.48999786376953,91.38999938964844,91.38999938964844,1160,0.0,0.0,2023-07-07
901,2023-07-07 15:44:00-04:00,91.37000274658203,91.37999725341797,91.33999633789062,91.33999633789062,1386,0.0,0.0,2023-07-07
902,2023-07-07 15:45:00-04:00,91.33999633789062,91.34500122070312,91.33000183105469,91.34500122070312,967,0.0,0.0,2023-07-07
903,2023-07-07 15:46:00-04:00,91.3499984741211,91.37999725341797,91.3499984741211,91.37999725341797,688,0.0,0.0,2023-07-07
904,2023-07-07 15:47:00-04:00,91.3499984741211,91.3499984741211,91.26000213623047,91.30000305175781,2010,0.0,0.0,2023-07-07
905,2023-07-07 15:48:00-04:00,91.30000305175781,91.375,91.2699966430664,91.2699966430664,4874,0.0,0.0,2023-07-07
906,2023-07-07 15:50:00-04:00,91.33000183105469,91.33999633789062,91.20999908447266,91.30000305175781,3440,0.0,0.0,2023-07-07
907,2023-07-07 15:51:00-04:00,91.30000305175781,91.31999969482422,91.30000305175781,91.31999969482422,1286,0.0,0.0,2023-07-07
908,2023-07-07 15:52:00-04:00,91.3499984741211,91.3499984741211,91.29000091552734,91.30999755859375,1850,0.0,0.0,2023-07-07
909,2023-07-07 15:53:00-04:00,91.29000091552734,91.32499694824219,91.19999694824219,91.19999694824219,5811,0.0,0.0,2023-07-07
910,2023-07-07 15:54:00-04:00,91.19000244140625,91.31999969482422,91.05000305175781,91.29000091552734,9571,0.0,0.0,2023-07-07
911,2023-07-07 15:55:00-04:00,91.32499694824219,91.32499694824219,91.2300033569336,91.2300033569336,2683,0.0,0.0,2023-07-07
912,2023-07-07 15:56:00-04:00,91.20999908447266,91.38999938964844,91.20999908447266,91.30000305175781,7181,0.0,0.0,2023-07-07
913,2023-07-07 15:57:00-04:00,91.30999755859375,91.33000183105469,91.27999877929688,91.30999755859375,5866,0.0,0.0,2023-07-07
914,2023-07-07 15:58:00-04:00,91.27999877929688,91.33999633789062,91.2699966430664,91.33999633789062,3576,0.0,0.0,2023-07-07
915,2023-07-07 15:59:00-04:00,91.30000305175781,91.55999755859375,91.26000213623047,91.51000213623047,20681,0.0,0.0,2023-07-07
0,2023-07-10 09:30:00-04:00,91.41999816894531,91.57499694824219,90.83000183105469,91.50370025634766,0,0.0,0.0,2023-07-10
1,2023-07-10 09:31:00-04:00,91.43910217285156,91.62319946289062,91.43910217285156,91.62319946289062,318,0.0,0.0,2023-07-10
2,2023-07-10 09:32:00-04:00,91.9800033569336,91.9800033569336,91.9800033569336,91.9800033569336,181,0.0,0.0,2023-07-10
3,2023-07-10 09:33:00-04:00,92.08000183105469,92.08000183105469,92.08000183105469,92.08000183105469,373,0.0,0.0,2023-07-10
4,2023-07-10 09:34:00-04:00,92.375,92.54499816894531,92.375,92.54499816894531,402,0.0,0.0,2023-07-10
5,2023-07-10 09:35:00-04:00,92.58000183105469,92.58000183105469,92.58000183105469,92.58000183105469,324,0.0,0.0,2023-07-10
6,2023-07-10 09:39:00-04:00,92.98999786376953,92.98999786376953,92.98999786376953,92.98999786376953,149,0.0,0.0,2023-07-10
7,2023-07-10 09:40:00-04:00,92.91000366210938,92.99500274658203,92.91000366210938,92.99500274658203,756,0.0,0.0,2023-07-10
8,2023-07-10 09:41:00-04:00,93.16999816894531,93.16999816894531,93.08999633789062,93.08999633789062,1612,0.0,0.0,2023-07-10
9,2023-07-10 09:45:00-04:00,93.33999633789062,93.33999633789062,93.18000030517578,93.18000030517578,865,0.0,0.0,2023-07-10
10,2023-07-10 09:50:00-04:00,93.55500030517578,93.61000061035156,93.55500030517578,93.61000061035156,230,0.0,0.0,2023-07-10
11,2023-07-10 09:51:00-04:00,93.55500030517578,93.66500091552734,93.55500030517578,93.625,1220,0.0,0.0,2023-07-10
12,2023-07-10 09:52:00-04:00,93.5199966430664,93.63079833984375,93.5199966430664,93.63079833984375,445,0.0,0.0,2023-07-10
13,2023-07-10 09:56:00-04:00,93.78720092773438,93.79010009765625,93.54000091552734,93.54000091552734,3129,0.0,0.0,2023-07-10
14,2023-07-10 09:57:00-04:00,93.58000183105469,93.63999938964844,93.44999694824219,93.56999969482422,1607,0.0,0.0,2023-07-10
15,2023-07-10 09:58:00-04:00,93.61000061035156,93.61000061035156,93.61000061035156,93.61000061035156,203,0.0,0.0,2023-07-10
16,2023-07-10 09:59:00-04:00,93.69000244140625,93.69000244140625,93.69000244140625,93.69000244140625,377,0.0,0.0,2023-07-10
17,2023-07-10 10:00:00-04:00,93.63999938964844,93.63999938964844,93.63999938964844,93.63999938964844,257,0.0,0.0,2023-07-10
18,2023-07-10 10:01:00-04:00,93.7699966430664,93.87000274658203,93.76000213623047,93.87000274658203,796,0.0,0.0,2023-07-10
19,2023-07-10 10:04:00-04:00,94.21499633789062,94.21499633789062,94.21499633789062,94.21499633789062,314,0.0,0.0,2023-07-10
20,2023-07-10 10:05:00-04:00,94.05999755859375,94.05999755859375,93.77999877929688,93.77999877929688,1797,0.0,0.0,2023-07-10
21,2023-07-10 10:07:00-04:00,93.7300033569336,93.73500061035156,93.7300033569336,93.73500061035156,437,0.0,0.0,2023-07-10
22,2023-07-10 10:08:00-04:00,93.83000183105469,93.9000015258789,93.83000183105469,93.9000015258789,787,0.0,0.0,2023-07-10
23,2023-07-10 10:11:00-04:00,93.94000244140625,93.94000244140625,93.94000244140625,93.94000244140625,229,0.0,0.0,2023-07-10
24,2023-07-10 10:14:00-04:00,93.7699966430664,93.8135986328125,93.74500274658203,93.74500274658203,1222,0.0,0.0,2023-07-10
25,2023-07-10 10:16:00-04:00,93.5999984741211,93.5999984741211,93.5999984741211,93.5999984741211,114,0.0,0.0,2023-07-10
26,2023-07-10 10:17:00-04:00,93.6500015258789,93.73999786376953,93.63500213623047,93.66500091552734,839,0.0,0.0,2023-07-10
27,2023-07-10 10:19:00-04:00,93.56999969482422,93.56999969482422,93.56999969482422,93.56999969482422,283,0.0,0.0,2023-07-10
28,2023-07-10 10:21:00-04:00,93.5,93.5,93.5,93.5,440,0.0,0.0,2023-07-10
29,2023-07-10 10:24:00-04:00,93.50479888916016,93.50479888916016,93.50479888916016,93.50479888916016,717,0.0,0.0,2023-07-10
30,2023-07-10 10:28:00-04:00,93.41000366210938,93.41000366210938,93.41000366210938,93.41000366210938,587,0.0,0.0,2023-07-10
31,2023-07-10 10:31:00-04:00,93.22000122070312,93.22000122070312,93.22000122070312,93.22000122070312,179,0.0,0.0,2023-07-10
32,2023-07-10 10:32:00-04:00,93.26000213623047,93.26000213623047,93.26000213623047,93.26000213623047,292,0.0,0.0,2023-07-10
33,2023-07-10 10:33:00-04:00,93.19999694824219,93.19999694824219,93.19999694824219,93.19999694824219,191,0.0,0.0,2023-07-10
34,2023-07-10 10:36:00-04:00,93.19000244140625,93.19000244140625,93.08000183105469,93.08000183105469,922,0.0,0.0,2023-07-10
35,2023-07-10 10:37:00-04:00,93.13500213623047,93.2500991821289,93.13500213623047,93.2500991821289,1091,0.0,0.0,2023-07-10
36,2023-07-10 10:40:00-04:00,93.23500061035156,93.23500061035156,93.19999694824219,93.19999694824219,294,0.0,0.0,2023-07-10
37,2023-07-10 10:41:00-04:00,93.19999694824219,93.19999694824219,93.19499969482422,93.19499969482422,701,0.0,0.0,2023-07-10
38,2023-07-10 10:44:00-04:00,93.27999877929688,93.27999877929688,93.27999877929688,93.27999877929688,434,0.0,0.0,2023-07-10
39,2023-07-10 10:50:00-04:00,93.62000274658203,93.62000274658203,93.47000122070312,93.47000122070312,734,0.0,0.0,2023-07-10
40,2023-07-10 10:53:00-04:00,93.4000015258789,93.4000015258789,93.4000015258789,93.4000015258789,550,0.0,0.0,2023-07-10
41,2023-07-10 10:55:00-04:00,93.33499908447266,93.4000015258789,93.33499908447266,93.37249755859375,578,0.0,0.0,2023-07-10
42,2023-07-10 10:56:00-04:00,93.43820190429688,93.43820190429688,93.43820190429688,93.43820190429688,210,0.0,0.0,2023-07-10
43,2023-07-10 10:58:00-04:00,93.36979675292969,93.36979675292969,93.36979675292969,93.36979675292969,285,0.0,0.0,2023-07-10
44,2023-07-10 11:00:00-04:00,93.47000122070312,93.47000122070312,93.47000122070312,93.47000122070312,330,0.0,0.0,2023-07-10
45,2023-07-10 11:01:00-04:00,93.37000274658203,93.37000274658203,93.30999755859375,93.36000061035156,1059,0.0,0.0,2023-07-10
46,2023-07-10 11:03:00-04:00,93.19000244140625,93.19000244140625,93.19000244140625,93.19000244140625,108,0.0,0.0,2023-07-10
47,2023-07-10 11:04:00-04:00,93.29000091552734,93.29000091552734,93.29000091552734,93.29000091552734,521,0.0,0.0,2023-07-10
48,2023-07-10 11:08:00-04:00,93.19999694824219,93.19999694824219,93.16000366210938,93.16000366210938,552,0.0,0.0,2023-07-10
49,2023-07-10 11:09:00-04:00,93.1500015258789,93.19999694824219,93.1500015258789,93.19999694824219,1226,0.0,0.0,2023-07-10
50,2023-07-10 11:13:00-04:00,93.29000091552734,93.29000091552734,93.29000091552734,93.29000091552734,426,0.0,0.0,2023-07-10
51,2023-07-10 11:15:00-04:00,93.25,93.25,93.25,93.25,573,0.0,0.0,2023-07-10
52,2023-07-10 11:16:00-04:00,93.27999877929688,93.30000305175781,93.27999877929688,93.30000305175781,626,0.0,0.0,2023-07-10
53,2023-07-10 11:18:00-04:00,93.12999725341797,93.12999725341797,93.12999725341797,93.12999725341797,325,0.0,0.0,2023-07-10
54,2023-07-10 11:19:00-04:00,93.11000061035156,93.11000061035156,93.11000061035156,93.11000061035156,463,0.0,0.0,2023-07-10
55,2023-07-10 11:22:00-04:00,92.98999786376953,92.98999786376953,92.98999786376953,92.98999786376953,459,0.0,0.0,2023-07-10
56,2023-07-10 11:23:00-04:00,93.04000091552734,93.04499816894531,93.04000091552734,93.04499816894531,452,0.0,0.0,2023-07-10
57,2023-07-10 11:25:00-04:00,93.08000183105469,93.08999633789062,93.08000183105469,93.08999633789062,1265,0.0,0.0,2023-07-10
58,2023-07-10 11:34:00-04:00,93.0199966430664,93.0199966430664,93.01000213623047,93.01000213623047,1945,0.0,0.0,2023-07-10
59,2023-07-10 12:02:00-04:00,93.02999877929688,93.02999877929688,93.0,93.0,1998,0.0,0.0,2023-07-10
60,2023-07-10 12:03:00-04:00,92.97000122070312,92.97000122070312,92.94999694824219,92.95999908447266,1205,0.0,0.0,2023-07-10
61,2023-07-10 12:09:00-04:00,92.79000091552734,92.83499908447266,92.79000091552734,92.81759643554688,522,0.0,0.0,2023-07-10
62,2023-07-10 12:10:00-04:00,92.83000183105469,92.83000183105469,92.83000183105469,92.83000183105469,109,0.0,0.0,2023-07-10
63,2023-07-10 12:12:00-04:00,92.87999725341797,92.87999725341797,92.87999725341797,92.87999725341797,882,0.0,0.0,2023-07-10
64,2023-07-10 12:13:00-04:00,92.93000030517578,92.93000030517578,92.93000030517578,92.93000030517578,200,0.0,0.0,2023-07-10
65,2023-07-10 12:14:00-04:00,92.93000030517578,92.93000030517578,92.93000030517578,92.93000030517578,101,0.0,0.0,2023-07-10
66,2023-07-10 12:15:00-04:00,92.93000030517578,92.93000030517578,92.93000030517578,92.93000030517578,102,0.0,0.0,2023-07-10
67,2023-07-10 12:16:00-04:00,92.93000030517578,92.98999786376953,92.93000030517578,92.98999786376953,1197,0.0,0.0,2023-07-10
68,2023-07-10 12:26:00-04:00,93.13999938964844,93.13999938964844,93.13999938964844,93.13999938964844,640,0.0,0.0,2023-07-10
69,2023-07-10 12:31:00-04:00,93.08999633789062,93.08999633789062,93.08999633789062,93.08999633789062,543,0.0,0.0,2023-07-10
70,2023-07-10 12:36:00-04:00,93.04000091552734,93.05000305175781,93.04000091552734,93.05000305175781,215,0.0,0.0,2023-07-10
71,2023-07-10 12:37:00-04:00,93.05999755859375,93.11000061035156,93.05999755859375,93.11000061035156,482,0.0,0.0,2023-07-10
72,2023-07-10 12:38:00-04:00,93.04000091552734,93.04000091552734,92.94000244140625,92.94000244140625,897,0.0,0.0,2023-07-10
73,2023-07-10 12:39:00-04:00,92.88999938964844,92.9000015258789,92.88999938964844,92.9000015258789,534,0.0,0.0,2023-07-10
74,2023-07-10 12:42:00-04:00,92.80999755859375,92.80999755859375,92.80999755859375,92.80999755859375,122,0.0,0.0,2023-07-10
75,2023-07-10 12:43:00-04:00,92.86000061035156,92.9000015258789,92.86000061035156,92.9000015258789,1116,0.0,0.0,2023-07-10
76,2023-07-10 12:48:00-04:00,92.86000061035156,92.86000061035156,92.86000061035156,92.86000061035156,220,0.0,0.0,2023-07-10
77,2023-07-10 12:49:00-04:00,92.91999816894531,92.91999816894531,92.91999816894531,92.91999816894531,309,0.0,0.0,2023-07-10
78,2023-07-10 12:52:00-04:00,92.91000366210938,92.91000366210938,92.86000061035156,92.86000061035156,529,0.0,0.0,2023-07-10
79,2023-07-10 12:53:00-04:00,92.81999969482422,92.81999969482422,92.81999969482422,92.81999969482422,374,0.0,0.0,2023-07-10
80,2023-07-10 12:54:00-04:00,92.6500015258789,92.6500015258789,92.6500015258789,92.6500015258789,147,0.0,0.0,2023-07-10
81,2023-07-10 12:55:00-04:00,92.66000366210938,92.66000366210938,92.66000366210938,92.66000366210938,197,0.0,0.0,2023-07-10
82,2023-07-10 12:56:00-04:00,92.66999816894531,92.72810363769531,92.66999816894531,92.67500305175781,322,0.0,0.0,2023-07-10
83,2023-07-10 12:57:00-04:00,92.68000030517578,92.68000030517578,92.68000030517578,92.68000030517578,135,0.0,0.0,2023-07-10
84,2023-07-10 12:59:00-04:00,92.6500015258789,92.6500015258789,92.6500015258789,92.6500015258789,122,0.0,0.0,2023-07-10
85,2023-07-10 13:00:00-04:00,92.70500183105469,92.70500183105469,92.70500183105469,92.70500183105469,100,0.0,0.0,2023-07-10
86,2023-07-10 13:01:00-04:00,92.66999816894531,92.75,92.66999816894531,92.7300033569336,1398,0.0,0.0,2023-07-10
87,2023-07-10 13:04:00-04:00,92.66999816894531,92.71499633789062,92.66999816894531,92.71499633789062,201,0.0,0.0,2023-07-10
88,2023-07-10 13:05:00-04:00,92.73999786376953,92.73999786376953,92.73999786376953,92.73999786376953,897,0.0,0.0,2023-07-10
89,2023-07-10 13:07:00-04:00,92.83999633789062,92.83999633789062,92.83999633789062,92.83999633789062,101,0.0,0.0,2023-07-10
90,2023-07-10 13:08:00-04:00,92.72010040283203,92.72010040283203,92.72010040283203,92.72010040283203,1585,0.0,0.0,2023-07-10
91,2023-07-10 13:10:00-04:00,92.80000305175781,92.80000305175781,92.80000305175781,92.80000305175781,400,0.0,0.0,2023-07-10
92,2023-07-10 13:13:00-04:00,92.87000274658203,92.87000274658203,92.83000183105469,92.83000183105469,1062,0.0,0.0,2023-07-10
93,2023-07-10 13:15:00-04:00,92.81999969482422,92.81999969482422,92.81999969482422,92.81999969482422,100,0.0,0.0,2023-07-10
94,2023-07-10 13:19:00-04:00,92.80000305175781,92.80000305175781,92.80000305175781,92.80000305175781,119,0.0,0.0,2023-07-10
95,2023-07-10 13:20:00-04:00,92.8499984741211,92.8499984741211,92.81999969482422,92.81999969482422,641,0.0,0.0,2023-07-10
96,2023-07-10 13:23:00-04:00,92.77999877929688,92.77999877929688,92.77999877929688,92.77999877929688,291,0.0,0.0,2023-07-10
97,2023-07-10 13:25:00-04:00,92.7699966430664,92.7699966430664,92.75,92.75,1083,0.0,0.0,2023-07-10
98,2023-07-10 13:26:00-04:00,92.75,92.75,92.73999786376953,92.73999786376953,200,0.0,0.0,2023-07-10
99,2023-07-10 13:28:00-04:00,92.76499938964844,92.86499786376953,92.76499938964844,92.86499786376953,1491,0.0,0.0,2023-07-10
100,2023-07-10 13:35:00-04:00,92.86000061035156,92.86000061035156,92.86000061035156,92.86000061035156,421,0.0,0.0,2023-07-10
101,2023-07-10 13:36:00-04:00,92.81999969482422,92.81999969482422,92.81999969482422,92.81999969482422,405,0.0,0.0,2023-07-10
102,2023-07-10 13:37:00-04:00,92.79000091552734,92.79000091552734,92.79000091552734,92.79000091552734,112,0.0,0.0,2023-07-10
103,2023-07-10 13:38:00-04:00,92.81500244140625,92.81500244140625,92.81500244140625,92.81500244140625,234,0.0,0.0,2023-07-10
104,2023-07-10 13:40:00-04:00,92.81500244140625,92.86000061035156,92.81500244140625,92.81999969482422,321,0.0,0.0,2023-07-10
105,2023-07-10 13:41:00-04:00,92.80000305175781,92.8499984741211,92.7750015258789,92.8499984741211,580,0.0,0.0,2023-07-10
106,2023-07-10 13:44:00-04:00,92.80999755859375,92.8499984741211,92.80999755859375,92.8499984741211,727,0.0,0.0,2023-07-10
107,2023-07-10 13:46:00-04:00,92.8499984741211,92.8499984741211,92.8499984741211,92.8499984741211,1064,0.0,0.0,2023-07-10
108,2023-07-10 13:47:00-04:00,92.84500122070312,92.84500122070312,92.84500122070312,92.84500122070312,121,0.0,0.0,2023-07-10
109,2023-07-10 13:48:00-04:00,92.83300018310547,92.83300018310547,92.83300018310547,92.83300018310547,828,0.0,0.0,2023-07-10
110,2023-07-10 13:49:00-04:00,92.80999755859375,92.80999755859375,92.80999755859375,92.80999755859375,128,0.0,0.0,2023-07-10
111,2023-07-10 13:50:00-04:00,92.81999969482422,92.81999969482422,92.81999969482422,92.81999969482422,465,0.0,0.0,2023-07-10
112,2023-07-10 13:52:00-04:00,92.79499816894531,92.86000061035156,92.79499816894531,92.86000061035156,531,0.0,0.0,2023-07-10
113,2023-07-10 13:54:00-04:00,92.91000366210938,92.91000366210938,92.91000366210938,92.91000366210938,291,0.0,0.0,2023-07-10
114,2023-07-10 13:57:00-04:00,93.06500244140625,93.06500244140625,93.06500244140625,93.06500244140625,359,0.0,0.0,2023-07-10
115,2023-07-10 14:04:00-04:00,93.05000305175781,93.05000305175781,93.05000305175781,93.05000305175781,746,0.0,0.0,2023-07-10
116,2023-07-10 14:14:00-04:00,93.0199966430664,93.0199966430664,93.0199966430664,93.0199966430664,175,0.0,0.0,2023-07-10
117,2023-07-10 14:16:00-04:00,93.05000305175781,93.08000183105469,93.05000305175781,93.08000183105469,1903,0.0,0.0,2023-07-10
118,2023-07-10 14:19:00-04:00,93.12000274658203,93.12000274658203,93.12000274658203,93.12000274658203,252,0.0,0.0,2023-07-10
119,2023-07-10 14:21:00-04:00,93.12000274658203,93.12000274658203,93.00399780273438,93.00399780273438,2961,0.0,0.0,2023-07-10
120,2023-07-10 14:24:00-04:00,93.05000305175781,93.05000305175781,93.05000305175781,93.05000305175781,234,0.0,0.0,2023-07-10
121,2023-07-10 14:25:00-04:00,92.9749984741211,92.98200225830078,92.94010162353516,92.98200225830078,558,0.0,0.0,2023-07-10
122,2023-07-10 14:26:00-04:00,92.96499633789062,92.96499633789062,92.96499633789062,92.96499633789062,203,0.0,0.0,2023-07-10
123,2023-07-10 14:27:00-04:00,93.11000061035156,93.11000061035156,93.11000061035156,93.11000061035156,688,0.0,0.0,2023-07-10
124,2023-07-10 14:30:00-04:00,93.26000213623047,93.26000213623047,93.19999694824219,93.19999694824219,1016,0.0,0.0,2023-07-10
125,2023-07-10 14:32:00-04:00,93.16500091552734,93.16500091552734,93.16500091552734,93.16500091552734,585,0.0,0.0,2023-07-10
126,2023-07-10 14:40:00-04:00,93.19999694824219,93.21499633789062,93.19999694824219,93.21499633789062,403,0.0,0.0,2023-07-10
127,2023-07-10 14:41:00-04:00,93.22000122070312,93.22000122070312,93.19000244140625,93.19000244140625,372,0.0,0.0,2023-07-10
128,2023-07-10 14:42:00-04:00,93.1500015258789,93.1500015258789,93.1500015258789,93.1500015258789,132,0.0,0.0,2023-07-10
129,2023-07-10 14:43:00-04:00,93.13999938964844,93.13999938964844,93.12000274658203,93.12000274658203,715,0.0,0.0,2023-07-10
130,2023-07-10 14:46:00-04:00,93.16000366210938,93.16000366210938,93.06999969482422,93.06999969482422,1113,0.0,0.0,2023-07-10
131,2023-07-10 14:48:00-04:00,93.05999755859375,93.05999755859375,93.05999755859375,93.05999755859375,336,0.0,0.0,2023-07-10
132,2023-07-10 14:49:00-04:00,93.01000213623047,93.01000213623047,93.01000213623047,93.01000213623047,626,0.0,0.0,2023-07-10
133,2023-07-10 14:53:00-04:00,93.09500122070312,93.12999725341797,93.09500122070312,93.12999725341797,439,0.0,0.0,2023-07-10
134,2023-07-10 14:56:00-04:00,93.20500183105469,93.20500183105469,93.20500183105469,93.20500183105469,574,0.0,0.0,2023-07-10
135,2023-07-10 15:00:00-04:00,93.33999633789062,93.33999633789062,93.23500061035156,93.23500061035156,963,0.0,0.0,2023-07-10
136,2023-07-10 15:06:00-04:00,93.25,93.25,93.18000030517578,93.18499755859375,1614,0.0,0.0,2023-07-10
137,2023-07-10 15:10:00-04:00,93.08999633789062,93.08999633789062,93.08999633789062,93.08999633789062,136,0.0,0.0,2023-07-10
138,2023-07-10 15:11:00-04:00,93.1500015258789,93.1500015258789,93.1500015258789,93.1500015258789,335,0.0,0.0,2023-07-10
139,2023-07-10 15:15:00-04:00,93.19999694824219,93.19999694824219,93.19999694824219,93.19999694824219,432,0.0,0.0,2023-07-10
140,2023-07-10 15:19:00-04:00,93.08999633789062,93.08999633789062,93.06999969482422,93.06999969482422,480,0.0,0.0,2023-07-10
141,2023-07-10 15:20:00-04:00,93.1050033569336,93.1050033569336,93.1050033569336,93.1050033569336,111,0.0,0.0,2023-07-10
142,2023-07-10 15:21:00-04:00,93.1073989868164,93.13999938964844,93.1073989868164,93.13999938964844,688,0.0,0.0,2023-07-10
143,2023-07-10 15:23:00-04:00,93.18000030517578,93.18000030517578,93.16999816894531,93.16999816894531,645,0.0,0.0,2023-07-10
144,2023-07-10 15:25:00-04:00,93.19000244140625,93.19000244140625,93.19000244140625,93.19000244140625,1244,0.0,0.0,2023-07-10
145,2023-07-10 15:28:00-04:00,93.22000122070312,93.22000122070312,93.22000122070312,93.22000122070312,387,0.0,0.0,2023-07-10
146,2023-07-10 15:30:00-04:00,93.16999816894531,93.1875,93.16999816894531,93.1875,410,0.0,0.0,2023-07-10
147,2023-07-10 15:31:00-04:00,93.15499877929688,93.15499877929688,93.15499877929688,93.15499877929688,543,0.0,0.0,2023-07-10
148,2023-07-10 15:32:00-04:00,93.16999816894531,93.16999816894531,93.12000274658203,93.12000274658203,834,0.0,0.0,2023-07-10
149,2023-07-10 15:33:00-04:00,93.12000274658203,93.1500015258789,93.12000274658203,93.1500015258789,1113,0.0,0.0,2023-07-10
150,2023-07-10 15:35:00-04:00,93.1875,93.1875,93.1875,93.1875,224,0.0,0.0,2023-07-10
151,2023-07-10 15:36:00-04:00,93.17500305175781,93.17500305175781,93.16500091552734,93.16500091552734,539,0.0,0.0,2023-07-10
152,2023-07-10 15:37:00-04:00,93.19249725341797,93.2300033569336,93.19249725341797,93.2300033569336,1280,0.0,0.0,2023-07-10
153,2023-07-10 15:38:00-04:00,93.23999786376953,93.26499938964844,93.23999786376953,93.25,544,0.0,0.0,2023-07-10
154,2023-07-10 15:39:00-04:00,93.2699966430664,93.2699966430664,93.2699966430664,93.2699966430664,631,0.0,0.0,2023-07-10
155,2023-07-10 15:40:00-04:00,93.30000305175781,93.30000305175781,93.30000305175781,93.30000305175781,726,0.0,0.0,2023-07-10
156,2023-07-10 15:41:00-04:00,93.32499694824219,93.3499984741211,93.32499694824219,93.33999633789062,485,0.0,0.0,2023-07-10
157,2023-07-10 15:42:00-04:00,93.31500244140625,93.37000274658203,93.31500244140625,93.37000274658203,409,0.0,0.0,2023-07-10
158,2023-07-10 15:43:00-04:00,93.38999938964844,93.43000030517578,93.38999938964844,93.43000030517578,437,0.0,0.0,2023-07-10
159,2023-07-10 15:44:00-04:00,93.44000244140625,93.44000244140625,93.44000244140625,93.44000244140625,273,0.0,0.0,2023-07-10
160,2023-07-10 15:45:00-04:00,93.47000122070312,93.47000122070312,93.44000244140625,93.44000244140625,238,0.0,0.0,2023-07-10
161,2023-07-10 15:46:00-04:00,93.45999908447266,93.45999908447266,93.43489837646484,93.43489837646484,849,0.0,0.0,2023-07-10
162,2023-07-10 15:47:00-04:00,93.4800033569336,93.4800033569336,93.4800033569336,93.4800033569336,399,0.0,0.0,2023-07-10
163,2023-07-10 15:48:00-04:00,93.4000015258789,93.4000015258789,93.4000015258789,93.4000015258789,1536,0.0,0.0,2023-07-10
164,2023-07-10 15:49:00-04:00,93.41500091552734,93.42500305175781,93.41500091552734,93.42500305175781,375,0.0,0.0,2023-07-10
165,2023-07-10 15:50:00-04:00,93.4000015258789,93.4000015258789,93.2699966430664,93.39600372314453,4542,0.0,0.0,2023-07-10
166,2023-07-10 15:51:00-04:00,93.43000030517578,93.44999694824219,93.3499984741211,93.41000366210938,1875,0.0,0.0,2023-07-10
167,2023-07-10 15:52:00-04:00,93.38999938964844,93.5199966430664,93.38999938964844,93.5199966430664,2615,0.0,0.0,2023-07-10
168,2023-07-10 15:53:00-04:00,93.51750183105469,93.56999969482422,93.51750183105469,93.5250015258789,538,0.0,0.0,2023-07-10
169,2023-07-10 15:54:00-04:00,93.58000183105469,93.79000091552734,93.54000091552734,93.61000061035156,9418,0.0,0.0,2023-07-10
170,2023-07-10 15:55:00-04:00,93.6500015258789,93.66000366210938,93.625,93.625,799,0.0,0.0,2023-07-10
171,2023-07-10 15:56:00-04:00,93.69999694824219,93.69999694824219,93.58000183105469,93.63999938964844,5478,0.0,0.0,2023-07-10
172,2023-07-10 15:57:00-04:00,93.58999633789062,93.66000366210938,93.58000183105469,93.66000366210938,3316,0.0,0.0,2023-07-10
173,2023-07-10 15:58:00-04:00,93.63500213623047,93.63500213623047,93.5999984741211,93.61000061035156,3100,0.0,0.0,2023-07-10
174,2023-07-10 15:59:00-04:00,93.6500015258789,93.7300033569336,93.6500015258789,93.72000122070312,11431,0.0,0.0,2023-07-10
175,2023-07-11 09:30:00-04:00,94.16000366210938,94.16000366210938,94.16000366210938,94.16000366210938,2644,0.0,0.0,2023-07-11
176,2023-07-11 09:41:00-04:00,94.08000183105469,94.33999633789062,94.08000183105469,94.33599853515625,1727,0.0,0.0,2023-07-11
177,2023-07-11 09:42:00-04:00,93.94999694824219,93.94999694824219,93.94000244140625,93.94999694824219,445,0.0,0.0,2023-07-11
178,2023-07-11 09:43:00-04:00,93.76000213623047,93.7699966430664,93.76000213623047,93.7699966430664,902,0.0,0.0,2023-07-11
179,2023-07-11 09:46:00-04:00,94.08999633789062,94.08999633789062,94.08999633789062,94.08999633789062,431,0.0,0.0,2023-07-11
180,2023-07-11 09:50:00-04:00,94.5425033569336,94.55500030517578,94.36000061035156,94.54000091552734,919,0.0,0.0,2023-07-11
181,2023-07-11 09:53:00-04:00,94.79000091552734,94.79000091552734,94.72000122070312,94.72000122070312,463,0.0,0.0,2023-07-11
182,2023-07-11 09:57:00-04:00,94.73999786376953,94.73999786376953,94.73999786376953,94.73999786376953,223,0.0,0.0,2023-07-11
183,2023-07-11 10:00:00-04:00,94.87999725341797,94.87999725341797,94.87999725341797,94.87999725341797,611,0.0,0.0,2023-07-11
184,2023-07-11 10:06:00-04:00,95.05000305175781,95.05000305175781,94.9800033569336,94.9800033569336,1270,0.0,0.0,2023-07-11
185,2023-07-11 10:10:00-04:00,94.87999725341797,94.87999725341797,94.87999725341797,94.87999725341797,447,0.0,0.0,2023-07-11
186,2023-07-11 10:12:00-04:00,94.7300033569336,94.78500366210938,94.6500015258789,94.69999694824219,1670,0.0,0.0,2023-07-11
187,2023-07-11 10:23:00-04:00,94.78500366210938,94.78500366210938,94.69499969482422,94.69499969482422,304,0.0,0.0,2023-07-11
188,2023-07-11 10:24:00-04:00,94.6500015258789,94.6500015258789,94.63999938964844,94.63999938964844,432,0.0,0.0,2023-07-11
189,2023-07-11 10:25:00-04:00,94.56999969482422,94.56999969482422,94.56999969482422,94.56999969482422,351,0.0,0.0,2023-07-11
190,2023-07-11 10:28:00-04:00,94.63500213623047,94.63500213623047,94.63500213623047,94.63500213623047,218,0.0,0.0,2023-07-11
191,2023-07-11 10:29:00-04:00,94.66000366210938,94.66000366210938,94.66000366210938,94.66000366210938,238,0.0,0.0,2023-07-11
192,2023-07-11 10:30:00-04:00,94.56999969482422,94.56999969482422,94.45999908447266,94.45999908447266,682,0.0,0.0,2023-07-11
193,2023-07-11 10:32:00-04:00,94.47000122070312,94.4749984741211,94.44999694824219,94.4749984741211,724,0.0,0.0,2023-07-11
194,2023-07-11 10:33:00-04:00,94.33000183105469,94.33000183105469,94.33000183105469,94.33000183105469,141,0.0,0.0,2023-07-11
195,2023-07-11 10:34:00-04:00,94.30000305175781,94.30000305175781,94.29000091552734,94.29000091552734,317,0.0,0.0,2023-07-11
196,2023-07-11 10:36:00-04:00,94.4000015258789,94.48999786376953,94.4000015258789,94.48999786376953,732,0.0,0.0,2023-07-11
197,2023-07-11 10:37:00-04:00,94.5,94.5,94.5,94.5,551,0.0,0.0,2023-07-11
198,2023-07-11 10:38:00-04:00,94.41999816894531,94.41999816894531,94.30000305175781,94.30000305175781,1260,0.0,0.0,2023-07-11
199,2023-07-11 10:39:00-04:00,94.33499908447266,94.33499908447266,94.33499908447266,94.33499908447266,239,0.0,0.0,2023-07-11
200,2023-07-11 10:40:00-04:00,94.33499908447266,94.47000122070312,94.33499908447266,94.45999908447266,834,0.0,0.0,2023-07-11
201,2023-07-11 10:45:00-04:00,94.70999908447266,94.70999908447266,94.70999908447266,94.70999908447266,617,0.0,0.0,2023-07-11
202,2023-07-11 10:51:00-04:00,94.7699966430664,94.77999877929688,94.68000030517578,94.68000030517578,1462,0.0,0.0,2023-07-11
203,2023-07-11 10:52:00-04:00,94.68499755859375,94.68499755859375,94.5999984741211,94.66500091552734,958,0.0,0.0,2023-07-11
204,2023-07-11 10:58:00-04:00,94.33419799804688,94.33419799804688,94.33419799804688,94.33419799804688,821,0.0,0.0,2023-07-11
205,2023-07-11 11:02:00-04:00,94.55999755859375,94.55999755859375,94.55999755859375,94.55999755859375,1252,0.0,0.0,2023-07-11
206,2023-07-11 11:04:00-04:00,94.51000213623047,94.51000213623047,94.51000213623047,94.51000213623047,360,0.0,0.0,2023-07-11
207,2023-07-11 11:07:00-04:00,94.48999786376953,94.48999786376953,94.48999786376953,94.48999786376953,336,0.0,0.0,2023-07-11
208,2023-07-11 11:10:00-04:00,94.61990356445312,94.61990356445312,94.61990356445312,94.61990356445312,763,0.0,0.0,2023-07-11
209,2023-07-11 11:17:00-04:00,94.44999694824219,94.44999694824219,94.38999938964844,94.38999938964844,1079,0.0,0.0,2023-07-11
210,2023-07-11 11:20:00-04:00,94.47000122070312,94.47000122070312,94.47000122070312,94.47000122070312,351,0.0,0.0,2023-07-11
211,2023-07-11 11:25:00-04:00,94.3499984741211,94.36000061035156,94.23999786376953,94.23999786376953,1192,0.0,0.0,2023-07-11
212,2023-07-11 11:26:00-04:00,94.05000305175781,94.05000305175781,94.05000305175781,94.05000305175781,439,0.0,0.0,2023-07-11
213,2023-07-11 11:28:00-04:00,94.19999694824219,94.19999694824219,94.19999694824219,94.19999694824219,219,0.0,0.0,2023-07-11
214,2023-07-11 11:29:00-04:00,94.20500183105469,94.20500183105469,94.12000274658203,94.12000274658203,369,0.0,0.0,2023-07-11
215,2023-07-11 11:31:00-04:00,94.08999633789062,94.08999633789062,94.08999633789062,94.08999633789062,908,0.0,0.0,2023-07-11
216,2023-07-11 11:35:00-04:00,94.04000091552734,94.04000091552734,94.01000213623047,94.01000213623047,651,0.0,0.0,2023-07-11
217,2023-07-11 11:37:00-04:00,94.16000366210938,94.16000366210938,94.13999938964844,94.13999938964844,1088,0.0,0.0,2023-07-11
218,2023-07-11 11:45:00-04:00,94.11000061035156,94.11000061035156,94.11000061035156,94.11000061035156,811,0.0,0.0,2023-07-11
219,2023-07-11 11:52:00-04:00,94.20999908447266,94.30999755859375,94.20999908447266,94.30999755859375,460,0.0,0.0,2023-07-11
220,2023-07-11 11:53:00-04:00,94.12000274658203,94.12000274658203,94.11000061035156,94.11000061035156,1131,0.0,0.0,2023-07-11
221,2023-07-11 11:54:00-04:00,94.05999755859375,94.06999969482422,94.05999755859375,94.06999969482422,445,0.0,0.0,2023-07-11
222,2023-07-11 11:58:00-04:00,94.06999969482422,94.06999969482422,94.06999969482422,94.06999969482422,740,0.0,0.0,2023-07-11
223,2023-07-11 12:08:00-04:00,93.98999786376953,93.98999786376953,93.98999786376953,93.98999786376953,105,0.0,0.0,2023-07-11
224,2023-07-11 12:09:00-04:00,93.9800033569336,93.9800033569336,93.9800033569336,93.9800033569336,546,0.0,0.0,2023-07-11
225,2023-07-11 12:17:00-04:00,94.12000274658203,94.23500061035156,94.12000274658203,94.23500061035156,698,0.0,0.0,2023-07-11
226,2023-07-11 12:22:00-04:00,94.2300033569336,94.2300033569336,94.2300033569336,94.2300033569336,299,0.0,0.0,2023-07-11
227,2023-07-11 12:27:00-04:00,94.11000061035156,94.11000061035156,94.11000061035156,94.11000061035156,107,0.0,0.0,2023-07-11
228,2023-07-11 12:28:00-04:00,94.04000091552734,94.06999969482422,94.0199966430664,94.02999877929688,1959,0.0,0.0,2023-07-11
229,2023-07-11 12:30:00-04:00,94.09500122070312,94.09500122070312,94.09500122070312,94.09500122070312,497,0.0,0.0,2023-07-11
230,2023-07-11 12:35:00-04:00,94.17500305175781,94.17500305175781,94.17500305175781,94.17500305175781,256,0.0,0.0,2023-07-11
231,2023-07-11 12:39:00-04:00,94.29499816894531,94.30000305175781,94.29000091552734,94.30000305175781,532,0.0,0.0,2023-07-11
232,2023-07-11 12:40:00-04:00,94.20500183105469,94.20500183105469,94.20500183105469,94.20500183105469,133,0.0,0.0,2023-07-11
233,2023-07-11 12:41:00-04:00,94.1500015258789,94.1500015258789,94.1500015258789,94.1500015258789,239,0.0,0.0,2023-07-11
234,2023-07-11 12:42:00-04:00,94.20999908447266,94.20999908447266,94.19000244140625,94.19000244140625,561,0.0,0.0,2023-07-11
235,2023-07-11 12:48:00-04:00,94.23999786376953,94.33000183105469,94.23999786376953,94.33000183105469,537,0.0,0.0,2023-07-11
236,2023-07-11 12:51:00-04:00,94.5250015258789,94.54000091552734,94.41999816894531,94.4800033569336,1050,0.0,0.0,2023-07-11
237,2023-07-11 12:52:00-04:00,94.4000015258789,94.4000015258789,94.37000274658203,94.38999938964844,1486,0.0,0.0,2023-07-11
238,2023-07-11 13:01:00-04:00,94.5,94.5,94.5,94.5,126,0.0,0.0,2023-07-11
239,2023-07-11 13:02:00-04:00,94.41999816894531,94.41999816894531,94.41999816894531,94.41999816894531,338,0.0,0.0,2023-07-11
240,2023-07-11 13:03:00-04:00,94.55500030517578,94.55999755859375,94.55000305175781,94.55999755859375,861,0.0,0.0,2023-07-11
241,2023-07-11 13:08:00-04:00,94.44000244140625,94.44000244140625,94.41999816894531,94.43000030517578,678,0.0,0.0,2023-07-11
242,2023-07-11 13:09:00-04:00,94.36499786376953,94.36499786376953,94.36499786376953,94.36499786376953,260,0.0,0.0,2023-07-11
243,2023-07-11 13:11:00-04:00,94.36000061035156,94.36000061035156,94.3499984741211,94.3499984741211,1313,0.0,0.0,2023-07-11
244,2023-07-11 13:15:00-04:00,94.30999755859375,94.31999969482422,94.30999755859375,94.31999969482422,956,0.0,0.0,2023-07-11
245,2023-07-11 13:22:00-04:00,94.41500091552734,94.41500091552734,94.41500091552734,94.41500091552734,794,0.0,0.0,2023-07-11
246,2023-07-11 13:27:00-04:00,94.5,94.5,94.5,94.5,279,0.0,0.0,2023-07-11
247,2023-07-11 13:31:00-04:00,94.53500366210938,94.53500366210938,94.53500366210938,94.53500366210938,196,0.0,0.0,2023-07-11
248,2023-07-11 13:33:00-04:00,94.62999725341797,94.62999725341797,94.62999725341797,94.62999725341797,387,0.0,0.0,2023-07-11
249,2023-07-11 13:34:00-04:00,94.66000366210938,94.66999816894531,94.66000366210938,94.66999816894531,448,0.0,0.0,2023-07-11
250,2023-07-11 13:35:00-04:00,94.5999984741211,94.5999984741211,94.56999969482422,94.56999969482422,437,0.0,0.0,2023-07-11
251,2023-07-11 13:36:00-04:00,94.55999755859375,94.55999755859375,94.52999877929688,94.52999877929688,1429,0.0,0.0,2023-07-11
252,2023-07-11 13:37:00-04:00,94.50499725341797,94.50499725341797,94.48500061035156,94.48500061035156,301,0.0,0.0,2023-07-11
253,2023-07-11 13:38:00-04:00,94.4800033569336,94.4800033569336,94.4800033569336,94.4800033569336,235,0.0,0.0,2023-07-11
254,2023-07-11 13:39:00-04:00,94.49500274658203,94.49500274658203,94.49500274658203,94.49500274658203,246,0.0,0.0,2023-07-11
255,2023-07-11 13:40:00-04:00,94.47000122070312,94.47000122070312,94.47000122070312,94.47000122070312,253,0.0,0.0,2023-07-11
256,2023-07-11 13:41:00-04:00,94.48999786376953,94.5,94.47000122070312,94.5,854,0.0,0.0,2023-07-11
257,2023-07-11 13:46:00-04:00,94.48069763183594,94.48069763183594,94.47000122070312,94.47000122070312,1089,0.0,0.0,2023-07-11
258,2023-07-11 13:47:00-04:00,94.54000091552734,94.54000091552734,94.54000091552734,94.54000091552734,275,0.0,0.0,2023-07-11
259,2023-07-11 13:49:00-04:00,94.58999633789062,94.58999633789062,94.58999633789062,94.58999633789062,299,0.0,0.0,2023-07-11
260,2023-07-11 13:52:00-04:00,94.58999633789062,94.58999633789062,94.58999633789062,94.58999633789062,237,0.0,0.0,2023-07-11
261,2023-07-11 13:53:00-04:00,94.56999969482422,94.56999969482422,94.56999969482422,94.56999969482422,536,0.0,0.0,2023-07-11
262,2023-07-11 13:55:00-04:00,94.5199966430664,94.5199966430664,94.5199966430664,94.5199966430664,355,0.0,0.0,2023-07-11
263,2023-07-11 13:57:00-04:00,94.5,94.5,94.5,94.5,491,0.0,0.0,2023-07-11
264,2023-07-11 14:07:00-04:00,94.51000213623047,94.5199966430664,94.5,94.5199966430664,1077,0.0,0.0,2023-07-11
265,2023-07-11 14:08:00-04:00,94.5,94.51000213623047,94.5,94.5,1220,0.0,0.0,2023-07-11
266,2023-07-11 14:09:00-04:00,94.52999877929688,94.52999877929688,94.52999877929688,94.52999877929688,423,0.0,0.0,2023-07-11
267,2023-07-11 14:11:00-04:00,94.5,94.5,94.4800033569336,94.49500274658203,1798,0.0,0.0,2023-07-11
268,2023-07-11 14:14:00-04:00,94.5,94.5,94.5,94.5,498,0.0,0.0,2023-07-11
269,2023-07-11 14:20:00-04:00,94.5999984741211,94.5999984741211,94.55000305175781,94.55000305175781,255,0.0,0.0,2023-07-11
270,2023-07-11 14:21:00-04:00,94.51499938964844,94.51499938964844,94.51499938964844,94.51499938964844,148,0.0,0.0,2023-07-11
271,2023-07-11 14:22:00-04:00,94.56999969482422,94.61000061035156,94.56999969482422,94.61000061035156,761,0.0,0.0,2023-07-11
272,2023-07-11 14:23:00-04:00,94.63999938964844,94.6500015258789,94.63999938964844,94.6500015258789,255,0.0,0.0,2023-07-11
273,2023-07-11 14:25:00-04:00,94.6500015258789,94.6500015258789,94.61000061035156,94.61000061035156,243,0.0,0.0,2023-07-11
274,2023-07-11 14:26:00-04:00,94.6500015258789,94.6500015258789,94.58000183105469,94.58000183105469,429,0.0,0.0,2023-07-11
275,2023-07-11 14:27:00-04:00,94.5801010131836,94.5801010131836,94.5801010131836,94.5801010131836,642,0.0,0.0,2023-07-11
276,2023-07-11 14:28:00-04:00,94.66000366210938,94.76000213623047,94.66000366210938,94.76000213623047,692,0.0,0.0,2023-07-11
277,2023-07-11 14:31:00-04:00,94.68000030517578,94.68000030517578,94.68000030517578,94.68000030517578,168,0.0,0.0,2023-07-11
278,2023-07-11 14:32:00-04:00,94.66500091552734,94.66500091552734,94.66500091552734,94.66500091552734,186,0.0,0.0,2023-07-11
279,2023-07-11 14:33:00-04:00,94.7300033569336,94.7300033569336,94.7300033569336,94.7300033569336,115,0.0,0.0,2023-07-11
280,2023-07-11 14:34:00-04:00,94.66999816894531,94.76000213623047,94.66999816894531,94.76000213623047,421,0.0,0.0,2023-07-11
281,2023-07-11 14:36:00-04:00,94.68000030517578,94.68000030517578,94.61000061035156,94.61000061035156,1180,0.0,0.0,2023-07-11
282,2023-07-11 14:37:00-04:00,94.5999984741211,94.60289764404297,94.5999984741211,94.60289764404297,534,0.0,0.0,2023-07-11
283,2023-07-11 14:38:00-04:00,94.61000061035156,94.61000061035156,94.61000061035156,94.61000061035156,263,0.0,0.0,2023-07-11
284,2023-07-11 14:40:00-04:00,94.6500015258789,94.66999816894531,94.6500015258789,94.66999816894531,620,0.0,0.0,2023-07-11
285,2023-07-11 14:41:00-04:00,94.74500274658203,94.7699966430664,94.74500274658203,94.7699966430664,409,0.0,0.0,2023-07-11
286,2023-07-11 14:42:00-04:00,94.73999786376953,94.75,94.66999816894531,94.66999816894531,2160,0.0,0.0,2023-07-11
287,2023-07-11 14:43:00-04:00,94.66999816894531,94.66999816894531,94.66999816894531,94.66999816894531,204,0.0,0.0,2023-07-11
288,2023-07-11 14:44:00-04:00,94.66999816894531,94.66999816894531,94.66999816894531,94.66999816894531,546,0.0,0.0,2023-07-11
289,2023-07-11 14:47:00-04:00,94.66999816894531,94.66999816894531,94.66999816894531,94.66999816894531,663,0.0,0.0,2023-07-11
290,2023-07-11 14:49:00-04:00,94.69999694824219,94.69999694824219,94.68000030517578,94.68000030517578,718,0.0,0.0,2023-07-11
291,2023-07-11 14:50:00-04:00,94.70999908447266,94.7300033569336,94.70999908447266,94.7300033569336,1268,0.0,0.0,2023-07-11
292,2023-07-11 14:51:00-04:00,94.6500015258789,94.6500015258789,94.61000061035156,94.61000061035156,828,0.0,0.0,2023-07-11
293,2023-07-11 14:52:00-04:00,94.61499786376953,94.61499786376953,94.61499786376953,94.61499786376953,105,0.0,0.0,2023-07-11
294,2023-07-11 14:53:00-04:00,94.63999938964844,94.69000244140625,94.63999938964844,94.69000244140625,1375,0.0,0.0,2023-07-11
295,2023-07-11 14:56:00-04:00,94.69999694824219,94.73999786376953,94.69999694824219,94.73999786376953,789,0.0,0.0,2023-07-11
296,2023-07-11 15:00:00-04:00,94.7699966430664,94.81999969482422,94.7699966430664,94.81999969482422,664,0.0,0.0,2023-07-11
297,2023-07-11 15:01:00-04:00,94.80999755859375,94.80999755859375,94.80999755859375,94.80999755859375,186,0.0,0.0,2023-07-11
298,2023-07-11 15:02:00-04:00,94.7699966430664,94.7699966430664,94.7699966430664,94.7699966430664,131,0.0,0.0,2023-07-11
299,2023-07-11 15:03:00-04:00,94.81999969482422,94.81999969482422,94.81999969482422,94.81999969482422,181,0.0,0.0,2023-07-11
300,2023-07-11 15:04:00-04:00,94.80000305175781,94.80000305175781,94.80000305175781,94.80000305175781,354,0.0,0.0,2023-07-11
301,2023-07-11 15:05:00-04:00,94.7699966430664,94.7699966430664,94.7699966430664,94.7699966430664,271,0.0,0.0,2023-07-11
302,2023-07-11 15:06:00-04:00,94.69000244140625,94.69000244140625,94.66999816894531,94.66999816894531,1183,0.0,0.0,2023-07-11
303,2023-07-11 15:11:00-04:00,94.73999786376953,94.73999786376953,94.73999786376953,94.73999786376953,432,0.0,0.0,2023-07-11
304,2023-07-11 15:12:00-04:00,94.73999786376953,94.81999969482422,94.73999786376953,94.81999969482422,598,0.0,0.0,2023-07-11
305,2023-07-11 15:13:00-04:00,94.7699966430664,94.7699966430664,94.7699966430664,94.7699966430664,283,0.0,0.0,2023-07-11
306,2023-07-11 15:14:00-04:00,94.72000122070312,94.72000122070312,94.71499633789062,94.71499633789062,330,0.0,0.0,2023-07-11
307,2023-07-11 15:15:00-04:00,94.71749877929688,94.71749877929688,94.71749877929688,94.71749877929688,638,0.0,0.0,2023-07-11
308,2023-07-11 15:16:00-04:00,94.66999816894531,94.66999816894531,94.6500015258789,94.6500015258789,1368,0.0,0.0,2023-07-11
309,2023-07-11 15:17:00-04:00,94.6500015258789,94.6500015258789,94.62999725341797,94.62999725341797,683,0.0,0.0,2023-07-11
310,2023-07-11 15:18:00-04:00,94.6449966430664,94.6449966430664,94.63999938964844,94.63999938964844,289,0.0,0.0,2023-07-11
311,2023-07-11 15:19:00-04:00,94.63999938964844,94.63999938964844,94.63999938964844,94.63999938964844,148,0.0,0.0,2023-07-11
312,2023-07-11 15:20:00-04:00,94.66999816894531,94.66999816894531,94.66999816894531,94.66999816894531,786,0.0,0.0,2023-07-11
313,2023-07-11 15:22:00-04:00,94.6500015258789,94.6500015258789,94.6500015258789,94.6500015258789,571,0.0,0.0,2023-07-11
314,2023-07-11 15:24:00-04:00,94.66999816894531,94.66999816894531,94.66999816894531,94.66999816894531,110,0.0,0.0,2023-07-11
315,2023-07-11 15:25:00-04:00,94.67500305175781,94.70999908447266,94.67500305175781,94.69999694824219,754,0.0,0.0,2023-07-11
316,2023-07-11 15:26:00-04:00,94.73999786376953,94.73999786376953,94.73999786376953,94.73999786376953,169,0.0,0.0,2023-07-11
317,2023-07-11 15:27:00-04:00,94.69999694824219,94.69999694824219,94.66200256347656,94.66200256347656,217,0.0,0.0,2023-07-11
318,2023-07-11 15:28:00-04:00,94.69999694824219,94.69999694824219,94.69999694824219,94.69999694824219,290,0.0,0.0,2023-07-11
319,2023-07-11 15:29:00-04:00,94.73999786376953,94.73999786376953,94.5999984741211,94.5999984741211,2293,0.0,0.0,2023-07-11
320,2023-07-11 15:30:00-04:00,94.62999725341797,94.62999725341797,94.58000183105469,94.58000183105469,999,0.0,0.0,2023-07-11
321,2023-07-11 15:31:00-04:00,94.51499938964844,94.51499938964844,94.51499938964844,94.51499938964844,196,0.0,0.0,2023-07-11
322,2023-07-11 15:32:00-04:00,94.5,94.5,94.5,94.5,273,0.0,0.0,2023-07-11
323,2023-07-11 15:33:00-04:00,94.5009994506836,94.5009994506836,94.5,94.5,527,0.0,0.0,2023-07-11
324,2023-07-11 15:34:00-04:00,94.52999877929688,94.52999877929688,94.52999877929688,94.52999877929688,294,0.0,0.0,2023-07-11
325,2023-07-11 15:35:00-04:00,94.52999877929688,94.52999877929688,94.52999877929688,94.52999877929688,250,0.0,0.0,2023-07-11
326,2023-07-11 15:36:00-04:00,94.55999755859375,94.58000183105469,94.55999755859375,94.58000183105469,1149,0.0,0.0,2023-07-11
327,2023-07-11 15:37:00-04:00,94.5999984741211,94.5999984741211,94.58000183105469,94.5999984741211,951,0.0,0.0,2023-07-11
328,2023-07-11 15:38:00-04:00,94.66000366210938,94.66000366210938,94.66000366210938,94.66000366210938,441,0.0,0.0,2023-07-11
329,2023-07-11 15:39:00-04:00,94.6500015258789,94.6500015258789,94.58999633789062,94.58999633789062,647,0.0,0.0,2023-07-11
330,2023-07-11 15:40:00-04:00,94.58999633789062,94.58999633789062,94.56999969482422,94.56999969482422,1799,0.0,0.0,2023-07-11
331,2023-07-11 15:41:00-04:00,94.57099914550781,94.62000274658203,94.57099914550781,94.62000274658203,833,0.0,0.0,2023-07-11
332,2023-07-11 15:43:00-04:00,94.63500213623047,94.63500213623047,94.63500213623047,94.63500213623047,589,0.0,0.0,2023-07-11
333,2023-07-11 15:44:00-04:00,94.67500305175781,94.67500305175781,94.67500305175781,94.67500305175781,280,0.0,0.0,2023-07-11
334,2023-07-11 15:45:00-04:00,94.72000122070312,94.81999969482422,94.72000122070312,94.81580352783203,1842,0.0,0.0,2023-07-11
335,2023-07-11 15:46:00-04:00,94.79000091552734,94.79000091552734,94.77999877929688,94.79000091552734,1974,0.0,0.0,2023-07-11
336,2023-07-11 15:47:00-04:00,94.80999755859375,94.80999755859375,94.80000305175781,94.80000305175781,629,0.0,0.0,2023-07-11
337,2023-07-11 15:48:00-04:00,94.75679779052734,94.75679779052734,94.75679779052734,94.75679779052734,307,0.0,0.0,2023-07-11
338,2023-07-11 15:49:00-04:00,94.77999877929688,94.8499984741211,94.77999877929688,94.83999633789062,2026,0.0,0.0,2023-07-11
339,2023-07-11 15:50:00-04:00,94.91000366210938,94.91999816894531,94.87000274658203,94.87000274658203,4049,0.0,0.0,2023-07-11
340,2023-07-11 15:51:00-04:00,94.81999969482422,94.81999969482422,94.77100372314453,94.77100372314453,1216,0.0,0.0,2023-07-11
341,2023-07-11 15:52:00-04:00,94.81749725341797,94.81749725341797,94.81749725341797,94.81749725341797,123,0.0,0.0,2023-07-11
342,2023-07-11 15:53:00-04:00,94.83999633789062,94.87000274658203,94.83999633789062,94.87000274658203,1173,0.0,0.0,2023-07-11
343,2023-07-11 15:54:00-04:00,94.83999633789062,94.88999938964844,94.83999633789062,94.88999938964844,3888,0.0,0.0,2023-07-11
344,2023-07-11 15:55:00-04:00,94.80999755859375,94.80999755859375,94.68000030517578,94.68000030517578,3743,0.0,0.0,2023-07-11
345,2023-07-11 15:56:00-04:00,94.68000030517578,94.68000030517578,94.6500015258789,94.6500015258789,1717,0.0,0.0,2023-07-11
346,2023-07-11 15:57:00-04:00,94.69999694824219,94.70999908447266,94.68000030517578,94.68000030517578,3046,0.0,0.0,2023-07-11
347,2023-07-11 15:58:00-04:00,94.68000030517578,94.68000030517578,94.55999755859375,94.55999755859375,2983,0.0,0.0,2023-07-11
348,2023-07-11 15:59:00-04:00,94.52999877929688,94.5999984741211,94.5,94.5999984741211,8601,0.0,0.0,2023-07-11
349,2023-07-12 09:30:00-04:00,96.2300033569336,97.0,96.2300033569336,96.37999725341797,4376,0.0,0.0,2023-07-12
350,2023-07-12 09:34:00-04:00,96.37999725341797,96.37999725341797,96.37999725341797,96.37999725341797,1025,0.0,0.0,2023-07-12
351,2023-07-12 09:43:00-04:00,95.80999755859375,95.80999755859375,95.80999755859375,95.80999755859375,313,0.0,0.0,2023-07-12
352,2023-07-12 09:44:00-04:00,95.81999969482422,96.05000305175781,95.81999969482422,96.05000305175781,671,0.0,0.0,2023-07-12
353,2023-07-12 09:47:00-04:00,95.58499908447266,95.58499908447266,95.58499908447266,95.58499908447266,123,0.0,0.0,2023-07-12
354,2023-07-12 09:48:00-04:00,95.97000122070312,95.97000122070312,95.95999908447266,95.95999908447266,332,0.0,0.0,2023-07-12
355,2023-07-12 09:49:00-04:00,96.08999633789062,96.08999633789062,96.08999633789062,96.08999633789062,127,0.0,0.0,2023-07-12
356,2023-07-12 09:50:00-04:00,96.0999984741211,96.0999984741211,95.94999694824219,95.94999694824219,381,0.0,0.0,2023-07-12
357,2023-07-12 09:51:00-04:00,96.20999908447266,96.33000183105469,96.20999908447266,96.33000183105469,841,0.0,0.0,2023-07-12
358,2023-07-12 09:54:00-04:00,96.30000305175781,96.3949966430664,96.30000305175781,96.3949966430664,428,0.0,0.0,2023-07-12
359,2023-07-12 09:55:00-04:00,96.29000091552734,96.43000030517578,96.29000091552734,96.43000030517578,404,0.0,0.0,2023-07-12
360,2023-07-12 09:58:00-04:00,96.47000122070312,96.47000122070312,96.47000122070312,96.47000122070312,263,0.0,0.0,2023-07-12
361,2023-07-12 10:00:00-04:00,96.47000122070312,96.5,96.47000122070312,96.5,803,0.0,0.0,2023-07-12
362,2023-07-12 10:02:00-04:00,96.37999725341797,96.37999725341797,96.37000274658203,96.37000274658203,370,0.0,0.0,2023-07-12
363,2023-07-12 10:03:00-04:00,96.25,96.25,96.23999786376953,96.23999786376953,336,0.0,0.0,2023-07-12
364,2023-07-12 10:05:00-04:00,96.16000366210938,96.16000366210938,96.16000366210938,96.16000366210938,716,0.0,0.0,2023-07-12
365,2023-07-12 10:08:00-04:00,96.18499755859375,96.26499938964844,96.18499755859375,96.2300033569336,914,0.0,0.0,2023-07-12
366,2023-07-12 10:09:00-04:00,96.16999816894531,96.16999816894531,96.16999816894531,96.16999816894531,695,0.0,0.0,2023-07-12
367,2023-07-12 10:10:00-04:00,96.19229888916016,96.3584976196289,96.12999725341797,96.3584976196289,1889,0.0,0.0,2023-07-12
368,2023-07-12 10:11:00-04:00,96.2300033569336,96.44000244140625,96.2300033569336,96.36000061035156,4051,0.0,0.0,2023-07-12
369,2023-07-12 10:12:00-04:00,96.51000213623047,96.62999725341797,96.51000213623047,96.62999725341797,459,0.0,0.0,2023-07-12
370,2023-07-12 10:13:00-04:00,96.51000213623047,96.86990356445312,96.51000213623047,96.86990356445312,3734,0.0,0.0,2023-07-12
371,2023-07-12 10:14:00-04:00,96.70999908447266,96.87999725341797,96.62999725341797,96.62999725341797,2870,0.0,0.0,2023-07-12
372,2023-07-12 10:15:00-04:00,96.75,96.75,96.75,96.75,438,0.0,0.0,2023-07-12
373,2023-07-12 10:16:00-04:00,96.87000274658203,96.87000274658203,96.68000030517578,96.68000030517578,2041,0.0,0.0,2023-07-12
374,2023-07-12 10:19:00-04:00,96.49009704589844,96.65499877929688,96.49009704589844,96.65499877929688,304,0.0,0.0,2023-07-12
375,2023-07-12 10:21:00-04:00,96.68000030517578,96.68000030517578,96.68000030517578,96.68000030517578,149,0.0,0.0,2023-07-12
376,2023-07-12 10:22:00-04:00,96.77999877929688,96.77999877929688,96.77999877929688,96.77999877929688,112,0.0,0.0,2023-07-12
377,2023-07-12 10:24:00-04:00,96.79000091552734,96.79000091552734,96.79000091552734,96.79000091552734,808,0.0,0.0,2023-07-12
378,2023-07-12 10:28:00-04:00,96.7699966430664,96.87999725341797,96.7699966430664,96.87000274658203,475,0.0,0.0,2023-07-12
379,2023-07-12 10:30:00-04:00,96.95999908447266,96.95999908447266,96.95999908447266,96.95999908447266,233,0.0,0.0,2023-07-12
380,2023-07-12 10:31:00-04:00,96.88500213623047,96.88500213623047,96.88500213623047,96.88500213623047,480,0.0,0.0,2023-07-12
381,2023-07-12 10:32:00-04:00,97.0,97.08000183105469,97.0,97.01000213623047,2019,0.0,0.0,2023-07-12
382,2023-07-12 10:36:00-04:00,97.11479949951172,97.11479949951172,97.11479949951172,97.11479949951172,228,0.0,0.0,2023-07-12
383,2023-07-12 10:37:00-04:00,97.12000274658203,97.125,97.12000274658203,97.125,605,0.0,0.0,2023-07-12
384,2023-07-12 10:38:00-04:00,97.08999633789062,97.1500015258789,97.08999633789062,97.1500015258789,533,0.0,0.0,2023-07-12
385,2023-07-12 10:40:00-04:00,97.27999877929688,97.27999877929688,97.27999877929688,97.27999877929688,169,0.0,0.0,2023-07-12
386,2023-07-12 10:41:00-04:00,97.05000305175781,97.13500213623047,96.98999786376953,97.13500213623047,1205,0.0,0.0,2023-07-12
387,2023-07-12 10:45:00-04:00,97.01000213623047,97.01000213623047,97.01000213623047,97.01000213623047,191,0.0,0.0,2023-07-12
388,2023-07-12 10:47:00-04:00,97.12999725341797,97.18000030517578,97.12999725341797,97.18000030517578,634,0.0,0.0,2023-07-12
389,2023-07-12 10:49:00-04:00,97.2300033569336,97.2300033569336,97.2300033569336,97.2300033569336,269,0.0,0.0,2023-07-12
390,2023-07-12 10:50:00-04:00,97.3499984741211,97.3499984741211,97.3499984741211,97.3499984741211,114,0.0,0.0,2023-07-12
391,2023-07-12 10:51:00-04:00,97.29499816894531,97.3499984741211,97.26000213623047,97.26000213623047,1138,0.0,0.0,2023-07-12
392,2023-07-12 10:59:00-04:00,97.24500274658203,97.24500274658203,97.2300033569336,97.2300033569336,230,0.0,0.0,2023-07-12
393,2023-07-12 11:00:00-04:00,97.30999755859375,97.30999755859375,97.30999755859375,97.30999755859375,561,0.0,0.0,2023-07-12
394,2023-07-12 11:03:00-04:00,97.5199966430664,97.5199966430664,97.41000366210938,97.41000366210938,239,0.0,0.0,2023-07-12
395,2023-07-12 11:05:00-04:00,97.4000015258789,97.4000015258789,97.4000015258789,97.4000015258789,192,0.0,0.0,2023-07-12
396,2023-07-12 11:06:00-04:00,97.30999755859375,97.30999755859375,97.26000213623047,97.26000213623047,362,0.0,0.0,2023-07-12
397,2023-07-12 11:09:00-04:00,97.16999816894531,97.25250244140625,97.16999816894531,97.25250244140625,647,0.0,0.0,2023-07-12
398,2023-07-12 11:10:00-04:00,97.18000030517578,97.18000030517578,97.18000030517578,97.18000030517578,498,0.0,0.0,2023-07-12
399,2023-07-12 11:13:00-04:00,97.19499969482422,97.30999755859375,97.19499969482422,97.30999755859375,1014,0.0,0.0,2023-07-12
400,2023-07-12 11:14:00-04:00,97.31999969482422,97.31999969482422,97.31999969482422,97.31999969482422,373,0.0,0.0,2023-07-12
401,2023-07-12 11:20:00-04:00,97.19499969482422,97.19499969482422,96.97000122070312,96.97000122070312,681,0.0,0.0,2023-07-12
402,2023-07-12 11:22:00-04:00,97.0199966430664,97.02999877929688,97.0199966430664,97.02999877929688,491,0.0,0.0,2023-07-12
403,2023-07-12 11:28:00-04:00,97.16000366210938,97.16000366210938,97.16000366210938,97.16000366210938,279,0.0,0.0,2023-07-12
404,2023-07-12 11:29:00-04:00,97.11000061035156,97.11000061035156,97.11000061035156,97.11000061035156,187,0.0,0.0,2023-07-12
405,2023-07-12 11:30:00-04:00,97.1500015258789,97.19000244140625,97.1500015258789,97.19000244140625,614,0.0,0.0,2023-07-12
406,2023-07-12 11:35:00-04:00,97.08999633789062,97.08999633789062,97.08999633789062,97.08999633789062,761,0.0,0.0,2023-07-12
407,2023-07-12 11:39:00-04:00,96.9800033569336,96.9800033569336,96.91500091552734,96.91500091552734,366,0.0,0.0,2023-07-12
408,2023-07-12 11:40:00-04:00,96.91500091552734,96.91500091552734,96.91500091552734,96.91500091552734,196,0.0,0.0,2023-07-12
409,2023-07-12 11:42:00-04:00,96.66999816894531,96.69999694824219,96.66999816894531,96.69999694824219,575,0.0,0.0,2023-07-12
410,2023-07-12 11:43:00-04:00,96.79000091552734,96.79000091552734,96.79000091552734,96.79000091552734,861,0.0,0.0,2023-07-12
411,2023-07-12 11:47:00-04:00,96.81999969482422,96.81999969482422,96.81999969482422,96.81999969482422,340,0.0,0.0,2023-07-12
412,2023-07-12 11:49:00-04:00,96.94000244140625,96.94000244140625,96.94000244140625,96.94000244140625,349,0.0,0.0,2023-07-12
413,2023-07-12 11:53:00-04:00,96.98999786376953,96.98999786376953,96.98999786376953,96.98999786376953,212,0.0,0.0,2023-07-12
414,2023-07-12 11:55:00-04:00,96.91000366210938,97.01000213623047,96.91000366210938,97.01000213623047,1237,0.0,0.0,2023-07-12
415,2023-07-12 11:56:00-04:00,96.93000030517578,96.93000030517578,96.93000030517578,96.93000030517578,664,0.0,0.0,2023-07-12
416,2023-07-12 12:01:00-04:00,97.04499816894531,97.05000305175781,97.04499816894531,97.05000305175781,359,0.0,0.0,2023-07-12
417,2023-07-12 12:02:00-04:00,96.7699966430664,96.8499984741211,96.7699966430664,96.8499984741211,827,0.0,0.0,2023-07-12
418,2023-07-12 12:09:00-04:00,96.86499786376953,96.86499786376953,96.7699966430664,96.7699966430664,877,0.0,0.0,2023-07-12
419,2023-07-12 12:11:00-04:00,96.83000183105469,96.91999816894531,96.83000183105469,96.91999816894531,1504,0.0,0.0,2023-07-12
420,2023-07-12 12:16:00-04:00,96.83000183105469,96.83000183105469,96.83000183105469,96.83000183105469,524,0.0,0.0,2023-07-12
421,2023-07-12 12:17:00-04:00,96.74980163574219,96.74980163574219,96.74980163574219,96.74980163574219,330,0.0,0.0,2023-07-12
422,2023-07-12 12:24:00-04:00,96.66580200195312,96.66580200195312,96.66580200195312,96.66580200195312,461,0.0,0.0,2023-07-12
423,2023-07-12 12:30:00-04:00,96.68000030517578,96.73999786376953,96.68000030517578,96.73999786376953,719,0.0,0.0,2023-07-12
424,2023-07-12 12:33:00-04:00,96.80999755859375,96.81539916992188,96.80999755859375,96.81539916992188,832,0.0,0.0,2023-07-12
425,2023-07-12 12:35:00-04:00,96.87999725341797,96.87999725341797,96.87999725341797,96.87999725341797,259,0.0,0.0,2023-07-12
426,2023-07-12 12:38:00-04:00,96.93000030517578,96.93000030517578,96.93000030517578,96.93000030517578,154,0.0,0.0,2023-07-12
427,2023-07-12 12:39:00-04:00,96.98999786376953,96.98999786376953,96.98999786376953,96.98999786376953,602,0.0,0.0,2023-07-12
428,2023-07-12 12:41:00-04:00,96.94499969482422,97.0,96.94499969482422,97.0,399,0.0,0.0,2023-07-12
429,2023-07-12 12:45:00-04:00,96.9000015258789,96.9000015258789,96.9000015258789,96.9000015258789,100,0.0,0.0,2023-07-12
430,2023-07-12 12:46:00-04:00,96.98999786376953,96.98999786376953,96.98999786376953,96.98999786376953,271,0.0,0.0,2023-07-12
431,2023-07-12 12:48:00-04:00,97.05999755859375,97.05999755859375,97.05999755859375,97.05999755859375,181,0.0,0.0,2023-07-12
432,2023-07-12 12:50:00-04:00,96.93000030517578,96.93000030517578,96.93000030517578,96.93000030517578,110,0.0,0.0,2023-07-12
433,2023-07-12 12:51:00-04:00,97.05000305175781,97.05000305175781,97.05000305175781,97.05000305175781,207,0.0,0.0,2023-07-12
434,2023-07-12 12:52:00-04:00,97.06999969482422,97.13999938964844,97.06999969482422,97.13999938964844,1386,0.0,0.0,2023-07-12
435,2023-07-12 12:57:00-04:00,97.20989990234375,97.20999908447266,97.1624984741211,97.1624984741211,654,0.0,0.0,2023-07-12
436,2023-07-12 12:58:00-04:00,97.18000030517578,97.18000030517578,97.18000030517578,97.18000030517578,362,0.0,0.0,2023-07-12
437,2023-07-12 12:59:00-04:00,97.1500015258789,97.1500015258789,97.1500015258789,97.1500015258789,289,0.0,0.0,2023-07-12
438,2023-07-12 13:04:00-04:00,97.13999938964844,97.13999938964844,97.08000183105469,97.08000183105469,870,0.0,0.0,2023-07-12
439,2023-07-12 13:05:00-04:00,97.1449966430664,97.1500015258789,97.1449966430664,97.1500015258789,255,0.0,0.0,2023-07-12
440,2023-07-12 13:07:00-04:00,97.16000366210938,97.16000366210938,97.16000366210938,97.16000366210938,535,0.0,0.0,2023-07-12
441,2023-07-12 13:10:00-04:00,97.13999938964844,97.13999938964844,97.13999938964844,97.13999938964844,242,0.0,0.0,2023-07-12
442,2023-07-12 13:15:00-04:00,97.23999786376953,97.27999877929688,97.23999786376953,97.27999877929688,544,0.0,0.0,2023-07-12
443,2023-07-12 13:16:00-04:00,97.23999786376953,97.23999786376953,97.23999786376953,97.23999786376953,424,0.0,0.0,2023-07-12
444,2023-07-12 13:17:00-04:00,97.30999755859375,97.30999755859375,97.30999755859375,97.30999755859375,267,0.0,0.0,2023-07-12
445,2023-07-12 13:19:00-04:00,97.31999969482422,97.31999969482422,97.31999969482422,97.31999969482422,403,0.0,0.0,2023-07-12
446,2023-07-12 13:23:00-04:00,97.25769805908203,97.25769805908203,97.25769805908203,97.25769805908203,482,0.0,0.0,2023-07-12
447,2023-07-12 13:27:00-04:00,97.38500213623047,97.38500213623047,97.38500213623047,97.38500213623047,353,0.0,0.0,2023-07-12
448,2023-07-12 13:28:00-04:00,97.31999969482422,97.37999725341797,97.31999969482422,97.37999725341797,1262,0.0,0.0,2023-07-12
449,2023-07-12 13:30:00-04:00,97.31999969482422,97.38999938964844,97.31999969482422,97.38999938964844,1015,0.0,0.0,2023-07-12
450,2023-07-12 13:32:00-04:00,97.43499755859375,97.43499755859375,97.43499755859375,97.43499755859375,718,0.0,0.0,2023-07-12
451,2023-07-12 13:33:00-04:00,97.5,97.5,97.5,97.5,553,0.0,0.0,2023-07-12
452,2023-07-12 13:35:00-04:00,97.45999908447266,97.45999908447266,97.45999908447266,97.45999908447266,251,0.0,0.0,2023-07-12
453,2023-07-12 13:36:00-04:00,97.44000244140625,97.44000244140625,97.41000366210938,97.41000366210938,656,0.0,0.0,2023-07-12
454,2023-07-12 13:37:00-04:00,97.38999938964844,97.38999938964844,97.38999938964844,97.38999938964844,543,0.0,0.0,2023-07-12
455,2023-07-12 13:41:00-04:00,97.33000183105469,97.33000183105469,97.33000183105469,97.33000183105469,502,0.0,0.0,2023-07-12
456,2023-07-12 13:48:00-04:00,97.36000061035156,97.36000061035156,97.36000061035156,97.36000061035156,712,0.0,0.0,2023-07-12
457,2023-07-12 13:49:00-04:00,97.33999633789062,97.33999633789062,97.33999633789062,97.33999633789062,167,0.0,0.0,2023-07-12
458,2023-07-12 13:50:00-04:00,97.27999877929688,97.27999877929688,97.27999877929688,97.27999877929688,634,0.0,0.0,2023-07-12
459,2023-07-12 13:56:00-04:00,97.36000061035156,97.36000061035156,97.3499984741211,97.3499984741211,361,0.0,0.0,2023-07-12
460,2023-07-12 13:57:00-04:00,97.33000183105469,97.33000183105469,97.33000183105469,97.33000183105469,242,0.0,0.0,2023-07-12
461,2023-07-12 13:59:00-04:00,97.36000061035156,97.36000061035156,97.36000061035156,97.36000061035156,302,0.0,0.0,2023-07-12
462,2023-07-12 14:00:00-04:00,97.4000015258789,97.5,97.38999938964844,97.38999938964844,1403,0.0,0.0,2023-07-12
463,2023-07-12 14:02:00-04:00,97.36000061035156,97.36000061035156,97.36000061035156,97.36000061035156,755,0.0,0.0,2023-07-12
464,2023-07-12 14:05:00-04:00,97.45999908447266,97.48999786376953,97.45999908447266,97.48999786376953,228,0.0,0.0,2023-07-12
465,2023-07-12 14:06:00-04:00,97.47000122070312,97.47000122070312,97.47000122070312,97.47000122070312,209,0.0,0.0,2023-07-12
466,2023-07-12 14:07:00-04:00,97.52999877929688,97.52999877929688,97.52999877929688,97.52999877929688,366,0.0,0.0,2023-07-12
467,2023-07-12 14:08:00-04:00,97.55000305175781,97.61000061035156,97.55000305175781,97.61000061035156,587,0.0,0.0,2023-07-12
468,2023-07-12 14:09:00-04:00,97.56500244140625,97.56500244140625,97.56500244140625,97.56500244140625,600,0.0,0.0,2023-07-12
469,2023-07-12 14:12:00-04:00,97.6449966430664,97.6449966430664,97.6449966430664,97.6449966430664,267,0.0,0.0,2023-07-12
470,2023-07-12 14:15:00-04:00,97.6500015258789,97.68000030517578,97.63999938964844,97.66999816894531,990,0.0,0.0,2023-07-12
471,2023-07-12 14:16:00-04:00,97.69000244140625,97.69000244140625,97.69000244140625,97.69000244140625,205,0.0,0.0,2023-07-12
472,2023-07-12 14:17:00-04:00,97.6427993774414,97.6427993774414,97.6427993774414,97.6427993774414,256,0.0,0.0,2023-07-12
473,2023-07-12 14:18:00-04:00,97.62999725341797,97.63999938964844,97.61000061035156,97.63999938964844,741,0.0,0.0,2023-07-12
474,2023-07-12 14:19:00-04:00,97.63999938964844,97.63999938964844,97.63999938964844,97.63999938964844,235,0.0,0.0,2023-07-12
475,2023-07-12 14:21:00-04:00,97.68000030517578,97.75,97.68000030517578,97.75,1053,0.0,0.0,2023-07-12
476,2023-07-12 14:24:00-04:00,97.66999816894531,97.66999816894531,97.66999816894531,97.66999816894531,869,0.0,0.0,2023-07-12
477,2023-07-12 14:30:00-04:00,97.625,97.625,97.61000061035156,97.61000061035156,422,0.0,0.0,2023-07-12
478,2023-07-12 14:31:00-04:00,97.59500122070312,97.59500122070312,97.59500122070312,97.59500122070312,164,0.0,0.0,2023-07-12
479,2023-07-12 14:32:00-04:00,97.56999969482422,97.56999969482422,97.56999969482422,97.56999969482422,463,0.0,0.0,2023-07-12
480,2023-07-12 14:33:00-04:00,97.58000183105469,97.5999984741211,97.58000183105469,97.58999633789062,954,0.0,0.0,2023-07-12
481,2023-07-12 14:34:00-04:00,97.6500015258789,97.6500015258789,97.6500015258789,97.6500015258789,200,0.0,0.0,2023-07-12
482,2023-07-12 14:37:00-04:00,97.6500015258789,97.6500015258789,97.6500015258789,97.6500015258789,219,0.0,0.0,2023-07-12
483,2023-07-12 14:38:00-04:00,97.69000244140625,97.69000244140625,97.69000244140625,97.69000244140625,554,0.0,0.0,2023-07-12
484,2023-07-12 14:40:00-04:00,97.72000122070312,97.72000122070312,97.72000122070312,97.72000122070312,203,0.0,0.0,2023-07-12
485,2023-07-12 14:41:00-04:00,97.66999816894531,97.72000122070312,97.66999816894531,97.72000122070312,1298,0.0,0.0,2023-07-12
486,2023-07-12 14:46:00-04:00,97.68499755859375,97.68499755859375,97.68499755859375,97.68499755859375,281,0.0,0.0,2023-07-12
487,2023-07-12 14:48:00-04:00,97.58999633789062,97.66999816894531,97.58999633789062,97.66000366210938,2505,0.0,0.0,2023-07-12
488,2023-07-12 14:50:00-04:00,97.66000366210938,97.66000366210938,97.66000366210938,97.66000366210938,701,0.0,0.0,2023-07-12
489,2023-07-12 14:54:00-04:00,97.50749969482422,97.58999633789062,97.50749969482422,97.58999633789062,1448,0.0,0.0,2023-07-12
490,2023-07-12 14:58:00-04:00,97.72000122070312,97.72000122070312,97.72000122070312,97.72000122070312,639,0.0,0.0,2023-07-12
491,2023-07-12 15:00:00-04:00,97.75,97.75,97.68000030517578,97.68000030517578,1903,0.0,0.0,2023-07-12
492,2023-07-12 15:01:00-04:00,97.63999938964844,97.63999938964844,97.63999938964844,97.63999938964844,383,0.0,0.0,2023-07-12
493,2023-07-12 15:05:00-04:00,97.61499786376953,97.62000274658203,97.61499786376953,97.62000274658203,529,0.0,0.0,2023-07-12
494,2023-07-12 15:07:00-04:00,97.62999725341797,97.62999725341797,97.62999725341797,97.62999725341797,248,0.0,0.0,2023-07-12
495,2023-07-12 15:09:00-04:00,97.55000305175781,97.6500015258789,97.55000305175781,97.6500015258789,613,0.0,0.0,2023-07-12
496,2023-07-12 15:11:00-04:00,97.55999755859375,97.55999755859375,97.52999877929688,97.52999877929688,1004,0.0,0.0,2023-07-12
497,2023-07-12 15:12:00-04:00,97.51000213623047,97.51000213623047,97.51000213623047,97.51000213623047,100,0.0,0.0,2023-07-12
498,2023-07-12 15:13:00-04:00,97.51000213623047,97.51000213623047,97.47010040283203,97.47010040283203,879,0.0,0.0,2023-07-12
499,2023-07-12 15:14:00-04:00,97.5199966430664,97.54000091552734,97.5199966430664,97.54000091552734,928,0.0,0.0,2023-07-12
500,2023-07-12 15:15:00-04:00,97.52999877929688,97.52999877929688,97.52999877929688,97.52999877929688,673,0.0,0.0,2023-07-12
501,2023-07-12 15:21:00-04:00,97.17500305175781,97.17500305175781,97.17500305175781,97.17500305175781,270,0.0,0.0,2023-07-12
502,2023-07-12 15:23:00-04:00,97.0999984741211,97.0999984741211,97.0999984741211,97.0999984741211,1112,0.0,0.0,2023-07-12
503,2023-07-12 15:25:00-04:00,96.94000244140625,96.94999694824219,96.94000244140625,96.94999694824219,389,0.0,0.0,2023-07-12
504,2023-07-12 15:26:00-04:00,96.95999908447266,97.0199966430664,96.95999908447266,97.0199966430664,1619,0.0,0.0,2023-07-12
505,2023-07-12 15:27:00-04:00,97.12000274658203,97.12000274658203,97.12000274658203,97.12000274658203,195,0.0,0.0,2023-07-12
506,2023-07-12 15:29:00-04:00,97.12000274658203,97.12000274658203,97.12000274658203,97.12000274658203,139,0.0,0.0,2023-07-12
507,2023-07-12 15:30:00-04:00,97.05999755859375,97.05999755859375,97.05999755859375,97.05999755859375,826,0.0,0.0,2023-07-12
508,2023-07-12 15:31:00-04:00,97.09249877929688,97.13999938964844,97.09249877929688,97.13999938964844,339,0.0,0.0,2023-07-12
509,2023-07-12 15:32:00-04:00,97.12999725341797,97.20999908447266,97.12999725341797,97.19499969482422,1475,0.0,0.0,2023-07-12
510,2023-07-12 15:33:00-04:00,97.12999725341797,97.12999725341797,97.12999725341797,97.12999725341797,742,0.0,0.0,2023-07-12
511,2023-07-12 15:35:00-04:00,97.12000274658203,97.1500015258789,97.11000061035156,97.11000061035156,702,0.0,0.0,2023-07-12
512,2023-07-12 15:37:00-04:00,97.04000091552734,97.07250213623047,96.94000244140625,97.07250213623047,3736,0.0,0.0,2023-07-12
513,2023-07-12 15:38:00-04:00,97.01499938964844,97.08999633789062,97.01499938964844,97.01499938964844,1639,0.0,0.0,2023-07-12
514,2023-07-12 15:39:00-04:00,97.08000183105469,97.08000183105469,97.08000183105469,97.08000183105469,609,0.0,0.0,2023-07-12
515,2023-07-12 15:40:00-04:00,97.05000305175781,97.12999725341797,97.05000305175781,97.12999725341797,1331,0.0,0.0,2023-07-12
516,2023-07-12 15:41:00-04:00,97.13999938964844,97.2300033569336,97.13999938964844,97.19499969482422,928,0.0,0.0,2023-07-12
517,2023-07-12 15:42:00-04:00,97.22000122070312,97.22000122070312,97.22000122070312,97.22000122070312,623,0.0,0.0,2023-07-12
518,2023-07-12 15:43:00-04:00,97.2699966430664,97.33999633789062,97.2699966430664,97.30000305175781,718,0.0,0.0,2023-07-12
519,2023-07-12 15:45:00-04:00,97.23500061035156,97.27999877929688,97.2300033569336,97.2300033569336,879,0.0,0.0,2023-07-12
520,2023-07-12 15:46:00-04:00,97.22000122070312,97.22000122070312,97.22000122070312,97.22000122070312,653,0.0,0.0,2023-07-12
521,2023-07-12 15:47:00-04:00,97.23999786376953,97.23999786376953,97.1500015258789,97.1500015258789,839,0.0,0.0,2023-07-12
522,2023-07-12 15:48:00-04:00,97.11000061035156,97.11000061035156,97.11000061035156,97.11000061035156,319,0.0,0.0,2023-07-12
523,2023-07-12 15:49:00-04:00,97.06999969482422,97.11000061035156,97.0199966430664,97.02999877929688,1669,0.0,0.0,2023-07-12
524,2023-07-12 15:50:00-04:00,96.9800033569336,96.9800033569336,96.97000122070312,96.97000122070312,409,0.0,0.0,2023-07-12
525,2023-07-12 15:51:00-04:00,96.94000244140625,96.97000122070312,96.94000244140625,96.97000122070312,1696,0.0,0.0,2023-07-12
526,2023-07-12 15:52:00-04:00,96.97000122070312,96.97000122070312,96.97000122070312,96.97000122070312,136,0.0,0.0,2023-07-12
527,2023-07-12 15:53:00-04:00,97.0,97.0,96.9800033569336,96.9800033569336,732,0.0,0.0,2023-07-12
528,2023-07-12 15:54:00-04:00,97.0250015258789,97.03500366210938,97.0250015258789,97.03500366210938,1307,0.0,0.0,2023-07-12
529,2023-07-12 15:55:00-04:00,97.01000213623047,97.04000091552734,96.93000030517578,96.93000030517578,2443,0.0,0.0,2023-07-12
530,2023-07-12 15:56:00-04:00,96.87999725341797,96.91999816894531,96.87999725341797,96.91999816894531,1325,0.0,0.0,2023-07-12
531,2023-07-12 15:57:00-04:00,96.88500213623047,96.88500213623047,96.88500213623047,96.88500213623047,697,0.0,0.0,2023-07-12
532,2023-07-12 15:58:00-04:00,96.80500030517578,96.80500030517578,96.80500030517578,96.80500030517578,735,0.0,0.0,2023-07-12
533,2023-07-12 15:59:00-04:00,96.83999633789062,96.91000366210938,96.80999755859375,96.88099670410156,5345,0.0,0.0,2023-07-12
534,2023-07-13 09:30:00-04:00,96.9000015258789,96.9000015258789,96.9000015258789,96.9000015258789,2105,0.0,0.0,2023-07-13
535,2023-07-13 09:31:00-04:00,96.66999816894531,96.66999816894531,96.62000274658203,96.6500015258789,936,0.0,0.0,2023-07-13
536,2023-07-13 09:35:00-04:00,97.13999938964844,97.13999938964844,97.13999938964844,97.13999938964844,211,0.0,0.0,2023-07-13
537,2023-07-13 09:36:00-04:00,97.16999816894531,97.16999816894531,96.7300033569336,96.7300033569336,1450,0.0,0.0,2023-07-13
538,2023-07-13 09:39:00-04:00,96.77999877929688,96.80999755859375,96.67749786376953,96.80999755859375,1127,0.0,0.0,2023-07-13
539,2023-07-13 09:40:00-04:00,96.9000015258789,96.9000015258789,96.9000015258789,96.9000015258789,213,0.0,0.0,2023-07-13
540,2023-07-13 09:41:00-04:00,97.0999984741211,97.0999984741211,97.0999984741211,97.0999984741211,215,0.0,0.0,2023-07-13
541,2023-07-13 09:42:00-04:00,97.1500015258789,97.1500015258789,97.05999755859375,97.05999755859375,414,0.0,0.0,2023-07-13
542,2023-07-13 09:43:00-04:00,97.05999755859375,97.18000030517578,97.04000091552734,97.18000030517578,843,0.0,0.0,2023-07-13
543,2023-07-13 09:44:00-04:00,97.22000122070312,97.2300033569336,97.22000122070312,97.2300033569336,721,0.0,0.0,2023-07-13
544,2023-07-13 09:46:00-04:00,97.4800033569336,97.4800033569336,97.4800033569336,97.4800033569336,531,0.0,0.0,2023-07-13
545,2023-07-13 09:47:00-04:00,97.58000183105469,97.69000244140625,97.58000183105469,97.68000030517578,375,0.0,0.0,2023-07-13
546,2023-07-13 09:48:00-04:00,97.77999877929688,97.77999877929688,97.77999877929688,97.77999877929688,124,0.0,0.0,2023-07-13
547,2023-07-13 09:52:00-04:00,97.69000244140625,97.69999694824219,97.5999984741211,97.5999984741211,735,0.0,0.0,2023-07-13
548,2023-07-13 09:53:00-04:00,97.72000122070312,97.7300033569336,97.72000122070312,97.7300033569336,565,0.0,0.0,2023-07-13
549,2023-07-13 09:55:00-04:00,97.79000091552734,97.80999755859375,97.79000091552734,97.80999755859375,1270,0.0,0.0,2023-07-13
550,2023-07-13 10:00:00-04:00,97.7699966430664,97.83000183105469,97.44000244140625,97.44000244140625,1529,0.0,0.0,2023-07-13
551,2023-07-13 10:01:00-04:00,97.44000244140625,97.44000244140625,97.44000244140625,97.44000244140625,380,0.0,0.0,2023-07-13
552,2023-07-13 10:05:00-04:00,97.56999969482422,97.56999969482422,97.56999969482422,97.56999969482422,313,0.0,0.0,2023-07-13
553,2023-07-13 10:10:00-04:00,97.38999938964844,97.38999938964844,97.31999969482422,97.31999969482422,420,0.0,0.0,2023-07-13
554,2023-07-13 10:11:00-04:00,97.26000213623047,97.26000213623047,97.26000213623047,97.26000213623047,241,0.0,0.0,2023-07-13
555,2023-07-13 10:13:00-04:00,97.36000061035156,97.5199966430664,97.36000061035156,97.5199966430664,892,0.0,0.0,2023-07-13
556,2023-07-13 10:14:00-04:00,97.44000244140625,97.44000244140625,97.44000244140625,97.44000244140625,504,0.0,0.0,2023-07-13
557,2023-07-13 10:16:00-04:00,97.35749816894531,97.3949966430664,97.29000091552734,97.3949966430664,1255,0.0,0.0,2023-07-13
558,2023-07-13 10:18:00-04:00,97.30000305175781,97.30000305175781,97.29000091552734,97.29000091552734,406,0.0,0.0,2023-07-13
559,2023-07-13 10:19:00-04:00,97.18000030517578,97.18000030517578,97.18000030517578,97.18000030517578,144,0.0,0.0,2023-07-13
560,2023-07-13 10:20:00-04:00,97.05000305175781,97.05000305175781,97.05000305175781,97.05000305175781,233,0.0,0.0,2023-07-13
561,2023-07-13 10:23:00-04:00,97.24500274658203,97.26000213623047,97.13999938964844,97.26000213623047,887,0.0,0.0,2023-07-13
562,2023-07-13 10:24:00-04:00,97.22000122070312,97.30000305175781,97.22000122070312,97.30000305175781,1164,0.0,0.0,2023-07-13
563,2023-07-13 10:25:00-04:00,97.38999938964844,97.38999938964844,97.38999938964844,97.38999938964844,436,0.0,0.0,2023-07-13
564,2023-07-13 10:29:00-04:00,97.55999755859375,97.55999755859375,97.55999755859375,97.55999755859375,479,0.0,0.0,2023-07-13
565,2023-07-13 10:30:00-04:00,97.48999786376953,97.48999786376953,97.48999786376953,97.48999786376953,111,0.0,0.0,2023-07-13
566,2023-07-13 10:31:00-04:00,97.58999633789062,97.58999633789062,97.58999633789062,97.58999633789062,658,0.0,0.0,2023-07-13
567,2023-07-13 10:34:00-04:00,97.76000213623047,97.76000213623047,97.72000122070312,97.72000122070312,255,0.0,0.0,2023-07-13
568,2023-07-13 10:35:00-04:00,97.75,97.75,97.75,97.75,562,0.0,0.0,2023-07-13
569,2023-07-13 10:37:00-04:00,97.88500213623047,97.88500213623047,97.88500213623047,97.88500213623047,234,0.0,0.0,2023-07-13
570,2023-07-13 10:39:00-04:00,97.80999755859375,97.81999969482422,97.79000091552734,97.79000091552734,1213,0.0,0.0,2023-07-13
571,2023-07-13 10:40:00-04:00,97.9000015258789,97.9000015258789,97.9000015258789,97.9000015258789,244,0.0,0.0,2023-07-13
572,2023-07-13 10:44:00-04:00,97.8938980102539,97.91000366210938,97.8938980102539,97.91000366210938,629,0.0,0.0,2023-07-13
573,2023-07-13 10:45:00-04:00,97.94000244140625,97.94000244140625,97.93499755859375,97.93499755859375,530,0.0,0.0,2023-07-13
574,2023-07-13 10:48:00-04:00,97.86000061035156,97.86000061035156,97.86000061035156,97.86000061035156,730,0.0,0.0,2023-07-13
575,2023-07-13 10:49:00-04:00,97.84500122070312,97.84500122070312,97.7699966430664,97.81999969482422,916,0.0,0.0,2023-07-13
576,2023-07-13 10:50:00-04:00,97.76000213623047,97.76000213623047,97.72000122070312,97.75,1381,0.0,0.0,2023-07-13
577,2023-07-13 10:51:00-04:00,97.7699966430664,97.7699966430664,97.7699966430664,97.7699966430664,162,0.0,0.0,2023-07-13
578,2023-07-13 10:54:00-04:00,97.68000030517578,97.68000030517578,97.68000030517578,97.68000030517578,335,0.0,0.0,2023-07-13
579,2023-07-13 10:58:00-04:00,97.59750366210938,97.59750366210938,97.59750366210938,97.59750366210938,413,0.0,0.0,2023-07-13
580,2023-07-13 11:00:00-04:00,97.72000122070312,97.80999755859375,97.72000122070312,97.80999755859375,1094,0.0,0.0,2023-07-13
581,2023-07-13 11:01:00-04:00,97.77999877929688,97.77999877929688,97.77999877929688,97.77999877929688,158,0.0,0.0,2023-07-13
582,2023-07-13 11:02:00-04:00,97.68000030517578,97.68000030517578,97.61000061035156,97.62000274658203,849,0.0,0.0,2023-07-13
583,2023-07-13 11:04:00-04:00,97.69059753417969,97.69059753417969,97.57499694824219,97.57499694824219,303,0.0,0.0,2023-07-13
584,2023-07-13 11:06:00-04:00,97.62000274658203,97.62000274658203,97.62000274658203,97.62000274658203,251,0.0,0.0,2023-07-13
585,2023-07-13 11:08:00-04:00,97.47000122070312,97.62000274658203,97.47000122070312,97.62000274658203,207,0.0,0.0,2023-07-13
586,2023-07-13 11:09:00-04:00,97.59149932861328,97.59149932861328,97.59149932861328,97.59149932861328,272,0.0,0.0,2023-07-13
587,2023-07-13 11:10:00-04:00,97.51000213623047,97.54000091552734,97.51000213623047,97.54000091552734,230,0.0,0.0,2023-07-13
588,2023-07-13 11:11:00-04:00,97.44999694824219,97.44999694824219,97.44999694824219,97.44999694824219,366,0.0,0.0,2023-07-13
589,2023-07-13 11:14:00-04:00,97.31999969482422,97.31999969482422,97.31999969482422,97.31999969482422,1066,0.0,0.0,2023-07-13
590,2023-07-13 11:19:00-04:00,97.56999969482422,97.56999969482422,97.56999969482422,97.56999969482422,283,0.0,0.0,2023-07-13
591,2023-07-13 11:20:00-04:00,97.625,97.625,97.625,97.625,100,0.0,0.0,2023-07-13
592,2023-07-13 11:21:00-04:00,97.54000091552734,97.54000091552734,97.54000091552734,97.54000091552734,471,0.0,0.0,2023-07-13
593,2023-07-13 11:25:00-04:00,97.4800033569336,97.4800033569336,97.45999908447266,97.45999908447266,315,0.0,0.0,2023-07-13
594,2023-07-13 11:26:00-04:00,97.37999725341797,97.37999725341797,97.37999725341797,97.37999725341797,1298,0.0,0.0,2023-07-13
595,2023-07-13 11:34:00-04:00,97.23999786376953,97.23999786376953,97.23999786376953,97.23999786376953,397,0.0,0.0,2023-07-13
596,2023-07-13 11:36:00-04:00,97.41000366210938,97.54000091552734,97.41000366210938,97.54000091552734,612,0.0,0.0,2023-07-13
597,2023-07-13 11:37:00-04:00,97.36000061035156,97.4800033569336,97.33999633789062,97.4800033569336,351,0.0,0.0,2023-07-13
598,2023-07-13 11:41:00-04:00,97.51000213623047,97.51000213623047,97.33999633789062,97.44999694824219,928,0.0,0.0,2023-07-13
599,2023-07-13 11:44:00-04:00,97.55000305175781,97.62999725341797,97.55000305175781,97.55000305175781,391,0.0,0.0,2023-07-13
600,2023-07-13 11:49:00-04:00,97.47000122070312,97.5999984741211,97.47000122070312,97.5999984741211,230,0.0,0.0,2023-07-13
601,2023-07-13 11:51:00-04:00,97.4800033569336,97.4800033569336,97.4800033569336,97.4800033569336,587,0.0,0.0,2023-07-13
602,2023-07-13 11:55:00-04:00,97.6500015258789,97.6500015258789,97.6500015258789,97.6500015258789,393,0.0,0.0,2023-07-13
603,2023-07-13 11:58:00-04:00,97.63999938964844,97.63999938964844,97.63999938964844,97.63999938964844,293,0.0,0.0,2023-07-13
604,2023-07-13 12:01:00-04:00,97.62999725341797,97.62999725341797,97.56999969482422,97.56999969482422,282,0.0,0.0,2023-07-13
605,2023-07-13 12:03:00-04:00,97.66999816894531,97.66999816894531,97.66999816894531,97.66999816894531,522,0.0,0.0,2023-07-13
606,2023-07-13 12:08:00-04:00,97.69000244140625,97.69000244140625,97.69000244140625,97.69000244140625,194,0.0,0.0,2023-07-13
607,2023-07-13 12:09:00-04:00,97.61000061035156,97.61000061035156,97.61000061035156,97.61000061035156,236,0.0,0.0,2023-07-13
608,2023-07-13 12:10:00-04:00,97.63999938964844,97.63999938964844,97.63999938964844,97.63999938964844,329,0.0,0.0,2023-07-13
609,2023-07-13 12:15:00-04:00,97.5999984741211,97.5999984741211,97.5999984741211,97.5999984741211,290,0.0,0.0,2023-07-13
610,2023-07-13 12:16:00-04:00,97.62999725341797,97.6500015258789,97.62999725341797,97.6500015258789,225,0.0,0.0,2023-07-13
611,2023-07-13 12:17:00-04:00,97.69999694824219,97.69999694824219,97.69999694824219,97.69999694824219,595,0.0,0.0,2023-07-13
612,2023-07-13 12:21:00-04:00,97.86000061035156,97.86000061035156,97.86000061035156,97.86000061035156,386,0.0,0.0,2023-07-13
613,2023-07-13 12:22:00-04:00,97.8499984741211,97.8499984741211,97.8499984741211,97.8499984741211,230,0.0,0.0,2023-07-13
614,2023-07-13 12:23:00-04:00,97.75,97.75,97.75,97.75,117,0.0,0.0,2023-07-13
615,2023-07-13 12:24:00-04:00,97.81999969482422,97.81999969482422,97.81999969482422,97.81999969482422,116,0.0,0.0,2023-07-13
616,2023-07-13 12:26:00-04:00,97.81999969482422,97.81999969482422,97.81999969482422,97.81999969482422,165,0.0,0.0,2023-07-13
617,2023-07-13 12:29:00-04:00,97.87000274658203,97.87000274658203,97.87000274658203,97.87000274658203,108,0.0,0.0,2023-07-13
618,2023-07-13 12:30:00-04:00,97.81500244140625,97.81749725341797,97.81500244140625,97.81749725341797,522,0.0,0.0,2023-07-13
619,2023-07-13 12:32:00-04:00,97.69000244140625,97.7249984741211,97.63999938964844,97.63999938964844,1298,0.0,0.0,2023-07-13
620,2023-07-13 12:36:00-04:00,97.77999877929688,97.77999877929688,97.77999877929688,97.77999877929688,222,0.0,0.0,2023-07-13
621,2023-07-13 12:37:00-04:00,97.7699966430664,97.7699966430664,97.7699966430664,97.7699966430664,112,0.0,0.0,2023-07-13
622,2023-07-13 12:39:00-04:00,97.7699966430664,97.7699966430664,97.7699966430664,97.7699966430664,114,0.0,0.0,2023-07-13
623,2023-07-13 12:40:00-04:00,97.7699966430664,97.7699966430664,97.7699966430664,97.7699966430664,357,0.0,0.0,2023-07-13
624,2023-07-13 12:45:00-04:00,97.8499984741211,97.8499984741211,97.8499984741211,97.8499984741211,203,0.0,0.0,2023-07-13
625,2023-07-13 12:48:00-04:00,97.82499694824219,97.82499694824219,97.82499694824219,97.82499694824219,273,0.0,0.0,2023-07-13
626,2023-07-13 12:51:00-04:00,97.83499908447266,97.83499908447266,97.83499908447266,97.83499908447266,212,0.0,0.0,2023-07-13
627,2023-07-13 12:52:00-04:00,97.7699966430664,97.7699966430664,97.7699966430664,97.7699966430664,341,0.0,0.0,2023-07-13
628,2023-07-13 12:55:00-04:00,97.70999908447266,97.75,97.68499755859375,97.75,1138,0.0,0.0,2023-07-13
629,2023-07-13 12:58:00-04:00,97.61000061035156,97.61000061035156,97.61000061035156,97.61000061035156,311,0.0,0.0,2023-07-13
630,2023-07-13 12:59:00-04:00,97.7699966430664,97.80000305175781,97.7699966430664,97.80000305175781,453,0.0,0.0,2023-07-13
631,2023-07-13 13:00:00-04:00,97.80999755859375,97.80999755859375,97.80999755859375,97.80999755859375,761,0.0,0.0,2023-07-13
632,2023-07-13 13:01:00-04:00,97.73999786376953,97.73999786376953,97.7300033569336,97.7300033569336,387,0.0,0.0,2023-07-13
633,2023-07-13 13:06:00-04:00,97.62000274658203,97.62000274658203,97.62000274658203,97.62000274658203,174,0.0,0.0,2023-07-13
634,2023-07-13 13:07:00-04:00,97.61000061035156,97.61000061035156,97.61000061035156,97.61000061035156,110,0.0,0.0,2023-07-13
635,2023-07-13 13:08:00-04:00,97.6050033569336,97.6050033569336,97.6050033569336,97.6050033569336,108,0.0,0.0,2023-07-13
636,2023-07-13 13:10:00-04:00,97.58000183105469,97.58000183105469,97.58000183105469,97.58000183105469,625,0.0,0.0,2023-07-13
637,2023-07-13 13:12:00-04:00,97.68000030517578,97.72000122070312,97.68000030517578,97.72000122070312,897,0.0,0.0,2023-07-13
638,2023-07-13 13:14:00-04:00,97.73999786376953,97.73999786376953,97.73999786376953,97.73999786376953,109,0.0,0.0,2023-07-13
639,2023-07-13 13:15:00-04:00,97.68000030517578,97.80000305175781,97.68000030517578,97.80000305175781,682,0.0,0.0,2023-07-13
640,2023-07-13 13:17:00-04:00,97.75,97.75,97.74500274658203,97.74500274658203,784,0.0,0.0,2023-07-13
641,2023-07-13 13:18:00-04:00,97.74500274658203,97.74500274658203,97.74500274658203,97.74500274658203,181,0.0,0.0,2023-07-13
642,2023-07-13 13:19:00-04:00,97.81999969482422,97.81999969482422,97.81999969482422,97.81999969482422,164,0.0,0.0,2023-07-13
643,2023-07-13 13:21:00-04:00,97.75499725341797,97.75499725341797,97.75499725341797,97.75499725341797,225,0.0,0.0,2023-07-13
644,2023-07-13 13:23:00-04:00,97.75499725341797,97.75499725341797,97.75499725341797,97.75499725341797,651,0.0,0.0,2023-07-13
645,2023-07-13 13:25:00-04:00,97.80999755859375,97.8499984741211,97.80999755859375,97.8499984741211,569,0.0,0.0,2023-07-13
646,2023-07-13 13:26:00-04:00,97.82499694824219,98.08809661865234,97.7699966430664,98.08809661865234,6008,0.0,0.0,2023-07-13
647,2023-07-13 13:27:00-04:00,98.19999694824219,98.19999694824219,98.08000183105469,98.16999816894531,1162,0.0,0.0,2023-07-13
648,2023-07-13 13:33:00-04:00,98.08999633789062,98.08999633789062,98.08999633789062,98.08999633789062,313,0.0,0.0,2023-07-13
649,2023-07-13 13:34:00-04:00,98.01000213623047,98.04000091552734,98.0,98.01499938964844,2568,0.0,0.0,2023-07-13
650,2023-07-13 13:35:00-04:00,98.05999755859375,98.08000183105469,98.05999755859375,98.08000183105469,732,0.0,0.0,2023-07-13
651,2023-07-13 13:37:00-04:00,98.0250015258789,98.0250015258789,98.0250015258789,98.0250015258789,293,0.0,0.0,2023-07-13
652,2023-07-13 13:38:00-04:00,98.06999969482422,98.08999633789062,98.06999969482422,98.08999633789062,1376,0.0,0.0,2023-07-13
653,2023-07-13 13:41:00-04:00,98.18000030517578,98.19999694824219,98.18000030517578,98.19999694824219,431,0.0,0.0,2023-07-13
654,2023-07-13 13:45:00-04:00,98.23999786376953,98.23999786376953,98.23999786376953,98.23999786376953,160,0.0,0.0,2023-07-13
655,2023-07-13 13:46:00-04:00,98.2699966430664,98.2699966430664,98.26000213623047,98.26000213623047,296,0.0,0.0,2023-07-13
656,2023-07-13 13:47:00-04:00,98.26000213623047,98.26000213623047,98.26000213623047,98.26000213623047,172,0.0,0.0,2023-07-13
657,2023-07-13 13:48:00-04:00,98.25,98.25,98.25,98.25,266,0.0,0.0,2023-07-13
658,2023-07-13 13:49:00-04:00,98.27999877929688,98.27999877929688,98.27999877929688,98.27999877929688,142,0.0,0.0,2023-07-13
659,2023-07-13 13:50:00-04:00,98.26000213623047,98.26000213623047,98.25,98.26000213623047,1013,0.0,0.0,2023-07-13
660,2023-07-13 13:51:00-04:00,98.30000305175781,98.30000305175781,98.30000305175781,98.30000305175781,218,0.0,0.0,2023-07-13
661,2023-07-13 13:53:00-04:00,98.25499725341797,98.25499725341797,98.25499725341797,98.25499725341797,378,0.0,0.0,2023-07-13
662,2023-07-13 13:54:00-04:00,98.30999755859375,98.31999969482422,98.30999755859375,98.31999969482422,1043,0.0,0.0,2023-07-13
663,2023-07-13 13:55:00-04:00,98.38999938964844,98.44999694824219,98.3499984741211,98.44999694824219,1574,0.0,0.0,2023-07-13
664,2023-07-13 13:56:00-04:00,98.36000061035156,98.37999725341797,98.36000061035156,98.37999725341797,459,0.0,0.0,2023-07-13
665,2023-07-13 13:57:00-04:00,98.44499969482422,98.44499969482422,98.33000183105469,98.33000183105469,1553,0.0,0.0,2023-07-13
666,2023-07-13 13:58:00-04:00,98.30000305175781,98.30000305175781,98.22000122070312,98.22000122070312,1723,0.0,0.0,2023-07-13
667,2023-07-13 14:05:00-04:00,98.25,98.30000305175781,98.25,98.30000305175781,753,0.0,0.0,2023-07-13
668,2023-07-13 14:09:00-04:00,98.26020050048828,98.26020050048828,98.26020050048828,98.26020050048828,370,0.0,0.0,2023-07-13
669,2023-07-13 14:10:00-04:00,98.16999816894531,98.20999908447266,98.12000274658203,98.12000274658203,978,0.0,0.0,2023-07-13
670,2023-07-13 14:11:00-04:00,98.22000122070312,98.22000122070312,98.22000122070312,98.22000122070312,801,0.0,0.0,2023-07-13
671,2023-07-13 14:15:00-04:00,98.1500015258789,98.1500015258789,98.1500015258789,98.1500015258789,839,0.0,0.0,2023-07-13
672,2023-07-13 14:16:00-04:00,98.23999786376953,98.23999786376953,98.23999786376953,98.23999786376953,894,0.0,0.0,2023-07-13
673,2023-07-13 14:21:00-04:00,98.2300033569336,98.2300033569336,98.2300033569336,98.2300033569336,229,0.0,0.0,2023-07-13
674,2023-07-13 14:24:00-04:00,98.23999786376953,98.23999786376953,98.2300033569336,98.2300033569336,303,0.0,0.0,2023-07-13
675,2023-07-13 14:25:00-04:00,98.21499633789062,98.21499633789062,98.16999816894531,98.16999816894531,770,0.0,0.0,2023-07-13
676,2023-07-13 14:27:00-04:00,98.19000244140625,98.19000244140625,98.19000244140625,98.19000244140625,404,0.0,0.0,2023-07-13
677,2023-07-13 14:31:00-04:00,98.19999694824219,98.25,98.19000244140625,98.25,2265,0.0,0.0,2023-07-13
678,2023-07-13 14:35:00-04:00,98.29000091552734,98.29000091552734,98.29000091552734,98.29000091552734,403,0.0,0.0,2023-07-13
679,2023-07-13 14:36:00-04:00,98.33999633789062,98.33999633789062,98.33999633789062,98.33999633789062,480,0.0,0.0,2023-07-13
680,2023-07-13 14:38:00-04:00,98.11000061035156,98.22000122070312,98.0999984741211,98.22000122070312,4570,0.0,0.0,2023-07-13
681,2023-07-13 14:46:00-04:00,98.26000213623047,98.26000213623047,98.26000213623047,98.26000213623047,648,0.0,0.0,2023-07-13
682,2023-07-13 14:47:00-04:00,98.2699966430664,98.2699966430664,98.2699966430664,98.2699966430664,1344,0.0,0.0,2023-07-13
683,2023-07-13 14:50:00-04:00,98.36000061035156,98.36000061035156,98.3499984741211,98.3499984741211,601,0.0,0.0,2023-07-13
684,2023-07-13 14:52:00-04:00,98.37999725341797,98.37999725341797,98.34500122070312,98.34500122070312,984,0.0,0.0,2023-07-13
685,2023-07-13 14:56:00-04:00,98.41000366210938,98.56999969482422,98.41000366210938,98.55999755859375,3375,0.0,0.0,2023-07-13
686,2023-07-13 14:57:00-04:00,98.63999938964844,98.63999938964844,98.63999938964844,98.63999938964844,364,0.0,0.0,2023-07-13
687,2023-07-13 15:00:00-04:00,98.62999725341797,98.66999816894531,98.62999725341797,98.66000366210938,522,0.0,0.0,2023-07-13
688,2023-07-13 15:01:00-04:00,98.62000274658203,98.69000244140625,98.58999633789062,98.69000244140625,3613,0.0,0.0,2023-07-13
689,2023-07-13 15:05:00-04:00,98.68499755859375,98.69000244140625,98.6500015258789,98.6500015258789,1313,0.0,0.0,2023-07-13
690,2023-07-13 15:08:00-04:00,98.5999984741211,98.5999984741211,98.53500366210938,98.55000305175781,2281,0.0,0.0,2023-07-13
691,2023-07-13 15:09:00-04:00,98.56999969482422,98.56999969482422,98.56999969482422,98.56999969482422,404,0.0,0.0,2023-07-13
692,2023-07-13 15:10:00-04:00,98.55999755859375,98.55999755859375,98.55999755859375,98.55999755859375,680,0.0,0.0,2023-07-13
693,2023-07-13 15:12:00-04:00,98.6500015258789,98.6500015258789,98.62999725341797,98.62999725341797,646,0.0,0.0,2023-07-13
694,2023-07-13 15:13:00-04:00,98.68499755859375,98.68499755859375,98.6500015258789,98.6500015258789,1552,0.0,0.0,2023-07-13
695,2023-07-13 15:14:00-04:00,98.6500015258789,98.6500015258789,98.5999984741211,98.6449966430664,744,0.0,0.0,2023-07-13
696,2023-07-13 15:15:00-04:00,98.58999633789062,98.58999633789062,98.58999633789062,98.58999633789062,616,0.0,0.0,2023-07-13
697,2023-07-13 15:18:00-04:00,98.54000091552734,98.58999633789062,98.5199966430664,98.58999633789062,974,0.0,0.0,2023-07-13
698,2023-07-13 15:19:00-04:00,98.55999755859375,98.55999755859375,98.55999755859375,98.55999755859375,1066,0.0,0.0,2023-07-13
699,2023-07-13 15:21:00-04:00,98.61000061035156,98.61000061035156,98.61000061035156,98.61000061035156,276,0.0,0.0,2023-07-13
700,2023-07-13 15:22:00-04:00,98.61000061035156,98.61000061035156,98.5625,98.5625,453,0.0,0.0,2023-07-13
701,2023-07-13 15:24:00-04:00,98.6050033569336,98.6050033569336,98.6050033569336,98.6050033569336,855,0.0,0.0,2023-07-13
702,2023-07-13 15:26:00-04:00,98.56999969482422,98.61000061035156,98.55000305175781,98.5999984741211,2034,0.0,0.0,2023-07-13
703,2023-07-13 15:29:00-04:00,98.5999984741211,98.5999984741211,98.5999984741211,98.5999984741211,229,0.0,0.0,2023-07-13
704,2023-07-13 15:30:00-04:00,98.63999938964844,98.63999938964844,98.5999984741211,98.61000061035156,1127,0.0,0.0,2023-07-13
705,2023-07-13 15:31:00-04:00,98.6050033569336,98.6050033569336,98.58000183105469,98.58000183105469,1504,0.0,0.0,2023-07-13
706,2023-07-13 15:32:00-04:00,98.56999969482422,98.61000061035156,98.56999969482422,98.5999984741211,1109,0.0,0.0,2023-07-13
707,2023-07-13 15:33:00-04:00,98.62999725341797,98.6500015258789,98.62999725341797,98.6500015258789,1090,0.0,0.0,2023-07-13
708,2023-07-13 15:34:00-04:00,98.62999725341797,98.6500015258789,98.62999725341797,98.6449966430664,1313,0.0,0.0,2023-07-13
709,2023-07-13 15:36:00-04:00,98.72000122070312,98.72000122070312,98.69499969482422,98.69499969482422,480,0.0,0.0,2023-07-13
710,2023-07-13 15:37:00-04:00,98.69000244140625,98.70500183105469,98.6500015258789,98.6500015258789,2358,0.0,0.0,2023-07-13
711,2023-07-13 15:38:00-04:00,98.62999725341797,98.62999725341797,98.62999725341797,98.62999725341797,241,0.0,0.0,2023-07-13
712,2023-07-13 15:39:00-04:00,98.66999816894531,98.66999816894531,98.66999816894531,98.66999816894531,644,0.0,0.0,2023-07-13
713,2023-07-13 15:40:00-04:00,98.66999816894531,98.66999816894531,98.66999816894531,98.66999816894531,294,0.0,0.0,2023-07-13
714,2023-07-13 15:41:00-04:00,98.70999908447266,98.70999908447266,98.66999816894531,98.66999816894531,745,0.0,0.0,2023-07-13
715,2023-07-13 15:42:00-04:00,98.69999694824219,98.69999694824219,98.69999694824219,98.69999694824219,182,0.0,0.0,2023-07-13
716,2023-07-13 15:43:00-04:00,98.72000122070312,98.72000122070312,98.72000122070312,98.72000122070312,1630,0.0,0.0,2023-07-13
717,2023-07-13 15:45:00-04:00,98.75,98.9000015258789,98.75,98.88999938964844,5608,0.0,0.0,2023-07-13
718,2023-07-13 15:46:00-04:00,98.88999938964844,98.88999938964844,98.88999938964844,98.88999938964844,124,0.0,0.0,2023-07-13
719,2023-07-13 15:47:00-04:00,98.86000061035156,98.88999938964844,98.80999755859375,98.84500122070312,4370,0.0,0.0,2023-07-13
720,2023-07-13 15:48:00-04:00,98.76499938964844,98.7750015258789,98.76499938964844,98.7750015258789,691,0.0,0.0,2023-07-13
721,2023-07-13 15:49:00-04:00,98.7699966430664,98.7699966430664,98.7699966430664,98.7699966430664,622,0.0,0.0,2023-07-13
722,2023-07-13 15:50:00-04:00,98.77999877929688,98.80000305175781,98.76000213623047,98.76000213623047,2180,0.0,0.0,2023-07-13
723,2023-07-13 15:51:00-04:00,98.7699966430664,98.7699966430664,98.7699966430664,98.7699966430664,335,0.0,0.0,2023-07-13
724,2023-07-13 15:52:00-04:00,98.7699966430664,98.87000274658203,98.7699966430664,98.87000274658203,2650,0.0,0.0,2023-07-13
725,2023-07-13 15:53:00-04:00,98.86000061035156,98.87999725341797,98.86000061035156,98.87000274658203,693,0.0,0.0,2023-07-13
726,2023-07-13 15:54:00-04:00,98.91000366210938,98.91000366210938,98.8550033569336,98.8550033569336,2492,0.0,0.0,2023-07-13
727,2023-07-13 15:55:00-04:00,98.9000015258789,98.91999816894531,98.88999938964844,98.91999816894531,2705,0.0,0.0,2023-07-13
728,2023-07-13 15:56:00-04:00,98.87999725341797,98.91999816894531,98.83000183105469,98.88999938964844,5951,0.0,0.0,2023-07-13
729,2023-07-13 15:57:00-04:00,98.875,98.91999816894531,98.875,98.875,2382,0.0,0.0,2023-07-13
730,2023-07-13 15:58:00-04:00,98.91999816894531,98.91999816894531,98.8499984741211,98.91999816894531,5362,0.0,0.0,2023-07-13
731,2023-07-13 15:59:00-04:00,98.94999694824219,99.0,98.91000366210938,98.9800033569336,11335,0.0,0.0,2023-07-13
732,2023-07-14 09:30:00-04:00,98.37000274658203,98.51000213623047,98.25,98.51000213623047,4985,0.0,0.0,2023-07-14
733,2023-07-14 09:31:00-04:00,98.51000213623047,98.51000213623047,98.51000213623047,98.51000213623047,434,0.0,0.0,2023-07-14
734,2023-07-14 09:33:00-04:00,98.98999786376953,98.98999786376953,98.98999786376953,98.98999786376953,723,0.0,0.0,2023-07-14
735,2023-07-14 09:36:00-04:00,98.48999786376953,98.75,98.33000183105469,98.5,2046,0.0,0.0,2023-07-14
736,2023-07-14 09:38:00-04:00,98.43000030517578,98.43000030517578,98.43000030517578,98.43000030517578,183,0.0,0.0,2023-07-14
737,2023-07-14 09:39:00-04:00,98.41999816894531,98.55000305175781,98.41999816894531,98.55000305175781,988,0.0,0.0,2023-07-14
738,2023-07-14 09:40:00-04:00,98.54000091552734,98.5999984741211,98.54000091552734,98.54000091552734,1039,0.0,0.0,2023-07-14
739,2023-07-14 09:41:00-04:00,98.4800033569336,98.4800033569336,98.4800033569336,98.4800033569336,511,0.0,0.0,2023-07-14
740,2023-07-14 09:43:00-04:00,98.375,98.375,98.375,98.375,132,0.0,0.0,2023-07-14
741,2023-07-14 09:45:00-04:00,98.3499984741211,98.54000091552734,98.3499984741211,98.54000091552734,1199,0.0,0.0,2023-07-14
742,2023-07-14 09:46:00-04:00,98.44000244140625,98.44000244140625,98.28099822998047,98.28099822998047,252,0.0,0.0,2023-07-14
743,2023-07-14 09:47:00-04:00,98.33000183105469,98.33000183105469,98.33000183105469,98.33000183105469,343,0.0,0.0,2023-07-14
744,2023-07-14 09:50:00-04:00,98.33000183105469,98.54000091552734,98.33000183105469,98.5199966430664,2848,0.0,0.0,2023-07-14
745,2023-07-14 09:51:00-04:00,98.58000183105469,98.66000366210938,98.58000183105469,98.66000366210938,1064,0.0,0.0,2023-07-14
746,2023-07-14 09:53:00-04:00,98.75,98.75,98.7300033569336,98.7300033569336,645,0.0,0.0,2023-07-14
747,2023-07-14 09:54:00-04:00,98.83499908447266,98.83499908447266,98.83499908447266,98.83499908447266,116,0.0,0.0,2023-07-14
748,2023-07-14 09:55:00-04:00,98.88999938964844,98.88999938964844,98.88999938964844,98.88999938964844,1192,0.0,0.0,2023-07-14
749,2023-07-14 09:56:00-04:00,98.94000244140625,98.94000244140625,98.94000244140625,98.94000244140625,288,0.0,0.0,2023-07-14
750,2023-07-14 09:57:00-04:00,98.81999969482422,98.87999725341797,98.81999969482422,98.87999725341797,613,0.0,0.0,2023-07-14
751,2023-07-14 09:58:00-04:00,98.9800033569336,98.9800033569336,98.76000213623047,98.76000213623047,706,0.0,0.0,2023-07-14
752,2023-07-14 09:59:00-04:00,98.76000213623047,98.94999694824219,98.76000213623047,98.94999694824219,626,0.0,0.0,2023-07-14
753,2023-07-14 10:00:00-04:00,98.7300033569336,98.81999969482422,98.5,98.70999908447266,2958,0.0,0.0,2023-07-14
754,2023-07-14 10:01:00-04:00,98.66999816894531,98.74500274658203,98.66999816894531,98.7300033569336,537,0.0,0.0,2023-07-14
755,2023-07-14 10:02:00-04:00,98.6449966430664,98.83000183105469,98.6449966430664,98.83000183105469,728,0.0,0.0,2023-07-14
756,2023-07-14 10:07:00-04:00,98.87000274658203,98.87000274658203,98.83999633789062,98.87000274658203,1229,0.0,0.0,2023-07-14
757,2023-07-14 10:09:00-04:00,98.7699966430664,98.88999938964844,98.7699966430664,98.88999938964844,1180,0.0,0.0,2023-07-14
758,2023-07-14 10:10:00-04:00,98.9000015258789,98.9000015258789,98.9000015258789,98.9000015258789,1048,0.0,0.0,2023-07-14
759,2023-07-14 10:11:00-04:00,98.72000122070312,98.72000122070312,98.58999633789062,98.68000030517578,1632,0.0,0.0,2023-07-14
760,2023-07-14 10:12:00-04:00,98.6626968383789,98.6626968383789,98.6626968383789,98.6626968383789,334,0.0,0.0,2023-07-14
761,2023-07-14 10:13:00-04:00,98.63500213623047,98.63500213623047,98.58000183105469,98.62999725341797,2674,0.0,0.0,2023-07-14
762,2023-07-14 10:14:00-04:00,98.66999816894531,98.66999816894531,98.66999816894531,98.66999816894531,603,0.0,0.0,2023-07-14
763,2023-07-14 10:17:00-04:00,98.69000244140625,98.80000305175781,98.69000244140625,98.80000305175781,1908,0.0,0.0,2023-07-14
764,2023-07-14 10:19:00-04:00,98.74500274658203,98.80999755859375,98.5999984741211,98.69999694824219,3522,0.0,0.0,2023-07-14
765,2023-07-14 10:20:00-04:00,98.61000061035156,98.61499786376953,98.52999877929688,98.58999633789062,2070,0.0,0.0,2023-07-14
766,2023-07-14 10:21:00-04:00,98.69000244140625,98.70999908447266,98.63500213623047,98.63500213623047,3178,0.0,0.0,2023-07-14
767,2023-07-14 10:23:00-04:00,98.69999694824219,98.69999694824219,98.6500015258789,98.6500015258789,1199,0.0,0.0,2023-07-14
768,2023-07-14 10:25:00-04:00,98.54000091552734,98.62000274658203,98.5199966430664,98.62000274658203,3163,0.0,0.0,2023-07-14
769,2023-07-14 10:26:00-04:00,98.22000122070312,98.4800033569336,98.12999725341797,98.44000244140625,7897,0.0,0.0,2023-07-14
770,2023-07-14 10:27:00-04:00,98.43000030517578,98.63999938964844,98.33000183105469,98.3949966430664,9224,0.0,0.0,2023-07-14
771,2023-07-14 10:28:00-04:00,98.38999938964844,98.38999938964844,98.33499908447266,98.33499908447266,284,0.0,0.0,2023-07-14
772,2023-07-14 10:29:00-04:00,98.3499984741211,98.44999694824219,98.3499984741211,98.42659759521484,2301,0.0,0.0,2023-07-14
773,2023-07-14 10:31:00-04:00,98.30000305175781,98.43000030517578,98.30000305175781,98.43000030517578,545,0.0,0.0,2023-07-14
774,2023-07-14 10:32:00-04:00,98.3499984741211,98.36000061035156,98.27999877929688,98.3125,1678,0.0,0.0,2023-07-14
775,2023-07-14 10:33:00-04:00,98.43000030517578,98.44000244140625,98.06999969482422,98.12000274658203,4437,0.0,0.0,2023-07-14
776,2023-07-14 10:34:00-04:00,98.08000183105469,98.08000183105469,98.08000183105469,98.08000183105469,364,0.0,0.0,2023-07-14
777,2023-07-14 10:35:00-04:00,98.16999816894531,98.20999908447266,98.0999984741211,98.0999984741211,1057,0.0,0.0,2023-07-14
778,2023-07-14 10:37:00-04:00,98.11000061035156,98.20999908447266,98.11000061035156,98.20999908447266,365,0.0,0.0,2023-07-14
779,2023-07-14 10:38:00-04:00,98.19000244140625,98.23999786376953,98.19000244140625,98.23999786376953,268,0.0,0.0,2023-07-14
780,2023-07-14 10:39:00-04:00,98.19499969482422,98.27999877929688,98.19499969482422,98.27999877929688,1033,0.0,0.0,2023-07-14
781,2023-07-14 10:40:00-04:00,98.37000274658203,98.54000091552734,98.33999633789062,98.54000091552734,721,0.0,0.0,2023-07-14
782,2023-07-14 10:41:00-04:00,98.43000030517578,98.43000030517578,98.43000030517578,98.43000030517578,320,0.0,0.0,2023-07-14
783,2023-07-14 10:43:00-04:00,98.4093017578125,98.4093017578125,98.4093017578125,98.4093017578125,262,0.0,0.0,2023-07-14
784,2023-07-14 10:44:00-04:00,98.38050079345703,98.4800033569336,98.38050079345703,98.4800033569336,542,0.0,0.0,2023-07-14
785,2023-07-14 10:46:00-04:00,98.48999786376953,98.48999786376953,98.48999786376953,98.48999786376953,237,0.0,0.0,2023-07-14
786,2023-07-14 10:47:00-04:00,98.44999694824219,98.54000091552734,98.44999694824219,98.54000091552734,1242,0.0,0.0,2023-07-14
787,2023-07-14 10:48:00-04:00,98.55999755859375,98.55999755859375,98.55999755859375,98.55999755859375,407,0.0,0.0,2023-07-14
788,2023-07-14 10:50:00-04:00,98.55999755859375,98.61000061035156,98.55130004882812,98.55130004882812,1184,0.0,0.0,2023-07-14
789,2023-07-14 10:51:00-04:00,98.8499984741211,98.8499984741211,98.8499984741211,98.8499984741211,117,0.0,0.0,2023-07-14
790,2023-07-14 10:52:00-04:00,98.77999877929688,98.77999877929688,98.7699966430664,98.7699966430664,1100,0.0,0.0,2023-07-14
791,2023-07-14 10:53:00-04:00,98.69999694824219,98.69999694824219,98.69999694824219,98.69999694824219,108,0.0,0.0,2023-07-14
792,2023-07-14 10:54:00-04:00,98.6500015258789,98.87000274658203,98.6500015258789,98.87000274658203,715,0.0,0.0,2023-07-14
793,2023-07-14 10:55:00-04:00,98.77999877929688,98.79000091552734,98.77999877929688,98.79000091552734,630,0.0,0.0,2023-07-14
794,2023-07-14 10:57:00-04:00,98.87999725341797,98.87999725341797,98.87999725341797,98.87999725341797,754,0.0,0.0,2023-07-14
795,2023-07-14 10:59:00-04:00,98.90499877929688,98.90499877929688,98.77999877929688,98.77999877929688,1437,0.0,0.0,2023-07-14
796,2023-07-14 11:00:00-04:00,98.8499984741211,98.8499984741211,98.8499984741211,98.8499984741211,165,0.0,0.0,2023-07-14
797,2023-07-14 11:01:00-04:00,98.87000274658203,98.87000274658203,98.87000274658203,98.87000274658203,571,0.0,0.0,2023-07-14
798,2023-07-14 11:02:00-04:00,98.81999969482422,98.81999969482422,98.80249786376953,98.80249786376953,1337,0.0,0.0,2023-07-14
799,2023-07-14 11:07:00-04:00,98.91000366210938,98.91000366210938,98.91000366210938,98.91000366210938,279,0.0,0.0,2023-07-14
800,2023-07-14 11:08:00-04:00,98.8550033569336,98.8550033569336,98.8550033569336,98.8550033569336,742,0.0,0.0,2023-07-14
801,2023-07-14 11:12:00-04:00,98.83999633789062,98.9000015258789,98.83999633789062,98.9000015258789,234,0.0,0.0,2023-07-14
802,2023-07-14 11:13:00-04:00,98.8499984741211,98.8499984741211,98.8499984741211,98.8499984741211,202,0.0,0.0,2023-07-14
803,2023-07-14 11:14:00-04:00,98.80999755859375,98.87999725341797,98.80999755859375,98.87999725341797,716,0.0,0.0,2023-07-14
804,2023-07-14 11:15:00-04:00,98.87999725341797,98.87999725341797,98.87000274658203,98.87000274658203,569,0.0,0.0,2023-07-14
805,2023-07-14 11:16:00-04:00,98.87000274658203,98.87999725341797,98.82499694824219,98.87999725341797,554,0.0,0.0,2023-07-14
806,2023-07-14 11:17:00-04:00,98.83999633789062,98.83999633789062,98.83999633789062,98.83999633789062,703,0.0,0.0,2023-07-14
807,2023-07-14 11:18:00-04:00,98.88999938964844,98.88999938964844,98.88999938964844,98.88999938964844,378,0.0,0.0,2023-07-14
808,2023-07-14 11:19:00-04:00,98.87999725341797,98.9000015258789,98.87000274658203,98.875,1474,0.0,0.0,2023-07-14
809,2023-07-14 11:22:00-04:00,98.8949966430664,98.93000030517578,98.8949966430664,98.93000030517578,462,0.0,0.0,2023-07-14
810,2023-07-14 11:23:00-04:00,98.94999694824219,98.98999786376953,98.94999694824219,98.95500183105469,2026,0.0,0.0,2023-07-14
811,2023-07-14 11:24:00-04:00,98.95500183105469,98.95500183105469,98.95500183105469,98.95500183105469,233,0.0,0.0,2023-07-14
812,2023-07-14 11:25:00-04:00,99.0,99.0,98.95500183105469,98.95500183105469,546,0.0,0.0,2023-07-14
813,2023-07-14 11:26:00-04:00,99.0,99.01000213623047,99.0,99.0,1237,0.0,0.0,2023-07-14
814,2023-07-14 11:27:00-04:00,99.0999984741211,99.10449981689453,99.0199966430664,99.0199966430664,1851,0.0,0.0,2023-07-14
815,2023-07-14 11:28:00-04:00,99.0199966430664,99.09860229492188,99.0199966430664,99.06999969482422,3743,0.0,0.0,2023-07-14
816,2023-07-14 11:30:00-04:00,99.08999633789062,99.12999725341797,99.08999633789062,99.12999725341797,638,0.0,0.0,2023-07-14
817,2023-07-14 11:32:00-04:00,99.12999725341797,99.12999725341797,99.01000213623047,99.04499816894531,2121,0.0,0.0,2023-07-14
818,2023-07-14 11:34:00-04:00,98.99500274658203,98.99500274658203,98.99500274658203,98.99500274658203,180,0.0,0.0,2023-07-14
819,2023-07-14 11:35:00-04:00,99.05999755859375,99.05999755859375,99.05999755859375,99.05999755859375,358,0.0,0.0,2023-07-14
820,2023-07-14 11:37:00-04:00,99.08000183105469,99.0999984741211,99.08000183105469,99.09500122070312,647,0.0,0.0,2023-07-14
821,2023-07-14 11:38:00-04:00,99.11000061035156,99.1500015258789,99.11000061035156,99.1500015258789,457,0.0,0.0,2023-07-14
822,2023-07-14 11:39:00-04:00,99.125,99.125,99.0999984741211,99.11499786376953,813,0.0,0.0,2023-07-14
823,2023-07-14 11:40:00-04:00,99.04000091552734,99.04000091552734,98.94999694824219,98.97000122070312,1271,0.0,0.0,2023-07-14
824,2023-07-14 11:41:00-04:00,98.97000122070312,98.9800033569336,98.88999938964844,98.94000244140625,1957,0.0,0.0,2023-07-14
825,2023-07-14 11:42:00-04:00,98.93000030517578,98.94999694824219,98.93000030517578,98.93000030517578,813,0.0,0.0,2023-07-14
826,2023-07-14 11:43:00-04:00,98.87000274658203,98.87000274658203,98.87000274658203,98.87000274658203,643,0.0,0.0,2023-07-14
827,2023-07-14 11:47:00-04:00,98.8499984741211,98.8499984741211,98.8499984741211,98.8499984741211,535,0.0,0.0,2023-07-14
828,2023-07-14 11:50:00-04:00,98.81999969482422,98.93000030517578,98.81999969482422,98.93000030517578,1871,0.0,0.0,2023-07-14
829,2023-07-14 11:52:00-04:00,98.87999725341797,98.88500213623047,98.86499786376953,98.86499786376953,3500,0.0,0.0,2023-07-14
830,2023-07-14 11:53:00-04:00,98.9000015258789,98.91999816894531,98.88999938964844,98.88999938964844,3204,0.0,0.0,2023-07-14
831,2023-07-14 11:55:00-04:00,98.88999938964844,98.88999938964844,98.88999938964844,98.88999938964844,447,0.0,0.0,2023-07-14
832,2023-07-14 11:58:00-04:00,98.95999908447266,98.95999908447266,98.95999908447266,98.95999908447266,1086,0.0,0.0,2023-07-14
833,2023-07-14 12:01:00-04:00,99.0199966430664,99.0199966430664,99.0199966430664,99.0199966430664,683,0.0,0.0,2023-07-14
834,2023-07-14 12:02:00-04:00,99.02999877929688,99.02999877929688,99.02999877929688,99.02999877929688,154,0.0,0.0,2023-07-14
835,2023-07-14 12:03:00-04:00,99.05549621582031,99.16000366210938,99.05549621582031,99.16000366210938,1888,0.0,0.0,2023-07-14
836,2023-07-14 12:04:00-04:00,99.13500213623047,99.13999938964844,99.05000305175781,99.05000305175781,1804,0.0,0.0,2023-07-14
837,2023-07-14 12:05:00-04:00,98.9800033569336,99.05999755859375,98.94999694824219,99.0199966430664,2166,0.0,0.0,2023-07-14
838,2023-07-14 12:08:00-04:00,98.95999908447266,98.97000122070312,98.9000015258789,98.94999694824219,1665,0.0,0.0,2023-07-14
839,2023-07-14 12:10:00-04:00,98.81999969482422,98.88999938964844,98.81999969482422,98.88999938964844,1168,0.0,0.0,2023-07-14
840,2023-07-14 12:13:00-04:00,98.88999938964844,98.88999938964844,98.88999938964844,98.88999938964844,268,0.0,0.0,2023-07-14
841,2023-07-14 12:14:00-04:00,98.88999938964844,98.91999816894531,98.88999938964844,98.9000015258789,459,0.0,0.0,2023-07-14
842,2023-07-14 12:15:00-04:00,98.9000015258789,98.9000015258789,98.9000015258789,98.9000015258789,673,0.0,0.0,2023-07-14
843,2023-07-14 12:16:00-04:00,98.87000274658203,98.93000030517578,98.87000274658203,98.8949966430664,1923,0.0,0.0,2023-07-14
844,2023-07-14 12:17:00-04:00,98.93000030517578,98.97000122070312,98.91000366210938,98.97000122070312,920,0.0,0.0,2023-07-14
845,2023-07-14 12:19:00-04:00,98.95999908447266,98.98999786376953,98.93000030517578,98.98999786376953,1964,0.0,0.0,2023-07-14
846,2023-07-14 12:22:00-04:00,98.94499969482422,98.95999908447266,98.94499969482422,98.95999908447266,347,0.0,0.0,2023-07-14
847,2023-07-14 12:23:00-04:00,98.91000366210938,98.95999908447266,98.91000366210938,98.95999908447266,633,0.0,0.0,2023-07-14
848,2023-07-14 12:24:00-04:00,98.97000122070312,98.97000122070312,98.97000122070312,98.97000122070312,221,0.0,0.0,2023-07-14
849,2023-07-14 12:26:00-04:00,98.91000366210938,98.95500183105469,98.91000366210938,98.95500183105469,691,0.0,0.0,2023-07-14
850,2023-07-14 12:27:00-04:00,99.0,99.04499816894531,99.0,99.04499816894531,1486,0.0,0.0,2023-07-14
851,2023-07-14 12:28:00-04:00,99.11000061035156,99.11000061035156,99.11000061035156,99.11000061035156,188,0.0,0.0,2023-07-14
852,2023-07-14 12:29:00-04:00,99.04000091552734,99.08999633789062,98.98999786376953,99.08999633789062,718,0.0,0.0,2023-07-14
853,2023-07-14 12:30:00-04:00,99.06999969482422,99.06999969482422,99.06999969482422,99.06999969482422,404,0.0,0.0,2023-07-14
854,2023-07-14 12:31:00-04:00,99.02999877929688,99.0999984741211,99.02999877929688,99.0999984741211,818,0.0,0.0,2023-07-14
855,2023-07-14 12:32:00-04:00,99.05000305175781,99.05999755859375,99.0,99.0,616,0.0,0.0,2023-07-14
856,2023-07-14 12:33:00-04:00,99.11000061035156,99.12000274658203,99.11000061035156,99.12000274658203,555,0.0,0.0,2023-07-14
857,2023-07-14 12:34:00-04:00,99.18000030517578,99.18000030517578,99.18000030517578,99.18000030517578,156,0.0,0.0,2023-07-14
858,2023-07-14 12:35:00-04:00,99.20999908447266,99.20999908447266,99.20999908447266,99.20999908447266,730,0.0,0.0,2023-07-14
859,2023-07-14 12:37:00-04:00,99.2249984741211,99.2249984741211,99.2249984741211,99.2249984741211,560,0.0,0.0,2023-07-14
860,2023-07-14 12:38:00-04:00,99.31999969482422,99.37999725341797,99.29000091552734,99.29000091552734,2642,0.0,0.0,2023-07-14
861,2023-07-14 12:39:00-04:00,99.25,99.25,99.25,99.25,171,0.0,0.0,2023-07-14
862,2023-07-14 12:40:00-04:00,99.26499938964844,99.26499938964844,99.25,99.25,226,0.0,0.0,2023-07-14
863,2023-07-14 12:41:00-04:00,99.25,99.25,99.25,99.25,1127,0.0,0.0,2023-07-14
864,2023-07-14 12:43:00-04:00,99.26000213623047,99.26000213623047,99.26000213623047,99.26000213623047,374,0.0,0.0,2023-07-14
865,2023-07-14 12:44:00-04:00,99.22000122070312,99.22000122070312,99.08999633789062,99.15499877929688,2154,0.0,0.0,2023-07-14
866,2023-07-14 12:45:00-04:00,99.13500213623047,99.15249633789062,99.13500213623047,99.15249633789062,460,0.0,0.0,2023-07-14
867,2023-07-14 12:46:00-04:00,99.1449966430664,99.1449966430664,99.08000183105469,99.13999938964844,358,0.0,0.0,2023-07-14
868,2023-07-14 12:47:00-04:00,99.13500213623047,99.13500213623047,99.12999725341797,99.12999725341797,351,0.0,0.0,2023-07-14
869,2023-07-14 12:48:00-04:00,99.12999725341797,99.12999725341797,99.12999725341797,99.12999725341797,758,0.0,0.0,2023-07-14
870,2023-07-14 12:49:00-04:00,99.12999725341797,99.12999725341797,98.94000244140625,99.04000091552734,3101,0.0,0.0,2023-07-14
871,2023-07-14 12:50:00-04:00,99.0999984741211,99.0999984741211,99.0999984741211,99.0999984741211,100,0.0,0.0,2023-07-14
872,2023-07-14 12:51:00-04:00,99.0999984741211,99.0999984741211,99.04000091552734,99.04000091552734,946,0.0,0.0,2023-07-14
873,2023-07-14 12:52:00-04:00,98.94499969482422,99.02999877929688,98.94000244140625,98.94999694824219,1790,0.0,0.0,2023-07-14
874,2023-07-14 12:55:00-04:00,98.95999908447266,99.0250015258789,98.95999908447266,99.0250015258789,1316,0.0,0.0,2023-07-14
875,2023-07-14 12:56:00-04:00,99.01000213623047,99.01000213623047,98.99500274658203,98.99500274658203,916,0.0,0.0,2023-07-14
876,2023-07-14 12:59:00-04:00,99.05000305175781,99.05000305175781,99.03500366210938,99.03500366210938,463,0.0,0.0,2023-07-14
877,2023-07-14 13:02:00-04:00,98.98999786376953,98.98999786376953,98.94999694824219,98.96499633789062,1301,0.0,0.0,2023-07-14
878,2023-07-14 13:07:00-04:00,98.93000030517578,98.93000030517578,98.93000030517578,98.93000030517578,229,0.0,0.0,2023-07-14
879,2023-07-14 13:09:00-04:00,98.93000030517578,98.93000030517578,98.93000030517578,98.93000030517578,299,0.0,0.0,2023-07-14
880,2023-07-14 13:10:00-04:00,98.93000030517578,98.93000030517578,98.93000030517578,98.93000030517578,105,0.0,0.0,2023-07-14
881,2023-07-14 13:11:00-04:00,98.93000030517578,99.05999755859375,98.93000030517578,99.05500030517578,2868,0.0,0.0,2023-07-14
882,2023-07-14 13:12:00-04:00,99.05000305175781,99.05999755859375,99.0,99.05999755859375,707,0.0,0.0,2023-07-14
883,2023-07-14 13:15:00-04:00,99.05500030517578,99.05500030517578,99.05500030517578,99.05500030517578,670,0.0,0.0,2023-07-14
884,2023-07-14 13:17:00-04:00,98.98999786376953,98.98999786376953,98.93000030517578,98.93000030517578,1894,0.0,0.0,2023-07-14
885,2023-07-14 13:19:00-04:00,98.9800033569336,99.04000091552734,98.9800033569336,99.04000091552734,909,0.0,0.0,2023-07-14
886,2023-07-14 13:21:00-04:00,99.08999633789062,99.08999633789062,99.06500244140625,99.06500244140625,732,0.0,0.0,2023-07-14
887,2023-07-14 13:22:00-04:00,99.08499908447266,99.08499908447266,98.99500274658203,98.99500274658203,1135,0.0,0.0,2023-07-14
888,2023-07-14 13:25:00-04:00,98.91000366210938,98.91000366210938,98.91000366210938,98.91000366210938,322,0.0,0.0,2023-07-14
889,2023-07-14 13:26:00-04:00,98.98999786376953,99.0,98.98999786376953,99.0,837,0.0,0.0,2023-07-14
890,2023-07-14 13:28:00-04:00,99.04499816894531,99.05500030517578,99.04499816894531,99.05500030517578,365,0.0,0.0,2023-07-14
891,2023-07-14 13:31:00-04:00,99.04000091552734,99.08999633789062,99.04000091552734,99.08999633789062,670,0.0,0.0,2023-07-14
892,2023-07-14 13:34:00-04:00,99.08000183105469,99.08000183105469,99.08000183105469,99.08000183105469,545,0.0,0.0,2023-07-14
893,2023-07-14 13:35:00-04:00,99.11000061035156,99.12999725341797,99.06999969482422,99.12999725341797,342,0.0,0.0,2023-07-14
894,2023-07-14 13:36:00-04:00,99.12999725341797,99.15499877929688,99.12999725341797,99.15499877929688,1384,0.0,0.0,2023-07-14
895,2023-07-14 13:38:00-04:00,99.19000244140625,99.20999908447266,99.19000244140625,99.20999908447266,363,0.0,0.0,2023-07-14
896,2023-07-14 13:39:00-04:00,99.19499969482422,99.23999786376953,99.19499969482422,99.23500061035156,1510,0.0,0.0,2023-07-14
897,2023-07-14 13:40:00-04:00,99.18000030517578,99.18000030517578,99.18000030517578,99.18000030517578,301,0.0,0.0,2023-07-14
898,2023-07-14 13:42:00-04:00,99.18000030517578,99.20999908447266,99.18000030517578,99.20999908447266,603,0.0,0.0,2023-07-14
899,2023-07-14 13:43:00-04:00,99.25,99.25,99.25,99.25,332,0.0,0.0,2023-07-14
900,2023-07-14 13:44:00-04:00,99.24500274658203,99.24500274658203,99.19999694824219,99.20999908447266,1328,0.0,0.0,2023-07-14
901,2023-07-14 13:48:00-04:00,99.25,99.25,99.25,99.25,577,0.0,0.0,2023-07-14
902,2023-07-14 13:49:00-04:00,99.29000091552734,99.29000091552734,99.29000091552734,99.29000091552734,491,0.0,0.0,2023-07-14
903,2023-07-14 13:50:00-04:00,99.33000183105469,99.33000183105469,99.23999786376953,99.23999786376953,1138,0.0,0.0,2023-07-14
904,2023-07-14 13:51:00-04:00,99.26499938964844,99.33999633789062,99.26499938964844,99.33999633789062,1686,0.0,0.0,2023-07-14
905,2023-07-14 13:52:00-04:00,99.33999633789062,99.33999633789062,99.33999633789062,99.33999633789062,1254,0.0,0.0,2023-07-14
906,2023-07-14 13:56:00-04:00,99.41999816894531,99.43000030517578,99.3949966430664,99.3949966430664,673,0.0,0.0,2023-07-14
907,2023-07-14 13:57:00-04:00,99.44000244140625,99.44000244140625,99.44000244140625,99.44000244140625,399,0.0,0.0,2023-07-14
908,2023-07-14 13:58:00-04:00,99.3949966430664,99.41999816894531,99.3949966430664,99.41999816894531,479,0.0,0.0,2023-07-14
909,2023-07-14 13:59:00-04:00,99.38999938964844,99.38999938964844,99.38999938964844,99.38999938964844,559,0.0,0.0,2023-07-14
910,2023-07-14 14:00:00-04:00,99.3499984741211,99.36000061035156,99.33000183105469,99.33000183105469,1569,0.0,0.0,2023-07-14
911,2023-07-14 14:01:00-04:00,99.27999877929688,99.27999877929688,99.27999877929688,99.27999877929688,835,0.0,0.0,2023-07-14
912,2023-07-14 14:03:00-04:00,99.22000122070312,99.22000122070312,99.16500091552734,99.19000244140625,2746,0.0,0.0,2023-07-14
913,2023-07-14 14:05:00-04:00,99.15750122070312,99.15750122070312,99.15750122070312,99.15750122070312,124,0.0,0.0,2023-07-14
914,2023-07-14 14:07:00-04:00,99.19000244140625,99.19999694824219,99.19000244140625,99.19999694824219,669,0.0,0.0,2023-07-14
915,2023-07-14 14:08:00-04:00,99.26000213623047,99.2699966430664,99.23999786376953,99.23999786376953,537,0.0,0.0,2023-07-14
916,2023-07-14 14:09:00-04:00,99.26000213623047,99.26000213623047,99.2300033569336,99.26000213623047,827,0.0,0.0,2023-07-14
917,2023-07-14 14:10:00-04:00,99.29000091552734,99.29499816894531,99.29000091552734,99.29499816894531,474,0.0,0.0,2023-07-14
918,2023-07-14 14:11:00-04:00,99.29499816894531,99.29499816894531,99.29499816894531,99.29499816894531,267,0.0,0.0,2023-07-14
919,2023-07-14 14:12:00-04:00,99.32499694824219,99.32499694824219,99.32499694824219,99.32499694824219,172,0.0,0.0,2023-07-14
920,2023-07-14 14:13:00-04:00,99.32499694824219,99.32499694824219,99.32499694824219,99.32499694824219,338,0.0,0.0,2023-07-14
921,2023-07-14 14:14:00-04:00,99.33499908447266,99.33499908447266,99.32499694824219,99.32499694824219,568,0.0,0.0,2023-07-14
922,2023-07-14 14:16:00-04:00,99.36000061035156,99.37000274658203,99.36000061035156,99.37000274658203,408,0.0,0.0,2023-07-14
923,2023-07-14 14:17:00-04:00,99.40499877929688,99.41000366210938,99.40499877929688,99.41000366210938,545,0.0,0.0,2023-07-14
924,2023-07-14 14:18:00-04:00,99.37999725341797,99.40499877929688,99.33499908447266,99.33499908447266,867,0.0,0.0,2023-07-14
925,2023-07-14 14:19:00-04:00,99.33499908447266,99.33499908447266,99.33499908447266,99.33499908447266,425,0.0,0.0,2023-07-14
926,2023-07-14 14:21:00-04:00,99.31999969482422,99.36000061035156,99.31999969482422,99.36000061035156,1167,0.0,0.0,2023-07-14
927,2023-07-14 14:22:00-04:00,99.43000030517578,99.43000030517578,99.43000030517578,99.43000030517578,817,0.0,0.0,2023-07-14
928,2023-07-14 14:24:00-04:00,99.38999938964844,99.38999938964844,99.38999938964844,99.38999938964844,465,0.0,0.0,2023-07-14
929,2023-07-14 14:25:00-04:00,99.43000030517578,99.43000030517578,99.41999816894531,99.41999816894531,373,0.0,0.0,2023-07-14
930,2023-07-14 14:26:00-04:00,99.44999694824219,99.44999694824219,99.43000030517578,99.43000030517578,378,0.0,0.0,2023-07-14
931,2023-07-14 14:27:00-04:00,99.41500091552734,99.41500091552734,99.41500091552734,99.41500091552734,200,0.0,0.0,2023-07-14
932,2023-07-14 14:28:00-04:00,99.41999816894531,99.41999816894531,99.41999816894531,99.41999816894531,155,0.0,0.0,2023-07-14
933,2023-07-14 14:30:00-04:00,99.44999694824219,99.44999694824219,99.43000030517578,99.44999694824219,950,0.0,0.0,2023-07-14
934,2023-07-14 14:31:00-04:00,99.43000030517578,99.43000030517578,99.33499908447266,99.33499908447266,2133,0.0,0.0,2023-07-14
935,2023-07-14 14:32:00-04:00,99.36000061035156,99.36000061035156,99.36000061035156,99.36000061035156,270,0.0,0.0,2023-07-14
936,2023-07-14 14:34:00-04:00,99.33499908447266,99.37999725341797,99.33499908447266,99.37999725341797,695,0.0,0.0,2023-07-14
937,2023-07-14 14:35:00-04:00,99.34500122070312,99.34500122070312,99.34500122070312,99.34500122070312,127,0.0,0.0,2023-07-14
938,2023-07-14 14:37:00-04:00,99.33999633789062,99.33999633789062,99.30000305175781,99.31500244140625,4099,0.0,0.0,2023-07-14
939,2023-07-14 14:39:00-04:00,99.33000183105469,99.33000183105469,99.33000183105469,99.33000183105469,279,0.0,0.0,2023-07-14
940,2023-07-14 14:40:00-04:00,99.3499984741211,99.37999725341797,99.3499984741211,99.37999725341797,2363,0.0,0.0,2023-07-14
941,2023-07-14 14:41:00-04:00,99.41999816894531,99.42500305175781,99.41999816894531,99.42500305175781,349,0.0,0.0,2023-07-14
942,2023-07-14 14:42:00-04:00,99.38999938964844,99.38999938964844,99.38999938964844,99.38999938964844,784,0.0,0.0,2023-07-14
943,2023-07-14 14:45:00-04:00,99.38999938964844,99.38999938964844,99.38999938964844,99.38999938964844,198,0.0,0.0,2023-07-14
944,2023-07-14 14:46:00-04:00,99.3499984741211,99.37999725341797,99.3499984741211,99.37999725341797,1205,0.0,0.0,2023-07-14
945,2023-07-14 14:47:00-04:00,99.33999633789062,99.33999633789062,99.2750015258789,99.2750015258789,4288,0.0,0.0,2023-07-14
946,2023-07-14 14:48:00-04:00,99.19000244140625,99.19000244140625,99.19000244140625,99.19000244140625,767,0.0,0.0,2023-07-14
947,2023-07-14 14:49:00-04:00,99.17500305175781,99.17500305175781,99.12999725341797,99.12999725341797,406,0.0,0.0,2023-07-14
948,2023-07-14 14:50:00-04:00,99.18000030517578,99.2300033569336,99.18000030517578,99.2300033569336,1511,0.0,0.0,2023-07-14
949,2023-07-14 14:52:00-04:00,99.29000091552734,99.29000091552734,99.29000091552734,99.29000091552734,453,0.0,0.0,2023-07-14
950,2023-07-14 14:53:00-04:00,99.33000183105469,99.33000183105469,99.33000183105469,99.33000183105469,692,0.0,0.0,2023-07-14
951,2023-07-14 14:54:00-04:00,99.3499984741211,99.37000274658203,99.3499984741211,99.37000274658203,729,0.0,0.0,2023-07-14
952,2023-07-14 14:55:00-04:00,99.38999938964844,99.43000030517578,99.38999938964844,99.43000030517578,581,0.0,0.0,2023-07-14
953,2023-07-14 14:56:00-04:00,99.41500091552734,99.41500091552734,99.33999633789062,99.33999633789062,1562,0.0,0.0,2023-07-14
954,2023-07-14 14:57:00-04:00,99.27999877929688,99.27999877929688,99.27999877929688,99.27999877929688,986,0.0,0.0,2023-07-14
955,2023-07-14 14:59:00-04:00,99.2750015258789,99.2750015258789,99.2750015258789,99.2750015258789,134,0.0,0.0,2023-07-14
956,2023-07-14 15:00:00-04:00,99.22000122070312,99.23999786376953,99.20500183105469,99.23999786376953,1747,0.0,0.0,2023-07-14
957,2023-07-14 15:01:00-04:00,99.13999938964844,99.13999938964844,99.13999938964844,99.13999938964844,131,0.0,0.0,2023-07-14
958,2023-07-14 15:03:00-04:00,99.125,99.125,99.125,99.125,295,0.0,0.0,2023-07-14
959,2023-07-14 15:04:00-04:00,99.0999984741211,99.0999984741211,99.0999984741211,99.0999984741211,828,0.0,0.0,2023-07-14
960,2023-07-14 15:05:00-04:00,99.13999938964844,99.13999938964844,99.12999725341797,99.12999725341797,450,0.0,0.0,2023-07-14
961,2023-07-14 15:06:00-04:00,99.08999633789062,99.08999633789062,98.9000015258789,99.0199966430664,2697,0.0,0.0,2023-07-14
962,2023-07-14 15:07:00-04:00,99.04000091552734,99.04000091552734,99.0199966430664,99.0199966430664,537,0.0,0.0,2023-07-14
963,2023-07-14 15:08:00-04:00,99.08000183105469,99.08000183105469,99.05999755859375,99.05999755859375,606,0.0,0.0,2023-07-14
964,2023-07-14 15:10:00-04:00,99.08999633789062,99.12999725341797,99.08999633789062,99.09500122070312,6553,0.0,0.0,2023-07-14
965,2023-07-14 15:11:00-04:00,99.0999984741211,99.0999984741211,99.0999984741211,99.0999984741211,237,0.0,0.0,2023-07-14
966,2023-07-14 15:12:00-04:00,99.06999969482422,99.08999633789062,99.0250015258789,99.02999877929688,1661,0.0,0.0,2023-07-14
967,2023-07-14 15:13:00-04:00,99.03500366210938,99.08999633789062,99.03500366210938,99.08999633789062,482,0.0,0.0,2023-07-14
968,2023-07-14 15:14:00-04:00,99.09500122070312,99.09500122070312,99.05999755859375,99.09500122070312,321,0.0,0.0,2023-07-14
969,2023-07-14 15:15:00-04:00,99.05999755859375,99.20999908447266,99.05999755859375,99.20999908447266,4559,0.0,0.0,2023-07-14
970,2023-07-14 15:16:00-04:00,99.2249984741211,99.2249984741211,99.16000366210938,99.16000366210938,1035,0.0,0.0,2023-07-14
971,2023-07-14 15:17:00-04:00,99.1449966430664,99.18000030517578,99.1449966430664,99.18000030517578,342,0.0,0.0,2023-07-14
972,2023-07-14 15:18:00-04:00,99.19999694824219,99.19999694824219,99.19999694824219,99.19999694824219,125,0.0,0.0,2023-07-14
973,2023-07-14 15:19:00-04:00,99.19999694824219,99.19999694824219,99.19999694824219,99.19999694824219,543,0.0,0.0,2023-07-14
974,2023-07-14 15:21:00-04:00,99.16999816894531,99.2300033569336,99.16999816894531,99.20500183105469,814,0.0,0.0,2023-07-14
975,2023-07-14 15:22:00-04:00,99.20999908447266,99.20999908447266,99.16000366210938,99.16000366210938,837,0.0,0.0,2023-07-14
976,2023-07-14 15:23:00-04:00,99.16999816894531,99.16999816894531,99.16999816894531,99.16999816894531,350,0.0,0.0,2023-07-14
977,2023-07-14 15:24:00-04:00,99.17500305175781,99.17500305175781,99.17500305175781,99.17500305175781,210,0.0,0.0,2023-07-14
978,2023-07-14 15:25:00-04:00,99.1500015258789,99.20999908447266,99.1500015258789,99.20999908447266,1591,0.0,0.0,2023-07-14
979,2023-07-14 15:26:00-04:00,99.2300033569336,99.2300033569336,99.2300033569336,99.2300033569336,472,0.0,0.0,2023-07-14
980,2023-07-14 15:27:00-04:00,99.19000244140625,99.19000244140625,99.18499755859375,99.18499755859375,223,0.0,0.0,2023-07-14
981,2023-07-14 15:28:00-04:00,99.18499755859375,99.2300033569336,99.18499755859375,99.2300033569336,1456,0.0,0.0,2023-07-14
982,2023-07-14 15:29:00-04:00,99.23999786376953,99.2699966430664,99.23500061035156,99.2699966430664,1447,0.0,0.0,2023-07-14
983,2023-07-14 15:30:00-04:00,99.27999877929688,99.27999877929688,99.2750015258789,99.27999877929688,759,0.0,0.0,2023-07-14
984,2023-07-14 15:31:00-04:00,99.27999877929688,99.27999877929688,99.2750015258789,99.27999877929688,794,0.0,0.0,2023-07-14
985,2023-07-14 15:32:00-04:00,99.24500274658203,99.29000091552734,99.24500274658203,99.29000091552734,1570,0.0,0.0,2023-07-14
986,2023-07-14 15:33:00-04:00,99.29000091552734,99.29000091552734,99.2699966430664,99.2699966430664,2611,0.0,0.0,2023-07-14
987,2023-07-14 15:34:00-04:00,99.25,99.25,99.19000244140625,99.19000244140625,1634,0.0,0.0,2023-07-14
988,2023-07-14 15:35:00-04:00,99.19000244140625,99.19000244140625,99.12999725341797,99.13999938964844,2268,0.0,0.0,2023-07-14
989,2023-07-14 15:36:00-04:00,99.12999725341797,99.20999908447266,99.12999725341797,99.20999908447266,3413,0.0,0.0,2023-07-14
990,2023-07-14 15:37:00-04:00,99.2300033569336,99.31999969482422,99.2300033569336,99.31999969482422,2104,0.0,0.0,2023-07-14
991,2023-07-14 15:41:00-04:00,99.36000061035156,99.36000061035156,99.36000061035156,99.36000061035156,540,0.0,0.0,2023-07-14
992,2023-07-14 15:42:00-04:00,99.37999725341797,99.43000030517578,99.37000274658203,99.43000030517578,1636,0.0,0.0,2023-07-14
993,2023-07-14 15:43:00-04:00,99.43250274658203,99.43250274658203,99.43250274658203,99.43250274658203,348,0.0,0.0,2023-07-14
994,2023-07-14 15:45:00-04:00,99.41999816894531,99.47000122070312,99.41999816894531,99.47000122070312,2022,0.0,0.0,2023-07-14
995,2023-07-14 15:46:00-04:00,99.5199966430664,99.5199966430664,99.47000122070312,99.47000122070312,1350,0.0,0.0,2023-07-14
996,2023-07-14 15:47:00-04:00,99.51000213623047,99.51000213623047,99.4000015258789,99.44999694824219,12505,0.0,0.0,2023-07-14
997,2023-07-14 15:49:00-04:00,99.40499877929688,99.48999786376953,99.40499877929688,99.48999786376953,819,0.0,0.0,2023-07-14
998,2023-07-14 15:50:00-04:00,99.37999725341797,99.51000213623047,99.31999969482422,99.51000213623047,3089,0.0,0.0,2023-07-14
999,2023-07-14 15:51:00-04:00,99.55999755859375,99.6050033569336,99.55999755859375,99.5999984741211,1568,0.0,0.0,2023-07-14
1000,2023-07-14 15:52:00-04:00,99.62999725341797,99.76000213623047,99.62999725341797,99.62999725341797,2760,0.0,0.0,2023-07-14
1001,2023-07-14 15:53:00-04:00,99.66000366210938,99.69999694824219,99.66000366210938,99.66999816894531,2548,0.0,0.0,2023-07-14
1002,2023-07-14 15:54:00-04:00,99.63999938964844,99.70999908447266,99.56500244140625,99.56500244140625,3746,0.0,0.0,2023-07-14
1003,2023-07-14 15:55:00-04:00,99.56999969482422,99.56999969482422,99.5199966430664,99.5199966430664,1211,0.0,0.0,2023-07-14
1004,2023-07-14 15:56:00-04:00,99.6500015258789,99.76000213623047,99.6500015258789,99.69750213623047,7851,0.0,0.0,2023-07-14
1005,2023-07-14 15:57:00-04:00,99.6500015258789,99.70999908447266,99.6500015258789,99.66999816894531,5385,0.0,0.0,2023-07-14
1006,2023-07-14 15:58:00-04:00,99.6500015258789,99.75,99.62000274658203,99.68000030517578,5777,0.0,0.0,2023-07-14
1007,2023-07-14 15:59:00-04:00,99.69000244140625,99.69000244140625,99.56999969482422,99.66999816894531,10947,0.0,0.0,2023-07-14
0,2023-07-17 09:30:00-04:00,99.45999908447266,99.45999908447266,99.45999908447266,99.45999908447266,0,0.0,0.0,2023-07-17
1,2023-07-17 09:31:00-04:00,99.3499984741211,99.3949966430664,99.3499984741211,99.3949966430664,214,0.0,0.0,2023-07-17
2,2023-07-17 09:33:00-04:00,99.45999908447266,99.81999969482422,99.45999908447266,99.81999969482422,1139,0.0,0.0,2023-07-17
3,2023-07-17 09:34:00-04:00,99.94999694824219,100.45999908447266,99.66010284423828,100.45999908447266,6376,0.0,0.0,2023-07-17
4,2023-07-17 09:35:00-04:00,100.26000213623047,100.51000213623047,100.1500015258789,100.22000122070312,1216,0.0,0.0,2023-07-17
5,2023-07-17 09:36:00-04:00,100.05999755859375,100.41000366210938,100.01000213623047,100.1500015258789,1514,0.0,0.0,2023-07-17
6,2023-07-17 09:40:00-04:00,100.26000213623047,100.26000213623047,100.26000213623047,100.26000213623047,113,0.0,0.0,2023-07-17
7,2023-07-17 09:41:00-04:00,100.26000213623047,100.26000213623047,99.9000015258789,100.11799621582031,2219,0.0,0.0,2023-07-17
8,2023-07-17 09:42:00-04:00,100.13999938964844,100.26000213623047,100.13999938964844,100.26000213623047,432,0.0,0.0,2023-07-17
9,2023-07-17 09:43:00-04:00,100.18499755859375,100.18499755859375,100.18499755859375,100.18499755859375,229,0.0,0.0,2023-07-17
10,2023-07-17 09:45:00-04:00,100.19999694824219,100.30999755859375,100.19999694824219,100.28500366210938,4494,0.0,0.0,2023-07-17
11,2023-07-17 09:46:00-04:00,100.33999633789062,100.50499725341797,100.33000183105469,100.41999816894531,1568,0.0,0.0,2023-07-17
12,2023-07-17 09:48:00-04:00,100.3949966430664,100.3949966430664,100.3949966430664,100.3949966430664,511,0.0,0.0,2023-07-17
13,2023-07-17 09:49:00-04:00,100.6050033569336,100.6050033569336,100.48999786376953,100.58999633789062,1296,0.0,0.0,2023-07-17
14,2023-07-17 09:50:00-04:00,100.73999786376953,100.73999786376953,100.73999786376953,100.73999786376953,100,0.0,0.0,2023-07-17
15,2023-07-17 09:51:00-04:00,100.75,100.75,100.75,100.75,410,0.0,0.0,2023-07-17
16,2023-07-17 09:52:00-04:00,100.79499816894531,100.79499816894531,100.79499816894531,100.79499816894531,168,0.0,0.0,2023-07-17
17,2023-07-17 09:54:00-04:00,100.80500030517578,100.80500030517578,100.80500030517578,100.80500030517578,102,0.0,0.0,2023-07-17
18,2023-07-17 09:55:00-04:00,100.80000305175781,100.83999633789062,100.80000305175781,100.83999633789062,546,0.0,0.0,2023-07-17
19,2023-07-17 09:56:00-04:00,100.94000244140625,100.94000244140625,100.94000244140625,100.94000244140625,117,0.0,0.0,2023-07-17
20,2023-07-17 09:57:00-04:00,100.88500213623047,100.94999694824219,100.88500213623047,100.94999694824219,547,0.0,0.0,2023-07-17
21,2023-07-17 09:58:00-04:00,100.80000305175781,100.88500213623047,100.76000213623047,100.76000213623047,1706,0.0,0.0,2023-07-17
22,2023-07-17 10:00:00-04:00,100.98999786376953,101.0,100.9800033569336,100.9800033569336,721,0.0,0.0,2023-07-17
23,2023-07-17 10:02:00-04:00,101.0999984741211,101.0999984741211,101.0999984741211,101.0999984741211,410,0.0,0.0,2023-07-17
24,2023-07-17 10:03:00-04:00,101.08999633789062,101.08999633789062,100.91000366210938,100.94999694824219,979,0.0,0.0,2023-07-17
25,2023-07-17 10:04:00-04:00,101.02999877929688,101.05000305175781,101.02999877929688,101.05000305175781,686,0.0,0.0,2023-07-17
26,2023-07-17 10:05:00-04:00,101.05000305175781,101.06500244140625,101.05000305175781,101.06500244140625,392,0.0,0.0,2023-07-17
27,2023-07-17 10:06:00-04:00,101.06500244140625,101.06500244140625,101.06500244140625,101.06500244140625,240,0.0,0.0,2023-07-17
28,2023-07-17 10:07:00-04:00,101.16000366210938,101.25,101.16000366210938,101.25,928,0.0,0.0,2023-07-17
29,2023-07-17 10:08:00-04:00,101.16500091552734,101.16500091552734,101.16500091552734,101.16500091552734,231,0.0,0.0,2023-07-17
30,2023-07-17 10:09:00-04:00,101.0999984741211,101.0999984741211,101.06999969482422,101.08999633789062,1238,0.0,0.0,2023-07-17
31,2023-07-17 10:10:00-04:00,100.9800033569336,100.9800033569336,100.7500991821289,100.7500991821289,1344,0.0,0.0,2023-07-17
32,2023-07-17 10:11:00-04:00,100.91500091552734,100.91500091552734,100.91500091552734,100.91500091552734,284,0.0,0.0,2023-07-17
33,2023-07-17 10:12:00-04:00,101.0,101.01000213623047,101.0,101.0,596,0.0,0.0,2023-07-17
34,2023-07-17 10:13:00-04:00,100.99500274658203,100.99500274658203,100.91000366210938,100.91000366210938,794,0.0,0.0,2023-07-17
35,2023-07-17 10:17:00-04:00,100.97730255126953,100.97730255126953,100.97730255126953,100.97730255126953,298,0.0,0.0,2023-07-17
36,2023-07-17 10:18:00-04:00,101.04000091552734,101.05000305175781,101.04000091552734,101.05000305175781,1215,0.0,0.0,2023-07-17
37,2023-07-17 10:19:00-04:00,101.09500122070312,101.09500122070312,101.04499816894531,101.06999969482422,986,0.0,0.0,2023-07-17
38,2023-07-17 10:20:00-04:00,101.13999938964844,101.44999694824219,101.13999938964844,101.44999694824219,1894,0.0,0.0,2023-07-17
39,2023-07-17 10:21:00-04:00,101.44999694824219,101.6050033569336,101.44999694824219,101.44999694824219,3105,0.0,0.0,2023-07-17
40,2023-07-17 10:23:00-04:00,101.37999725341797,101.46499633789062,101.37999725341797,101.46499633789062,206,0.0,0.0,2023-07-17
41,2023-07-17 10:24:00-04:00,101.4000015258789,101.4000015258789,101.19999694824219,101.19999694824219,1626,0.0,0.0,2023-07-17
42,2023-07-17 10:25:00-04:00,101.1500015258789,101.1500015258789,101.0999984741211,101.0999984741211,635,0.0,0.0,2023-07-17
43,2023-07-17 10:28:00-04:00,101.08000183105469,101.08000183105469,101.08000183105469,101.08000183105469,544,0.0,0.0,2023-07-17
44,2023-07-17 10:29:00-04:00,101.16999816894531,101.16999816894531,101.16999816894531,101.16999816894531,779,0.0,0.0,2023-07-17
45,2023-07-17 10:34:00-04:00,100.94999694824219,100.94999694824219,100.94499969482422,100.94499969482422,470,0.0,0.0,2023-07-17
46,2023-07-17 10:35:00-04:00,101.01000213623047,101.01000213623047,100.91000366210938,100.96499633789062,939,0.0,0.0,2023-07-17
47,2023-07-17 10:36:00-04:00,100.8499984741211,100.8499984741211,100.75,100.75,895,0.0,0.0,2023-07-17
48,2023-07-17 10:37:00-04:00,100.63999938964844,100.63999938964844,100.63999938964844,100.63999938964844,559,0.0,0.0,2023-07-17
49,2023-07-17 10:39:00-04:00,100.7699966430664,100.81999969482422,100.75,100.75,787,0.0,0.0,2023-07-17
50,2023-07-17 10:40:00-04:00,100.8499984741211,100.8499984741211,100.8499984741211,100.8499984741211,464,0.0,0.0,2023-07-17
51,2023-07-17 10:41:00-04:00,100.79000091552734,100.79000091552734,100.79000091552734,100.79000091552734,444,0.0,0.0,2023-07-17
52,2023-07-17 10:45:00-04:00,100.91999816894531,100.91999816894531,100.91999816894531,100.91999816894531,1198,0.0,0.0,2023-07-17
53,2023-07-17 10:48:00-04:00,101.02999877929688,101.02999877929688,101.0199966430664,101.0199966430664,441,0.0,0.0,2023-07-17
54,2023-07-17 10:49:00-04:00,100.83999633789062,100.83999633789062,100.83999633789062,100.83999633789062,103,0.0,0.0,2023-07-17
55,2023-07-17 10:50:00-04:00,100.93499755859375,100.93499755859375,100.93499755859375,100.93499755859375,419,0.0,0.0,2023-07-17
56,2023-07-17 10:51:00-04:00,100.83999633789062,100.83999633789062,100.81999969482422,100.81999969482422,1147,0.0,0.0,2023-07-17
57,2023-07-17 10:54:00-04:00,100.72000122070312,100.72000122070312,100.6500015258789,100.6500015258789,818,0.0,0.0,2023-07-17
58,2023-07-17 10:55:00-04:00,100.6500015258789,100.6500015258789,100.6500015258789,100.6500015258789,482,0.0,0.0,2023-07-17
59,2023-07-17 10:58:00-04:00,100.55000305175781,100.58999633789062,100.5199966430664,100.58999633789062,1534,0.0,0.0,2023-07-17
60,2023-07-17 11:01:00-04:00,100.62000274658203,100.62000274658203,100.61000061035156,100.61000061035156,493,0.0,0.0,2023-07-17
61,2023-07-17 11:02:00-04:00,100.62999725341797,100.62999725341797,100.62999725341797,100.62999725341797,517,0.0,0.0,2023-07-17
62,2023-07-17 11:06:00-04:00,100.55999755859375,100.6500015258789,100.5,100.57749938964844,1660,0.0,0.0,2023-07-17
63,2023-07-17 11:09:00-04:00,100.62999725341797,100.6449966430664,100.62000274658203,100.6449966430664,359,0.0,0.0,2023-07-17
64,2023-07-17 11:12:00-04:00,100.61000061035156,100.61000061035156,100.61000061035156,100.61000061035156,139,0.0,0.0,2023-07-17
65,2023-07-17 11:14:00-04:00,100.6449966430664,100.6449966430664,100.6449966430664,100.6449966430664,535,0.0,0.0,2023-07-17
66,2023-07-17 11:15:00-04:00,100.73999786376953,100.81999969482422,100.70999908447266,100.81999969482422,2038,0.0,0.0,2023-07-17
67,2023-07-17 11:18:00-04:00,100.94000244140625,100.97000122070312,100.94000244140625,100.97000122070312,460,0.0,0.0,2023-07-17
68,2023-07-17 11:20:00-04:00,100.93000030517578,100.93499755859375,100.93000030517578,100.93499755859375,355,0.0,0.0,2023-07-17
69,2023-07-17 11:21:00-04:00,100.91999816894531,100.91999816894531,100.91999816894531,100.91999816894531,945,0.0,0.0,2023-07-17
70,2023-07-17 11:24:00-04:00,101.01000213623047,101.0999984741211,100.80999755859375,101.0999984741211,26037,0.0,0.0,2023-07-17
71,2023-07-17 11:25:00-04:00,101.08999633789062,101.25,100.98999786376953,101.25,40378,0.0,0.0,2023-07-17
72,2023-07-17 11:26:00-04:00,101.19999694824219,101.2750015258789,101.19999694824219,101.25,1605,0.0,0.0,2023-07-17
73,2023-07-17 11:27:00-04:00,101.18000030517578,101.18000030517578,101.18000030517578,101.18000030517578,548,0.0,0.0,2023-07-17
74,2023-07-17 11:28:00-04:00,101.04000091552734,101.08000183105469,100.95500183105469,100.95500183105469,1380,0.0,0.0,2023-07-17
75,2023-07-17 11:33:00-04:00,100.87999725341797,100.87999725341797,100.79000091552734,100.79000091552734,1010,0.0,0.0,2023-07-17
76,2023-07-17 11:35:00-04:00,100.77999877929688,100.77999877929688,100.77999877929688,100.77999877929688,554,0.0,0.0,2023-07-17
77,2023-07-17 11:40:00-04:00,100.77999877929688,100.77999877929688,100.77999877929688,100.77999877929688,434,0.0,0.0,2023-07-17
78,2023-07-17 11:42:00-04:00,100.72000122070312,100.72000122070312,100.51000213623047,100.51000213623047,858,0.0,0.0,2023-07-17
79,2023-07-17 11:45:00-04:00,100.63500213623047,100.69000244140625,100.63249969482422,100.63249969482422,1653,0.0,0.0,2023-07-17
80,2023-07-17 11:46:00-04:00,100.83000183105469,100.94999694824219,100.83000183105469,100.94999694824219,958,0.0,0.0,2023-07-17
81,2023-07-17 11:49:00-04:00,100.66000366210938,100.76499938964844,100.66000366210938,100.76499938964844,857,0.0,0.0,2023-07-17
82,2023-07-17 11:54:00-04:00,100.68800354003906,100.68800354003906,100.68800354003906,100.68800354003906,157,0.0,0.0,2023-07-17
83,2023-07-17 11:55:00-04:00,100.66999816894531,100.66999816894531,100.66999816894531,100.66999816894531,220,0.0,0.0,2023-07-17
84,2023-07-17 11:58:00-04:00,100.72000122070312,100.72000122070312,100.66000366210938,100.66000366210938,291,0.0,0.0,2023-07-17
85,2023-07-17 11:59:00-04:00,100.62999725341797,100.68000030517578,100.5999984741211,100.61499786376953,853,0.0,0.0,2023-07-17
86,2023-07-17 12:04:00-04:00,100.7699966430664,100.7699966430664,100.7699966430664,100.7699966430664,618,0.0,0.0,2023-07-17
87,2023-07-17 12:06:00-04:00,100.98999786376953,101.08000183105469,100.98999786376953,101.0,1438,0.0,0.0,2023-07-17
88,2023-07-17 12:07:00-04:00,101.08000183105469,101.08000183105469,101.08000183105469,101.08000183105469,376,0.0,0.0,2023-07-17
89,2023-07-17 12:08:00-04:00,101.12989807128906,101.12989807128906,101.12989807128906,101.12989807128906,512,0.0,0.0,2023-07-17
90,2023-07-17 12:09:00-04:00,101.09500122070312,101.19999694824219,101.09500122070312,101.19999694824219,1431,0.0,0.0,2023-07-17
91,2023-07-17 12:10:00-04:00,101.25499725341797,101.25499725341797,101.1500015258789,101.1500015258789,974,0.0,0.0,2023-07-17
92,2023-07-17 12:11:00-04:00,101.19029998779297,101.19029998779297,101.19029998779297,101.19029998779297,591,0.0,0.0,2023-07-17
93,2023-07-17 12:13:00-04:00,101.3499984741211,101.3499984741211,101.3499984741211,101.3499984741211,833,0.0,0.0,2023-07-17
94,2023-07-17 12:15:00-04:00,101.20999908447266,101.20999908447266,101.16999816894531,101.16999816894531,614,0.0,0.0,2023-07-17
95,2023-07-17 12:16:00-04:00,101.16999816894531,101.29000091552734,101.1500015258789,101.1500015258789,2147,0.0,0.0,2023-07-17
96,2023-07-17 12:17:00-04:00,101.02999877929688,101.11000061035156,101.02999877929688,101.11000061035156,248,0.0,0.0,2023-07-17
97,2023-07-17 12:18:00-04:00,101.0999984741211,101.0999984741211,101.07009887695312,101.07009887695312,311,0.0,0.0,2023-07-17
98,2023-07-17 12:19:00-04:00,101.13999938964844,101.1500015258789,101.13999938964844,101.1500015258789,668,0.0,0.0,2023-07-17
99,2023-07-17 12:20:00-04:00,101.12000274658203,101.20999908447266,101.12000274658203,101.20999908447266,879,0.0,0.0,2023-07-17
100,2023-07-17 12:21:00-04:00,101.20999908447266,101.26000213623047,101.20999908447266,101.26000213623047,209,0.0,0.0,2023-07-17
101,2023-07-17 12:22:00-04:00,101.26000213623047,101.26000213623047,101.26000213623047,101.26000213623047,540,0.0,0.0,2023-07-17
102,2023-07-17 12:24:00-04:00,101.31999969482422,101.31999969482422,101.31999969482422,101.31999969482422,600,0.0,0.0,2023-07-17
103,2023-07-17 12:26:00-04:00,101.3832015991211,101.3832015991211,101.3832015991211,101.3832015991211,217,0.0,0.0,2023-07-17
104,2023-07-17 12:27:00-04:00,101.3499984741211,101.35369873046875,101.3499984741211,101.35369873046875,824,0.0,0.0,2023-07-17
105,2023-07-17 12:28:00-04:00,101.4000015258789,101.4000015258789,101.4000015258789,101.4000015258789,275,0.0,0.0,2023-07-17
106,2023-07-17 12:30:00-04:00,101.38999938964844,101.41999816894531,101.38999938964844,101.41999816894531,870,0.0,0.0,2023-07-17
107,2023-07-17 12:34:00-04:00,101.44000244140625,101.44000244140625,101.44000244140625,101.44000244140625,360,0.0,0.0,2023-07-17
108,2023-07-17 12:35:00-04:00,101.37999725341797,101.37999725341797,101.3499984741211,101.375,823,0.0,0.0,2023-07-17
109,2023-07-17 12:36:00-04:00,101.41000366210938,101.51000213623047,101.41000366210938,101.5,2440,0.0,0.0,2023-07-17
110,2023-07-17 12:37:00-04:00,101.5,101.5,101.5,101.5,4831,0.0,0.0,2023-07-17
111,2023-07-17 12:38:00-04:00,101.44999694824219,101.45999908447266,101.375,101.375,810,0.0,0.0,2023-07-17
112,2023-07-17 12:39:00-04:00,101.26000213623047,101.26000213623047,101.26000213623047,101.26000213623047,186,0.0,0.0,2023-07-17
113,2023-07-17 12:42:00-04:00,101.2699966430664,101.2699966430664,101.2699966430664,101.2699966430664,938,0.0,0.0,2023-07-17
114,2023-07-17 12:43:00-04:00,101.43000030517578,101.43000030517578,101.38999938964844,101.38999938964844,591,0.0,0.0,2023-07-17
115,2023-07-17 12:45:00-04:00,101.44000244140625,101.44000244140625,101.37999725341797,101.37999725341797,839,0.0,0.0,2023-07-17
116,2023-07-17 12:49:00-04:00,101.3949966430664,101.3949966430664,101.36000061035156,101.36000061035156,303,0.0,0.0,2023-07-17
117,2023-07-17 12:53:00-04:00,101.37000274658203,101.37000274658203,101.37000274658203,101.37000274658203,687,0.0,0.0,2023-07-17
118,2023-07-17 12:59:00-04:00,101.33999633789062,101.3499984741211,101.33999633789062,101.3499984741211,657,0.0,0.0,2023-07-17
119,2023-07-17 13:00:00-04:00,101.3499984741211,101.3499984741211,101.33999633789062,101.33999633789062,732,0.0,0.0,2023-07-17
120,2023-07-17 13:03:00-04:00,101.37000274658203,101.37000274658203,101.37000274658203,101.37000274658203,110,0.0,0.0,2023-07-17
121,2023-07-17 13:04:00-04:00,101.37999725341797,101.37999725341797,101.37999725341797,101.37999725341797,776,0.0,0.0,2023-07-17
122,2023-07-17 13:06:00-04:00,101.37000274658203,101.37000274658203,101.37000274658203,101.37000274658203,182,0.0,0.0,2023-07-17
123,2023-07-17 13:08:00-04:00,101.3499984741211,101.3499984741211,101.30999755859375,101.30999755859375,871,0.0,0.0,2023-07-17
124,2023-07-17 13:13:00-04:00,101.4000015258789,101.4800033569336,101.4000015258789,101.45999908447266,1435,0.0,0.0,2023-07-17
125,2023-07-17 13:14:00-04:00,101.46499633789062,101.46499633789062,101.46499633789062,101.46499633789062,263,0.0,0.0,2023-07-17
126,2023-07-17 13:15:00-04:00,101.5,101.51000213623047,101.5,101.51000213623047,1209,0.0,0.0,2023-07-17
127,2023-07-17 13:20:00-04:00,101.61000061035156,101.61000061035156,101.61000061035156,101.61000061035156,228,0.0,0.0,2023-07-17
128,2023-07-17 13:21:00-04:00,101.58000183105469,101.61000061035156,101.58000183105469,101.61000061035156,543,0.0,0.0,2023-07-17
129,2023-07-17 13:24:00-04:00,101.58000183105469,101.58000183105469,101.4000015258789,101.4800033569336,3326,0.0,0.0,2023-07-17
130,2023-07-17 13:26:00-04:00,101.41999816894531,101.41999816894531,101.41999816894531,101.41999816894531,804,0.0,0.0,2023-07-17
131,2023-07-17 13:30:00-04:00,101.43000030517578,101.43000030517578,101.41999816894531,101.41999816894531,464,0.0,0.0,2023-07-17
132,2023-07-17 13:35:00-04:00,101.5199966430664,101.5199966430664,101.47000122070312,101.47000122070312,850,0.0,0.0,2023-07-17
133,2023-07-17 13:41:00-04:00,101.44999694824219,101.44999694824219,101.4000015258789,101.4000015258789,806,0.0,0.0,2023-07-17
134,2023-07-17 13:42:00-04:00,101.37000274658203,101.37000274658203,101.3499984741211,101.3499984741211,756,0.0,0.0,2023-07-17
135,2023-07-17 13:44:00-04:00,101.3949966430664,101.3949966430664,101.3949966430664,101.3949966430664,177,0.0,0.0,2023-07-17
136,2023-07-17 13:46:00-04:00,101.37000274658203,101.37000274658203,101.37000274658203,101.37000274658203,100,0.0,0.0,2023-07-17
137,2023-07-17 13:47:00-04:00,101.36000061035156,101.47000122070312,101.36000061035156,101.44000244140625,1338,0.0,0.0,2023-07-17
138,2023-07-17 13:51:00-04:00,101.37000274658203,101.37000274658203,101.36000061035156,101.36000061035156,526,0.0,0.0,2023-07-17
139,2023-07-17 13:54:00-04:00,101.30000305175781,101.36000061035156,101.30000305175781,101.36000061035156,742,0.0,0.0,2023-07-17
140,2023-07-17 13:55:00-04:00,101.30000305175781,101.30999755859375,101.30000305175781,101.30000305175781,1112,0.0,0.0,2023-07-17
141,2023-07-17 13:56:00-04:00,101.36000061035156,101.38999938964844,101.36000061035156,101.38999938964844,1793,0.0,0.0,2023-07-17
142,2023-07-17 14:00:00-04:00,101.4175033569336,101.44999694824219,101.4175033569336,101.44999694824219,580,0.0,0.0,2023-07-17
143,2023-07-17 14:02:00-04:00,101.44000244140625,101.44999694824219,101.4010009765625,101.44999694824219,1424,0.0,0.0,2023-07-17
144,2023-07-17 14:05:00-04:00,101.4800033569336,101.4800033569336,101.43000030517578,101.43000030517578,815,0.0,0.0,2023-07-17
145,2023-07-17 14:06:00-04:00,101.33000183105469,101.33000183105469,101.33000183105469,101.33000183105469,307,0.0,0.0,2023-07-17
146,2023-07-17 14:10:00-04:00,101.4800033569336,101.4800033569336,101.4800033569336,101.4800033569336,683,0.0,0.0,2023-07-17
147,2023-07-17 14:11:00-04:00,101.47000122070312,101.4800033569336,101.47000122070312,101.4800033569336,497,0.0,0.0,2023-07-17
148,2023-07-17 14:13:00-04:00,101.51000213623047,101.5199966430664,101.51000213623047,101.5199966430664,301,0.0,0.0,2023-07-17
149,2023-07-17 14:14:00-04:00,101.51000213623047,101.51000213623047,101.51000213623047,101.51000213623047,610,0.0,0.0,2023-07-17
150,2023-07-17 14:15:00-04:00,101.56999969482422,101.56999969482422,101.56999969482422,101.56999969482422,257,0.0,0.0,2023-07-17
151,2023-07-17 14:16:00-04:00,101.55999755859375,101.55999755859375,101.55999755859375,101.55999755859375,529,0.0,0.0,2023-07-17
152,2023-07-17 14:19:00-04:00,101.55999755859375,101.55999755859375,101.55999755859375,101.55999755859375,508,0.0,0.0,2023-07-17
153,2023-07-17 14:20:00-04:00,101.61000061035156,101.66000366210938,101.61000061035156,101.66000366210938,713,0.0,0.0,2023-07-17
154,2023-07-17 14:22:00-04:00,101.66000366210938,101.7699966430664,101.66000366210938,101.69999694824219,2660,0.0,0.0,2023-07-17
155,2023-07-17 14:25:00-04:00,101.7249984741211,101.75,101.7249984741211,101.75,653,0.0,0.0,2023-07-17
156,2023-07-17 14:27:00-04:00,101.8499984741211,101.90499877929688,101.8499984741211,101.90499877929688,1547,0.0,0.0,2023-07-17
157,2023-07-17 14:28:00-04:00,101.80999755859375,101.83999633789062,101.80999755859375,101.83999633789062,353,0.0,0.0,2023-07-17
158,2023-07-17 14:29:00-04:00,101.83999633789062,101.8499984741211,101.80000305175781,101.80000305175781,832,0.0,0.0,2023-07-17
159,2023-07-17 14:30:00-04:00,101.80999755859375,101.80999755859375,101.73999786376953,101.73999786376953,964,0.0,0.0,2023-07-17
160,2023-07-17 14:34:00-04:00,101.79039764404297,101.79039764404297,101.79039764404297,101.79039764404297,939,0.0,0.0,2023-07-17
161,2023-07-17 14:36:00-04:00,101.70999908447266,101.70999908447266,101.70999908447266,101.70999908447266,905,0.0,0.0,2023-07-17
162,2023-07-17 14:38:00-04:00,101.68000030517578,101.68000030517578,101.68000030517578,101.68000030517578,263,0.0,0.0,2023-07-17
163,2023-07-17 14:40:00-04:00,101.61000061035156,101.61000061035156,101.5999984741211,101.5999984741211,847,0.0,0.0,2023-07-17
164,2023-07-17 14:41:00-04:00,101.55999755859375,101.58499908447266,101.55999755859375,101.58499908447266,1527,0.0,0.0,2023-07-17
165,2023-07-17 14:42:00-04:00,101.6500015258789,101.6500015258789,101.6500015258789,101.6500015258789,878,0.0,0.0,2023-07-17
166,2023-07-17 14:44:00-04:00,101.6500015258789,101.6500015258789,101.6500015258789,101.6500015258789,256,0.0,0.0,2023-07-17
167,2023-07-17 14:46:00-04:00,101.72000122070312,101.72000122070312,101.72000122070312,101.72000122070312,789,0.0,0.0,2023-07-17
168,2023-07-17 14:47:00-04:00,101.75,101.75,101.7300033569336,101.7300033569336,381,0.0,0.0,2023-07-17
169,2023-07-17 14:49:00-04:00,101.75,101.75,101.75,101.75,326,0.0,0.0,2023-07-17
170,2023-07-17 14:51:00-04:00,101.69999694824219,101.70999908447266,101.69999694824219,101.70999908447266,948,0.0,0.0,2023-07-17
171,2023-07-17 14:53:00-04:00,101.70999908447266,101.70999908447266,101.70999908447266,101.70999908447266,737,0.0,0.0,2023-07-17
172,2023-07-17 14:54:00-04:00,101.75,101.75,101.75,101.75,323,0.0,0.0,2023-07-17
173,2023-07-17 14:56:00-04:00,101.7300033569336,101.7300033569336,101.7300033569336,101.7300033569336,182,0.0,0.0,2023-07-17
174,2023-07-17 14:57:00-04:00,101.75,101.75,101.75,101.75,259,0.0,0.0,2023-07-17
175,2023-07-17 14:59:00-04:00,101.72000122070312,101.72000122070312,101.72000122070312,101.72000122070312,619,0.0,0.0,2023-07-17
176,2023-07-17 15:00:00-04:00,101.75,101.80999755859375,101.75,101.80999755859375,1680,0.0,0.0,2023-07-17
177,2023-07-17 15:03:00-04:00,101.86000061035156,101.86000061035156,101.80000305175781,101.80000305175781,1022,0.0,0.0,2023-07-17
178,2023-07-17 15:04:00-04:00,101.80000305175781,101.80000305175781,101.79000091552734,101.79000091552734,938,0.0,0.0,2023-07-17
179,2023-07-17 15:09:00-04:00,101.7300033569336,101.7300033569336,101.7300033569336,101.7300033569336,672,0.0,0.0,2023-07-17
180,2023-07-17 15:10:00-04:00,101.80000305175781,101.80000305175781,101.80000305175781,101.80000305175781,676,0.0,0.0,2023-07-17
181,2023-07-17 15:11:00-04:00,101.81999969482422,101.81999969482422,101.7300033569336,101.7300033569336,4155,0.0,0.0,2023-07-17
182,2023-07-17 15:13:00-04:00,101.66000366210938,101.69499969482422,101.65499877929688,101.65499877929688,1521,0.0,0.0,2023-07-17
183,2023-07-17 15:16:00-04:00,101.6500015258789,101.6500015258789,101.6500015258789,101.6500015258789,259,0.0,0.0,2023-07-17
184,2023-07-17 15:18:00-04:00,101.6500015258789,101.6500015258789,101.6500015258789,101.6500015258789,532,0.0,0.0,2023-07-17
185,2023-07-17 15:19:00-04:00,101.70999908447266,101.7699966430664,101.70999908447266,101.7699966430664,1657,0.0,0.0,2023-07-17
186,2023-07-17 15:21:00-04:00,101.75,101.75,101.70999908447266,101.70999908447266,870,0.0,0.0,2023-07-17
187,2023-07-17 15:22:00-04:00,101.62000274658203,101.62000274658203,101.62000274658203,101.62000274658203,650,0.0,0.0,2023-07-17
188,2023-07-17 15:27:00-04:00,101.6500015258789,101.6500015258789,101.6500015258789,101.6500015258789,373,0.0,0.0,2023-07-17
189,2023-07-17 15:28:00-04:00,101.69999694824219,101.69999694824219,101.6500015258789,101.66000366210938,601,0.0,0.0,2023-07-17
190,2023-07-17 15:29:00-04:00,101.6500015258789,101.6500015258789,101.55000305175781,101.56999969482422,1950,0.0,0.0,2023-07-17
191,2023-07-17 15:30:00-04:00,101.55999755859375,101.55999755859375,101.55500030517578,101.55500030517578,1061,0.0,0.0,2023-07-17
192,2023-07-17 15:31:00-04:00,101.55999755859375,101.55999755859375,101.5,101.5009994506836,2299,0.0,0.0,2023-07-17
193,2023-07-17 15:32:00-04:00,101.5,101.51000213623047,101.41999816894531,101.41999816894531,1924,0.0,0.0,2023-07-17
194,2023-07-17 15:34:00-04:00,101.5199966430664,101.61000061035156,101.5,101.61000061035156,2689,0.0,0.0,2023-07-17
195,2023-07-17 15:35:00-04:00,101.69499969482422,101.69499969482422,101.69499969482422,101.69499969482422,578,0.0,0.0,2023-07-17
196,2023-07-17 15:39:00-04:00,101.66100311279297,101.66100311279297,101.63999938964844,101.63999938964844,1085,0.0,0.0,2023-07-17
197,2023-07-17 15:40:00-04:00,101.6500015258789,101.6500015258789,101.6500015258789,101.6500015258789,1124,0.0,0.0,2023-07-17
198,2023-07-17 15:42:00-04:00,101.69999694824219,101.69999694824219,101.69999694824219,101.69999694824219,462,0.0,0.0,2023-07-17
199,2023-07-17 15:43:00-04:00,101.6500015258789,101.66999816894531,101.6500015258789,101.66999816894531,672,0.0,0.0,2023-07-17
200,2023-07-17 15:44:00-04:00,101.66999816894531,101.68000030517578,101.62000274658203,101.63999938964844,1748,0.0,0.0,2023-07-17
201,2023-07-17 15:45:00-04:00,101.5999984741211,101.5999984741211,101.5999984741211,101.5999984741211,200,0.0,0.0,2023-07-17
202,2023-07-17 15:46:00-04:00,101.59500122070312,101.59500122070312,101.55000305175781,101.58999633789062,1018,0.0,0.0,2023-07-17
203,2023-07-17 15:47:00-04:00,101.56999969482422,101.56999969482422,101.54100036621094,101.54499816894531,1137,0.0,0.0,2023-07-17
204,2023-07-17 15:48:00-04:00,101.54000091552734,101.58999633789062,101.52249908447266,101.58999633789062,2853,0.0,0.0,2023-07-17
205,2023-07-17 15:49:00-04:00,101.62000274658203,101.62000274658203,101.55999755859375,101.55999755859375,1458,0.0,0.0,2023-07-17
206,2023-07-17 15:50:00-04:00,101.51000213623047,101.55999755859375,101.51000213623047,101.55999755859375,301,0.0,0.0,2023-07-17
207,2023-07-17 15:51:00-04:00,101.55249786376953,101.67500305175781,101.5425033569336,101.67500305175781,4346,0.0,0.0,2023-07-17
208,2023-07-17 15:52:00-04:00,101.63999938964844,101.6500015258789,101.58999633789062,101.58999633789062,1610,0.0,0.0,2023-07-17
209,2023-07-17 15:53:00-04:00,101.55999755859375,101.57499694824219,101.55000305175781,101.55999755859375,2139,0.0,0.0,2023-07-17
210,2023-07-17 15:54:00-04:00,101.58999633789062,101.61499786376953,101.54000091552734,101.55999755859375,3870,0.0,0.0,2023-07-17
211,2023-07-17 15:55:00-04:00,101.5199966430664,101.58000183105469,101.51000213623047,101.56999969482422,2300,0.0,0.0,2023-07-17
212,2023-07-17 15:56:00-04:00,101.55999755859375,101.58000183105469,101.50299835205078,101.55000305175781,4108,0.0,0.0,2023-07-17
213,2023-07-17 15:57:00-04:00,101.58000183105469,101.58000183105469,101.54000091552734,101.55999755859375,2387,0.0,0.0,2023-07-17
214,2023-07-17 15:58:00-04:00,101.55000305175781,101.56999969482422,101.52999877929688,101.56999969482422,5670,0.0,0.0,2023-07-17
215,2023-07-17 15:59:00-04:00,101.58000183105469,101.58999633789062,101.54000091552734,101.58999633789062,5705,0.0,0.0,2023-07-17
216,2023-07-18 09:30:00-04:00,101.56999969482422,101.56999969482422,101.56999969482422,101.56999969482422,4986,0.0,0.0,2023-07-18
217,2023-07-18 09:33:00-04:00,102.0,102.44999694824219,101.9800033569336,102.33000183105469,3875,0.0,0.0,2023-07-18
218,2023-07-18 09:34:00-04:00,102.33000183105469,102.33000183105469,102.33000183105469,102.33000183105469,496,0.0,0.0,2023-07-18
219,2023-07-18 09:36:00-04:00,102.48999786376953,102.5,102.36000061035156,102.4800033569336,1842,0.0,0.0,2023-07-18
220,2023-07-18 09:40:00-04:00,102.5999984741211,102.95500183105469,102.53250122070312,102.95500183105469,1318,0.0,0.0,2023-07-18
221,2023-07-18 09:41:00-04:00,102.95500183105469,102.95500183105469,102.95500183105469,102.95500183105469,229,0.0,0.0,2023-07-18
222,2023-07-18 09:42:00-04:00,102.86000061035156,102.86000061035156,102.76000213623047,102.76000213623047,929,0.0,0.0,2023-07-18
223,2023-07-18 09:43:00-04:00,102.82499694824219,102.82499694824219,102.82499694824219,102.82499694824219,427,0.0,0.0,2023-07-18
224,2023-07-18 09:44:00-04:00,102.88500213623047,102.88500213623047,102.88500213623047,102.88500213623047,121,0.0,0.0,2023-07-18
225,2023-07-18 09:45:00-04:00,102.88500213623047,102.88500213623047,102.88500213623047,102.88500213623047,100,0.0,0.0,2023-07-18
226,2023-07-18 09:46:00-04:00,102.87000274658203,102.88999938964844,102.75,102.79000091552734,5212,0.0,0.0,2023-07-18
227,2023-07-18 09:47:00-04:00,102.75,102.75,102.69000244140625,102.69000244140625,614,0.0,0.0,2023-07-18
228,2023-07-18 09:48:00-04:00,102.63999938964844,102.63999938964844,102.63999938964844,102.63999938964844,390,0.0,0.0,2023-07-18
229,2023-07-18 09:49:00-04:00,102.79000091552734,102.79000091552734,102.79000091552734,102.79000091552734,376,0.0,0.0,2023-07-18
230,2023-07-18 09:50:00-04:00,102.77999877929688,102.77999877929688,102.63999938964844,102.63999938964844,508,0.0,0.0,2023-07-18
231,2023-07-18 09:51:00-04:00,102.75,102.75,102.74749755859375,102.74749755859375,319,0.0,0.0,2023-07-18
232,2023-07-18 09:52:00-04:00,102.81999969482422,102.81999969482422,102.81999969482422,102.81999969482422,1094,0.0,0.0,2023-07-18
233,2023-07-18 09:56:00-04:00,102.83999633789062,102.88999938964844,102.83499908447266,102.83499908447266,499,0.0,0.0,2023-07-18
234,2023-07-18 09:57:00-04:00,102.73999786376953,102.73999786376953,102.66999816894531,102.70999908447266,501,0.0,0.0,2023-07-18
235,2023-07-18 09:58:00-04:00,102.72250366210938,102.72250366210938,102.72250366210938,102.72250366210938,1169,0.0,0.0,2023-07-18
236,2023-07-18 10:03:00-04:00,102.83000183105469,102.9000015258789,102.83000183105469,102.9000015258789,565,0.0,0.0,2023-07-18
237,2023-07-18 10:04:00-04:00,102.80500030517578,102.8499984741211,102.80500030517578,102.8499984741211,762,0.0,0.0,2023-07-18
238,2023-07-18 10:05:00-04:00,102.9000015258789,102.95999908447266,102.875,102.875,522,0.0,0.0,2023-07-18
239,2023-07-18 10:06:00-04:00,102.875,102.875,102.875,102.875,591,0.0,0.0,2023-07-18
240,2023-07-18 10:10:00-04:00,102.80000305175781,102.93000030517578,102.79000091552734,102.93000030517578,4157,0.0,0.0,2023-07-18
241,2023-07-18 10:11:00-04:00,102.87000274658203,102.91999816894531,102.83999633789062,102.9000015258789,6286,0.0,0.0,2023-07-18
242,2023-07-18 10:12:00-04:00,102.94000244140625,103.0199966430664,102.94000244140625,102.9800033569336,1542,0.0,0.0,2023-07-18
243,2023-07-18 10:13:00-04:00,102.95999908447266,102.95999908447266,102.95999908447266,102.95999908447266,175,0.0,0.0,2023-07-18
244,2023-07-18 10:14:00-04:00,102.94999694824219,102.94999694824219,102.94499969482422,102.94499969482422,584,0.0,0.0,2023-07-18
245,2023-07-18 10:15:00-04:00,102.94499969482422,102.94499969482422,102.94499969482422,102.94499969482422,346,0.0,0.0,2023-07-18
246,2023-07-18 10:16:00-04:00,102.94249725341797,102.9800033569336,102.8499984741211,102.9800033569336,3837,0.0,0.0,2023-07-18
247,2023-07-18 10:17:00-04:00,102.91999816894531,103.04000091552734,102.91999816894531,103.02999877929688,5300,0.0,0.0,2023-07-18
248,2023-07-18 10:19:00-04:00,103.0999984741211,103.16000366210938,103.08999633789062,103.09500122070312,723,0.0,0.0,2023-07-18
249,2023-07-18 10:20:00-04:00,103.10250091552734,103.1050033569336,103.0999984741211,103.0999984741211,814,0.0,0.0,2023-07-18
250,2023-07-18 10:22:00-04:00,103.17500305175781,103.22000122070312,103.17500305175781,103.22000122070312,307,0.0,0.0,2023-07-18
251,2023-07-18 10:23:00-04:00,103.2249984741211,103.2249984741211,103.2249984741211,103.2249984741211,307,0.0,0.0,2023-07-18
252,2023-07-18 10:24:00-04:00,103.27999877929688,103.31999969482422,103.27999877929688,103.31999969482422,865,0.0,0.0,2023-07-18
253,2023-07-18 10:25:00-04:00,103.36000061035156,103.37999725341797,103.33000183105469,103.37999725341797,1511,0.0,0.0,2023-07-18
254,2023-07-18 10:26:00-04:00,103.37999725341797,103.37999725341797,103.3550033569336,103.3550033569336,847,0.0,0.0,2023-07-18
255,2023-07-18 10:27:00-04:00,103.34249877929688,103.34249877929688,103.34249877929688,103.34249877929688,520,0.0,0.0,2023-07-18
256,2023-07-18 10:28:00-04:00,103.3375015258789,103.3375015258789,103.2300033569336,103.2300033569336,3437,0.0,0.0,2023-07-18
257,2023-07-18 10:29:00-04:00,103.2300033569336,103.25499725341797,103.19999694824219,103.19999694824219,1430,0.0,0.0,2023-07-18
258,2023-07-18 10:30:00-04:00,103.19999694824219,103.2874984741211,102.94000244140625,102.94499969482422,2835,0.0,0.0,2023-07-18
259,2023-07-18 10:31:00-04:00,102.81999969482422,102.98999786376953,102.81999969482422,102.88249969482422,2222,0.0,0.0,2023-07-18
260,2023-07-18 10:32:00-04:00,102.95999908447266,102.97000122070312,102.95999908447266,102.97000122070312,1023,0.0,0.0,2023-07-18
261,2023-07-18 10:33:00-04:00,102.78500366210938,102.91000366210938,102.78500366210938,102.91000366210938,2000,0.0,0.0,2023-07-18
262,2023-07-18 10:34:00-04:00,102.88500213623047,102.88500213623047,102.88500213623047,102.88500213623047,318,0.0,0.0,2023-07-18
263,2023-07-18 10:37:00-04:00,103.0,103.0,103.0,103.0,281,0.0,0.0,2023-07-18
264,2023-07-18 10:38:00-04:00,102.875,102.875,102.7300033569336,102.77999877929688,1811,0.0,0.0,2023-07-18
265,2023-07-18 10:39:00-04:00,102.7300033569336,102.87000274658203,102.7300033569336,102.87000274658203,1359,0.0,0.0,2023-07-18
266,2023-07-18 10:40:00-04:00,102.89250183105469,102.8949966430664,102.88999938964844,102.88999938964844,1140,0.0,0.0,2023-07-18
267,2023-07-18 10:41:00-04:00,102.88999938964844,102.88999938964844,102.88999938964844,102.88999938964844,1171,0.0,0.0,2023-07-18
268,2023-07-18 10:42:00-04:00,102.86000061035156,103.0,102.81999969482422,102.98500061035156,6307,0.0,0.0,2023-07-18
269,2023-07-18 10:43:00-04:00,102.91999816894531,102.91999816894531,102.91999816894531,102.91999816894531,100,0.0,0.0,2023-07-18
270,2023-07-18 10:44:00-04:00,102.91999816894531,102.91999816894531,102.91999816894531,102.91999816894531,1119,0.0,0.0,2023-07-18
271,2023-07-18 10:45:00-04:00,102.91999816894531,102.91999816894531,102.91999816894531,102.91999816894531,416,0.0,0.0,2023-07-18
272,2023-07-18 10:46:00-04:00,102.97000122070312,103.05000305175781,102.97000122070312,103.05000305175781,1434,0.0,0.0,2023-07-18
273,2023-07-18 10:48:00-04:00,103.05999755859375,103.05999755859375,103.05999755859375,103.05999755859375,321,0.0,0.0,2023-07-18
274,2023-07-18 10:49:00-04:00,103.0999984741211,103.0999984741211,102.98999786376953,103.04000091552734,2689,0.0,0.0,2023-07-18
275,2023-07-18 10:52:00-04:00,103.1449966430664,103.1449966430664,103.05000305175781,103.05000305175781,375,0.0,0.0,2023-07-18
276,2023-07-18 10:53:00-04:00,103.1449966430664,103.1449966430664,103.1449966430664,103.1449966430664,482,0.0,0.0,2023-07-18
277,2023-07-18 10:54:00-04:00,103.16500091552734,103.16500091552734,103.13999938964844,103.13999938964844,3611,0.0,0.0,2023-07-18
278,2023-07-18 10:55:00-04:00,103.05000305175781,103.08999633789062,103.04000091552734,103.04000091552734,2005,0.0,0.0,2023-07-18
279,2023-07-18 10:56:00-04:00,103.04000091552734,103.04000091552734,103.0,103.0,799,0.0,0.0,2023-07-18
280,2023-07-18 10:57:00-04:00,103.05000305175781,103.12000274658203,103.05000305175781,103.12000274658203,845,0.0,0.0,2023-07-18
281,2023-07-18 10:58:00-04:00,103.12999725341797,103.23500061035156,103.0999984741211,103.23500061035156,1621,0.0,0.0,2023-07-18
282,2023-07-18 10:59:00-04:00,103.16999816894531,103.20999908447266,103.1500015258789,103.1500015258789,1811,0.0,0.0,2023-07-18
283,2023-07-18 11:00:00-04:00,102.99250030517578,103.04000091552734,102.98500061035156,103.04000091552734,536,0.0,0.0,2023-07-18
284,2023-07-18 11:02:00-04:00,102.97000122070312,102.98500061035156,102.97000122070312,102.98500061035156,1224,0.0,0.0,2023-07-18
285,2023-07-18 11:04:00-04:00,103.09500122070312,103.09500122070312,103.09500122070312,103.09500122070312,424,0.0,0.0,2023-07-18
286,2023-07-18 11:06:00-04:00,103.1449966430664,103.1449966430664,103.1449966430664,103.1449966430664,299,0.0,0.0,2023-07-18
287,2023-07-18 11:07:00-04:00,103.1050033569336,103.1050033569336,103.1050033569336,103.1050033569336,187,0.0,0.0,2023-07-18
288,2023-07-18 11:08:00-04:00,103.05000305175781,103.05000305175781,103.0199966430664,103.0199966430664,472,0.0,0.0,2023-07-18
289,2023-07-18 11:09:00-04:00,103.02999877929688,103.1050033569336,103.02999877929688,103.1050033569336,417,0.0,0.0,2023-07-18
290,2023-07-18 11:10:00-04:00,103.02999877929688,103.02999877929688,103.02999877929688,103.02999877929688,421,0.0,0.0,2023-07-18
291,2023-07-18 11:11:00-04:00,103.12000274658203,103.12000274658203,103.06999969482422,103.06999969482422,1116,0.0,0.0,2023-07-18
292,2023-07-18 11:13:00-04:00,103.11000061035156,103.27999877929688,103.11000061035156,103.2249984741211,1598,0.0,0.0,2023-07-18
293,2023-07-18 11:16:00-04:00,103.29000091552734,103.29000091552734,103.2249984741211,103.2249984741211,672,0.0,0.0,2023-07-18
294,2023-07-18 11:17:00-04:00,103.2249984741211,103.2249984741211,103.2249984741211,103.2249984741211,524,0.0,0.0,2023-07-18
295,2023-07-18 11:19:00-04:00,103.19750213623047,103.22000122070312,103.19750213623047,103.22000122070312,331,0.0,0.0,2023-07-18
296,2023-07-18 11:20:00-04:00,103.17900085449219,103.19499969482422,103.17900085449219,103.19499969482422,476,0.0,0.0,2023-07-18
297,2023-07-18 11:21:00-04:00,103.18800354003906,103.18800354003906,103.18800354003906,103.18800354003906,225,0.0,0.0,2023-07-18
298,2023-07-18 11:22:00-04:00,103.2300033569336,103.2300033569336,103.19999694824219,103.19999694824219,2644,0.0,0.0,2023-07-18
299,2023-07-18 11:23:00-04:00,103.19000244140625,103.20159912109375,103.19000244140625,103.20159912109375,390,0.0,0.0,2023-07-18
300,2023-07-18 11:24:00-04:00,103.16000366210938,103.16000366210938,103.08999633789062,103.1050033569336,1699,0.0,0.0,2023-07-18
301,2023-07-18 11:26:00-04:00,103.06999969482422,103.06999969482422,102.87999725341797,102.94000244140625,1035,0.0,0.0,2023-07-18
302,2023-07-18 11:27:00-04:00,102.98999786376953,103.0,102.98999786376953,102.99500274658203,972,0.0,0.0,2023-07-18
303,2023-07-18 11:28:00-04:00,103.05000305175781,103.05000305175781,103.05000305175781,103.05000305175781,542,0.0,0.0,2023-07-18
304,2023-07-18 11:29:00-04:00,103.04000091552734,103.04000091552734,102.99500274658203,102.99500274658203,456,0.0,0.0,2023-07-18
305,2023-07-18 11:30:00-04:00,102.98999786376953,102.98999786376953,102.98999786376953,102.98999786376953,300,0.0,0.0,2023-07-18
306,2023-07-18 11:31:00-04:00,102.98500061035156,102.98999786376953,102.97000122070312,102.9800033569336,789,0.0,0.0,2023-07-18
307,2023-07-18 11:32:00-04:00,102.9800033569336,102.9800033569336,102.9800033569336,102.9800033569336,259,0.0,0.0,2023-07-18
308,2023-07-18 11:33:00-04:00,102.9800033569336,102.9800033569336,102.9800033569336,102.9800033569336,250,0.0,0.0,2023-07-18
309,2023-07-18 11:34:00-04:00,102.9800033569336,102.9800033569336,102.9800033569336,102.9800033569336,467,0.0,0.0,2023-07-18
310,2023-07-18 11:35:00-04:00,102.94000244140625,102.98999786376953,102.94000244140625,102.94000244140625,1027,0.0,0.0,2023-07-18
311,2023-07-18 11:39:00-04:00,102.88999938964844,102.88999938964844,102.73999786376953,102.73999786376953,2980,0.0,0.0,2023-07-18
312,2023-07-18 11:40:00-04:00,102.9000015258789,102.9000015258789,102.9000015258789,102.9000015258789,128,0.0,0.0,2023-07-18
313,2023-07-18 11:41:00-04:00,102.77999877929688,102.77999877929688,102.44999694824219,102.44999694824219,2005,0.0,0.0,2023-07-18
314,2023-07-18 11:44:00-04:00,102.42500305175781,102.42500305175781,102.42500305175781,102.42500305175781,361,0.0,0.0,2023-07-18
315,2023-07-18 11:45:00-04:00,102.45999908447266,102.45999908447266,102.44999694824219,102.44999694824219,351,0.0,0.0,2023-07-18
316,2023-07-18 11:46:00-04:00,102.41000366210938,102.41000366210938,102.41000366210938,102.41000366210938,542,0.0,0.0,2023-07-18
317,2023-07-18 11:47:00-04:00,102.4800033569336,102.48999786376953,102.4800033569336,102.48999786376953,1098,0.0,0.0,2023-07-18
318,2023-07-18 11:49:00-04:00,102.43499755859375,102.43499755859375,102.43499755859375,102.43499755859375,270,0.0,0.0,2023-07-18
319,2023-07-18 11:53:00-04:00,102.3949966430664,102.3949966430664,102.38999938964844,102.38999938964844,345,0.0,0.0,2023-07-18
320,2023-07-18 11:54:00-04:00,102.3949966430664,102.3949966430664,102.3949966430664,102.3949966430664,541,0.0,0.0,2023-07-18
321,2023-07-18 11:56:00-04:00,102.38999938964844,102.38999938964844,102.38999938964844,102.38999938964844,277,0.0,0.0,2023-07-18
322,2023-07-18 11:57:00-04:00,102.29000091552734,102.48999786376953,102.29000091552734,102.48999786376953,1467,0.0,0.0,2023-07-18
323,2023-07-18 11:59:00-04:00,102.52999877929688,102.52999877929688,102.52999877929688,102.52999877929688,201,0.0,0.0,2023-07-18
324,2023-07-18 12:01:00-04:00,102.5199966430664,102.5250015258789,102.5199966430664,102.5250015258789,733,0.0,0.0,2023-07-18
325,2023-07-18 12:04:00-04:00,102.45999908447266,102.45999908447266,102.37999725341797,102.43000030517578,2495,0.0,0.0,2023-07-18
326,2023-07-18 12:06:00-04:00,102.30500030517578,102.30500030517578,102.30500030517578,102.30500030517578,170,0.0,0.0,2023-07-18
327,2023-07-18 12:07:00-04:00,102.26499938964844,102.37000274658203,102.25499725341797,102.25499725341797,1481,0.0,0.0,2023-07-18
328,2023-07-18 12:08:00-04:00,102.22000122070312,102.31999969482422,102.22000122070312,102.30999755859375,2266,0.0,0.0,2023-07-18
329,2023-07-18 12:09:00-04:00,102.36000061035156,102.36000061035156,102.36000061035156,102.36000061035156,146,0.0,0.0,2023-07-18
330,2023-07-18 12:10:00-04:00,102.19999694824219,102.5,102.19999694824219,102.48999786376953,3291,0.0,0.0,2023-07-18
331,2023-07-18 12:13:00-04:00,102.5,102.5,102.44999694824219,102.48500061035156,967,0.0,0.0,2023-07-18
332,2023-07-18 12:14:00-04:00,102.44999694824219,102.44999694824219,102.44999694824219,102.44999694824219,435,0.0,0.0,2023-07-18
333,2023-07-18 12:15:00-04:00,102.48999786376953,102.48999786376953,102.48999786376953,102.48999786376953,362,0.0,0.0,2023-07-18
334,2023-07-18 12:21:00-04:00,102.44999694824219,102.44999694824219,102.44999694824219,102.44999694824219,219,0.0,0.0,2023-07-18
335,2023-07-18 12:22:00-04:00,102.45999908447266,102.45999908447266,102.41999816894531,102.41999816894531,813,0.0,0.0,2023-07-18
336,2023-07-18 12:24:00-04:00,102.44999694824219,102.45999908447266,102.41500091552734,102.41500091552734,2396,0.0,0.0,2023-07-18
337,2023-07-18 12:28:00-04:00,102.45999908447266,102.45999908447266,102.45999908447266,102.45999908447266,599,0.0,0.0,2023-07-18
338,2023-07-18 12:29:00-04:00,102.45999908447266,102.45999908447266,102.45999908447266,102.45999908447266,406,0.0,0.0,2023-07-18
339,2023-07-18 12:30:00-04:00,102.37000274658203,102.43000030517578,102.37000274658203,102.43000030517578,1292,0.0,0.0,2023-07-18
340,2023-07-18 12:32:00-04:00,102.42500305175781,102.47000122070312,102.4175033569336,102.47000122070312,721,0.0,0.0,2023-07-18
341,2023-07-18 12:34:00-04:00,102.33000183105469,102.37999725341797,102.33000183105469,102.375,1444,0.0,0.0,2023-07-18
342,2023-07-18 12:35:00-04:00,102.41999816894531,102.4800033569336,102.41999816894531,102.4800033569336,2142,0.0,0.0,2023-07-18
343,2023-07-18 12:39:00-04:00,102.58499908447266,102.58499908447266,102.58499908447266,102.58499908447266,949,0.0,0.0,2023-07-18
344,2023-07-18 12:45:00-04:00,102.625,102.625,102.625,102.625,125,0.0,0.0,2023-07-18
345,2023-07-18 12:46:00-04:00,102.625,102.625,102.625,102.625,1079,0.0,0.0,2023-07-18
346,2023-07-18 12:54:00-04:00,102.59500122070312,102.59500122070312,102.59500122070312,102.59500122070312,441,0.0,0.0,2023-07-18
347,2023-07-18 12:56:00-04:00,102.62999725341797,102.62999725341797,102.62999725341797,102.62999725341797,630,0.0,0.0,2023-07-18
348,2023-07-18 12:58:00-04:00,102.73999786376953,102.73999786376953,102.73999786376953,102.73999786376953,341,0.0,0.0,2023-07-18
349,2023-07-18 13:00:00-04:00,102.76000213623047,102.77999877929688,102.76000213623047,102.77999877929688,1694,0.0,0.0,2023-07-18
350,2023-07-18 13:04:00-04:00,102.81999969482422,102.81999969482422,102.81999969482422,102.81999969482422,358,0.0,0.0,2023-07-18
351,2023-07-18 13:07:00-04:00,102.875,102.875,102.875,102.875,495,0.0,0.0,2023-07-18
352,2023-07-18 13:09:00-04:00,102.77999877929688,102.77999877929688,102.77999877929688,102.77999877929688,1087,0.0,0.0,2023-07-18
353,2023-07-18 13:12:00-04:00,102.70649719238281,102.70649719238281,102.70649719238281,102.70649719238281,207,0.0,0.0,2023-07-18
354,2023-07-18 13:13:00-04:00,102.69499969482422,102.69499969482422,102.69499969482422,102.69499969482422,770,0.0,0.0,2023-07-18
355,2023-07-18 13:18:00-04:00,102.73999786376953,102.73999786376953,102.73999786376953,102.73999786376953,1008,0.0,0.0,2023-07-18
356,2023-07-18 13:25:00-04:00,102.68000030517578,102.68000030517578,102.68000030517578,102.68000030517578,502,0.0,0.0,2023-07-18
357,2023-07-18 13:26:00-04:00,102.6500015258789,102.68000030517578,102.6500015258789,102.68000030517578,395,0.0,0.0,2023-07-18
358,2023-07-18 13:28:00-04:00,102.67500305175781,102.67500305175781,102.67500305175781,102.67500305175781,102,0.0,0.0,2023-07-18
359,2023-07-18 13:29:00-04:00,102.69999694824219,102.69999694824219,102.69999694824219,102.69999694824219,280,0.0,0.0,2023-07-18
360,2023-07-18 13:31:00-04:00,102.69999694824219,102.69999694824219,102.5999984741211,102.5999984741211,2445,0.0,0.0,2023-07-18
361,2023-07-18 13:32:00-04:00,102.5,102.5,102.5,102.5,188,0.0,0.0,2023-07-18
362,2023-07-18 13:33:00-04:00,102.55000305175781,102.55000305175781,102.55000305175781,102.55000305175781,108,0.0,0.0,2023-07-18
363,2023-07-18 13:34:00-04:00,102.54499816894531,102.54499816894531,102.54499816894531,102.54499816894531,304,0.0,0.0,2023-07-18
364,2023-07-18 13:35:00-04:00,102.4800033569336,102.4800033569336,102.4800033569336,102.4800033569336,367,0.0,0.0,2023-07-18
365,2023-07-18 13:36:00-04:00,102.44999694824219,102.50499725341797,102.43000030517578,102.50499725341797,1342,0.0,0.0,2023-07-18
366,2023-07-18 13:38:00-04:00,102.4800033569336,102.58000183105469,102.4800033569336,102.58000183105469,4052,0.0,0.0,2023-07-18
367,2023-07-18 13:42:00-04:00,102.58999633789062,102.6500015258789,102.58999633789062,102.6500015258789,838,0.0,0.0,2023-07-18
368,2023-07-18 13:44:00-04:00,102.65499877929688,102.65499877929688,102.65499877929688,102.65499877929688,123,0.0,0.0,2023-07-18
369,2023-07-18 13:46:00-04:00,102.63999938964844,102.65499877929688,102.63999938964844,102.65499877929688,711,0.0,0.0,2023-07-18
370,2023-07-18 13:49:00-04:00,102.66999816894531,102.68000030517578,102.59500122070312,102.59500122070312,568,0.0,0.0,2023-07-18
371,2023-07-18 13:50:00-04:00,102.625,102.625,102.625,102.625,130,0.0,0.0,2023-07-18
372,2023-07-18 13:51:00-04:00,102.69000244140625,102.69000244140625,102.69000244140625,102.69000244140625,378,0.0,0.0,2023-07-18
373,2023-07-18 13:52:00-04:00,102.66999816894531,102.66999816894531,102.6500015258789,102.66999816894531,1879,0.0,0.0,2023-07-18
374,2023-07-18 13:55:00-04:00,102.63999938964844,102.6449966430664,102.63999938964844,102.6449966430664,258,0.0,0.0,2023-07-18
375,2023-07-18 13:56:00-04:00,102.63999938964844,102.66500091552734,102.63999938964844,102.66500091552734,641,0.0,0.0,2023-07-18
376,2023-07-18 13:57:00-04:00,102.6449966430664,102.6449966430664,102.6449966430664,102.6449966430664,767,0.0,0.0,2023-07-18
377,2023-07-18 14:00:00-04:00,102.73999786376953,102.77999877929688,102.73999786376953,102.77999877929688,1485,0.0,0.0,2023-07-18
378,2023-07-18 14:06:00-04:00,102.74500274658203,102.74500274658203,102.74500274658203,102.74500274658203,657,0.0,0.0,2023-07-18
379,2023-07-18 14:09:00-04:00,102.74500274658203,102.74500274658203,102.74500274658203,102.74500274658203,345,0.0,0.0,2023-07-18
380,2023-07-18 14:10:00-04:00,102.77999877929688,102.77999877929688,102.77999877929688,102.77999877929688,372,0.0,0.0,2023-07-18
381,2023-07-18 14:11:00-04:00,102.72769927978516,102.72769927978516,102.72769927978516,102.72769927978516,457,0.0,0.0,2023-07-18
382,2023-07-18 14:13:00-04:00,102.75,102.75,102.75,102.75,582,0.0,0.0,2023-07-18
383,2023-07-18 14:14:00-04:00,102.81999969482422,102.81999969482422,102.81999969482422,102.81999969482422,455,0.0,0.0,2023-07-18
384,2023-07-18 14:17:00-04:00,102.83000183105469,102.83000183105469,102.83000183105469,102.83000183105469,256,0.0,0.0,2023-07-18
385,2023-07-18 14:19:00-04:00,102.83000183105469,102.83000183105469,102.83000183105469,102.83000183105469,725,0.0,0.0,2023-07-18
386,2023-07-18 14:20:00-04:00,102.87999725341797,102.87999725341797,102.87999725341797,102.87999725341797,345,0.0,0.0,2023-07-18
387,2023-07-18 14:21:00-04:00,102.87999725341797,102.87999725341797,102.87999725341797,102.87999725341797,571,0.0,0.0,2023-07-18
388,2023-07-18 14:22:00-04:00,102.91000366210938,102.97000122070312,102.91000366210938,102.97000122070312,1385,0.0,0.0,2023-07-18
389,2023-07-18 14:23:00-04:00,102.88500213623047,102.88500213623047,102.88500213623047,102.88500213623047,229,0.0,0.0,2023-07-18
390,2023-07-18 14:24:00-04:00,102.88500213623047,102.88500213623047,102.88500213623047,102.88500213623047,1036,0.0,0.0,2023-07-18
391,2023-07-18 14:26:00-04:00,102.87000274658203,102.87000274658203,102.87000274658203,102.87000274658203,121,0.0,0.0,2023-07-18
392,2023-07-18 14:27:00-04:00,102.8499984741211,102.87000274658203,102.71499633789062,102.76000213623047,7149,0.0,0.0,2023-07-18
393,2023-07-18 14:28:00-04:00,102.83999633789062,102.8949966430664,102.83999633789062,102.8949966430664,526,0.0,0.0,2023-07-18
394,2023-07-18 14:29:00-04:00,102.94000244140625,102.94000244140625,102.94000244140625,102.94000244140625,545,0.0,0.0,2023-07-18
395,2023-07-18 14:36:00-04:00,103.00990295410156,103.00990295410156,103.00990295410156,103.00990295410156,938,0.0,0.0,2023-07-18
396,2023-07-18 14:39:00-04:00,102.93000030517578,102.93000030517578,102.93000030517578,102.93000030517578,511,0.0,0.0,2023-07-18
397,2023-07-18 14:40:00-04:00,102.93000030517578,102.93000030517578,102.93000030517578,102.93000030517578,493,0.0,0.0,2023-07-18
398,2023-07-18 14:41:00-04:00,102.8499984741211,102.8499984741211,102.8499984741211,102.8499984741211,416,0.0,0.0,2023-07-18
399,2023-07-18 14:42:00-04:00,102.91999816894531,102.91999816894531,102.91999816894531,102.91999816894531,104,0.0,0.0,2023-07-18
400,2023-07-18 14:43:00-04:00,102.91999816894531,102.91999816894531,102.83999633789062,102.86000061035156,1649,0.0,0.0,2023-07-18
401,2023-07-18 14:44:00-04:00,102.83999633789062,102.83999633789062,102.81999969482422,102.83499908447266,1386,0.0,0.0,2023-07-18
402,2023-07-18 14:45:00-04:00,102.93049621582031,102.93049621582031,102.93049621582031,102.93049621582031,337,0.0,0.0,2023-07-18
403,2023-07-18 14:47:00-04:00,102.94999694824219,103.0,102.94999694824219,103.0,669,0.0,0.0,2023-07-18
404,2023-07-18 14:48:00-04:00,103.05999755859375,103.05999755859375,102.94999694824219,102.98999786376953,1633,0.0,0.0,2023-07-18
405,2023-07-18 14:49:00-04:00,102.9645004272461,102.9645004272461,102.9645004272461,102.9645004272461,379,0.0,0.0,2023-07-18
406,2023-07-18 14:50:00-04:00,102.9000015258789,102.9000015258789,102.84500122070312,102.84500122070312,487,0.0,0.0,2023-07-18
407,2023-07-18 14:52:00-04:00,102.7874984741211,102.7874984741211,102.78500366210938,102.78500366210938,3931,0.0,0.0,2023-07-18
408,2023-07-18 14:53:00-04:00,102.78500366210938,102.78500366210938,102.78500366210938,102.78500366210938,706,0.0,0.0,2023-07-18
409,2023-07-18 14:54:00-04:00,102.7300033569336,102.7300033569336,102.7300033569336,102.7300033569336,222,0.0,0.0,2023-07-18
410,2023-07-18 14:55:00-04:00,102.76000213623047,102.76000213623047,102.73500061035156,102.73500061035156,259,0.0,0.0,2023-07-18
411,2023-07-18 14:56:00-04:00,102.70999908447266,102.70999908447266,102.68000030517578,102.68000030517578,803,0.0,0.0,2023-07-18
412,2023-07-18 14:58:00-04:00,102.72000122070312,102.72000122070312,102.72000122070312,102.72000122070312,535,0.0,0.0,2023-07-18
413,2023-07-18 14:59:00-04:00,102.77999877929688,102.77999877929688,102.77999877929688,102.77999877929688,280,0.0,0.0,2023-07-18
414,2023-07-18 15:01:00-04:00,102.7300033569336,102.74500274658203,102.7300033569336,102.74500274658203,526,0.0,0.0,2023-07-18
415,2023-07-18 15:02:00-04:00,102.80000305175781,102.83000183105469,102.79000091552734,102.83000183105469,1081,0.0,0.0,2023-07-18
416,2023-07-18 15:05:00-04:00,102.87999725341797,102.91000366210938,102.87999725341797,102.91000366210938,1442,0.0,0.0,2023-07-18
417,2023-07-18 15:09:00-04:00,102.95999908447266,103.0,102.95999908447266,103.0,936,0.0,0.0,2023-07-18
418,2023-07-18 15:11:00-04:00,102.98999786376953,102.98999786376953,102.98999786376953,102.98999786376953,878,0.0,0.0,2023-07-18
419,2023-07-18 15:13:00-04:00,102.97000122070312,102.97000122070312,102.97000122070312,102.97000122070312,645,0.0,0.0,2023-07-18
420,2023-07-18 15:16:00-04:00,103.0,103.0,102.97000122070312,102.97000122070312,354,0.0,0.0,2023-07-18
421,2023-07-18 15:17:00-04:00,102.93000030517578,102.93000030517578,102.91000366210938,102.92500305175781,1189,0.0,0.0,2023-07-18
422,2023-07-18 15:18:00-04:00,102.91999816894531,102.91999816894531,102.91999816894531,102.91999816894531,921,0.0,0.0,2023-07-18
423,2023-07-18 15:19:00-04:00,102.8949966430664,102.8949966430664,102.8949966430664,102.8949966430664,362,0.0,0.0,2023-07-18
424,2023-07-18 15:20:00-04:00,102.8949966430664,102.8949966430664,102.79000091552734,102.79000091552734,1215,0.0,0.0,2023-07-18
425,2023-07-18 15:22:00-04:00,102.75,102.75,102.75,102.75,939,0.0,0.0,2023-07-18
426,2023-07-18 15:23:00-04:00,102.80000305175781,102.81999969482422,102.76499938964844,102.76499938964844,1019,0.0,0.0,2023-07-18
427,2023-07-18 15:24:00-04:00,102.86000061035156,102.86000061035156,102.76499938964844,102.82499694824219,2132,0.0,0.0,2023-07-18
428,2023-07-18 15:25:00-04:00,102.81999969482422,102.81999969482422,102.81999969482422,102.81999969482422,361,0.0,0.0,2023-07-18
429,2023-07-18 15:28:00-04:00,102.7750015258789,102.7750015258789,102.76000213623047,102.76499938964844,1023,0.0,0.0,2023-07-18
430,2023-07-18 15:29:00-04:00,102.78500366210938,102.78500366210938,102.78500366210938,102.78500366210938,1102,0.0,0.0,2023-07-18
431,2023-07-18 15:30:00-04:00,102.7699966430664,102.7699966430664,102.70999908447266,102.70999908447266,7993,0.0,0.0,2023-07-18
432,2023-07-18 15:31:00-04:00,102.75,102.75,102.68000030517578,102.73999786376953,1378,0.0,0.0,2023-07-18
433,2023-07-18 15:32:00-04:00,102.69999694824219,102.76000213623047,102.69499969482422,102.76000213623047,1531,0.0,0.0,2023-07-18
434,2023-07-18 15:33:00-04:00,102.72000122070312,102.72000122070312,102.58999633789062,102.63999938964844,10396,0.0,0.0,2023-07-18
435,2023-07-18 15:34:00-04:00,102.6449966430664,102.7300033569336,102.6449966430664,102.70999908447266,2914,0.0,0.0,2023-07-18
436,2023-07-18 15:38:00-04:00,102.78500366210938,102.78500366210938,102.77999877929688,102.77999877929688,825,0.0,0.0,2023-07-18
437,2023-07-18 15:39:00-04:00,102.76000213623047,102.78500366210938,102.75,102.7699966430664,1719,0.0,0.0,2023-07-18
438,2023-07-18 15:40:00-04:00,102.7699966430664,102.80000305175781,102.7509994506836,102.80000305175781,2178,0.0,0.0,2023-07-18
439,2023-07-18 15:41:00-04:00,102.75,102.78500366210938,102.75,102.78500366210938,263,0.0,0.0,2023-07-18
440,2023-07-18 15:42:00-04:00,102.78500366210938,102.80000305175781,102.76000213623047,102.78500366210938,1952,0.0,0.0,2023-07-18
441,2023-07-18 15:43:00-04:00,102.75,102.8499984741211,102.75,102.8499984741211,4273,0.0,0.0,2023-07-18
442,2023-07-18 15:44:00-04:00,102.8499984741211,102.88500213623047,102.8499984741211,102.85900115966797,1539,0.0,0.0,2023-07-18
443,2023-07-18 15:45:00-04:00,102.77999877929688,102.77999877929688,102.77999877929688,102.77999877929688,182,0.0,0.0,2023-07-18
444,2023-07-18 15:46:00-04:00,102.81069946289062,102.86000061035156,102.81069946289062,102.86000061035156,906,0.0,0.0,2023-07-18
445,2023-07-18 15:47:00-04:00,102.83999633789062,102.83999633789062,102.81099700927734,102.81099700927734,490,0.0,0.0,2023-07-18
446,2023-07-18 15:48:00-04:00,102.81999969482422,102.91000366210938,102.81999969482422,102.91000366210938,3046,0.0,0.0,2023-07-18
447,2023-07-18 15:49:00-04:00,102.91500091552734,102.91500091552734,102.88999938964844,102.91500091552734,1117,0.0,0.0,2023-07-18
448,2023-07-18 15:50:00-04:00,102.88999938964844,102.94999694824219,102.88999938964844,102.93499755859375,2704,0.0,0.0,2023-07-18
449,2023-07-18 15:51:00-04:00,102.9000015258789,102.9000015258789,102.86000061035156,102.86000061035156,1852,0.0,0.0,2023-07-18
450,2023-07-18 15:52:00-04:00,102.86000061035156,102.88999938964844,102.8499984741211,102.87000274658203,2708,0.0,0.0,2023-07-18
451,2023-07-18 15:53:00-04:00,102.91000366210938,102.91000366210938,102.87999725341797,102.87999725341797,2467,0.0,0.0,2023-07-18
452,2023-07-18 15:54:00-04:00,102.86000061035156,102.86000061035156,102.72100067138672,102.75,6152,0.0,0.0,2023-07-18
453,2023-07-18 15:55:00-04:00,102.75,102.77999877929688,102.72059631347656,102.76499938964844,2967,0.0,0.0,2023-07-18
454,2023-07-18 15:56:00-04:00,102.79000091552734,102.86000061035156,102.77999877929688,102.81999969482422,2452,0.0,0.0,2023-07-18
455,2023-07-18 15:57:00-04:00,102.80000305175781,102.81999969482422,102.77999877929688,102.81999969482422,1331,0.0,0.0,2023-07-18
456,2023-07-18 15:58:00-04:00,102.79000091552734,102.81999969482422,102.77999877929688,102.77999877929688,4010,0.0,0.0,2023-07-18
457,2023-07-18 15:59:00-04:00,102.7699966430664,102.87999725341797,102.76000213623047,102.87999725341797,9273,0.0,0.0,2023-07-18
458,2023-07-19 09:30:00-04:00,103.33999633789062,103.33999633789062,103.33999633789062,103.33999633789062,4133,0.0,0.0,2023-07-19
459,2023-07-19 09:32:00-04:00,103.38999938964844,103.38999938964844,103.06999969482422,103.06999969482422,586,0.0,0.0,2023-07-19
460,2023-07-19 09:36:00-04:00,102.8499984741211,102.8499984741211,102.83000183105469,102.83000183105469,745,0.0,0.0,2023-07-19
461,2023-07-19 09:37:00-04:00,102.7699966430664,102.7699966430664,102.75,102.75,233,0.0,0.0,2023-07-19
462,2023-07-19 09:38:00-04:00,102.43499755859375,102.43499755859375,102.38999938964844,102.38999938964844,325,0.0,0.0,2023-07-19
463,2023-07-19 09:39:00-04:00,102.30999755859375,102.30999755859375,102.30999755859375,102.30999755859375,486,0.0,0.0,2023-07-19
464,2023-07-19 09:40:00-04:00,102.0999984741211,102.4000015258789,102.0999984741211,102.4000015258789,3635,0.0,0.0,2023-07-19
465,2023-07-19 09:42:00-04:00,102.27300262451172,102.44000244140625,102.27300262451172,102.38999938964844,687,0.0,0.0,2023-07-19
466,2023-07-19 09:43:00-04:00,102.51499938964844,102.51499938964844,102.51499938964844,102.51499938964844,335,0.0,0.0,2023-07-19
467,2023-07-19 09:45:00-04:00,102.55500030517578,102.75,102.55500030517578,102.75,537,0.0,0.0,2023-07-19
468,2023-07-19 09:46:00-04:00,102.49500274658203,102.65499877929688,102.2699966430664,102.65499877929688,3303,0.0,0.0,2023-07-19
469,2023-07-19 09:47:00-04:00,102.4749984741211,102.4749984741211,102.41999816894531,102.41999816894531,514,0.0,0.0,2023-07-19
470,2023-07-19 09:48:00-04:00,102.33999633789062,102.37000274658203,102.27999877929688,102.33999633789062,2700,0.0,0.0,2023-07-19
471,2023-07-19 09:49:00-04:00,102.33999633789062,102.36000061035156,102.33999633789062,102.36000061035156,666,0.0,0.0,2023-07-19
472,2023-07-19 09:50:00-04:00,102.44999694824219,102.44999694824219,102.44999694824219,102.44999694824219,333,0.0,0.0,2023-07-19
473,2023-07-19 09:51:00-04:00,102.44000244140625,102.44000244140625,102.44000244140625,102.44000244140625,388,0.0,0.0,2023-07-19
474,2023-07-19 09:52:00-04:00,102.5999984741211,102.73999786376953,102.5999984741211,102.73999786376953,1713,0.0,0.0,2023-07-19
475,2023-07-19 09:57:00-04:00,102.7699966430664,103.0250015258789,102.7699966430664,103.0250015258789,547,0.0,0.0,2023-07-19
476,2023-07-19 09:58:00-04:00,102.88999938964844,102.88999938964844,102.7699966430664,102.87999725341797,2234,0.0,0.0,2023-07-19
477,2023-07-19 10:02:00-04:00,102.76499938964844,102.76499938964844,102.63999938964844,102.76000213623047,2068,0.0,0.0,2023-07-19
478,2023-07-19 10:04:00-04:00,102.72000122070312,102.80999755859375,102.6500015258789,102.80000305175781,6179,0.0,0.0,2023-07-19
479,2023-07-19 10:05:00-04:00,102.7699966430664,102.80000305175781,102.7699966430664,102.80000305175781,1109,0.0,0.0,2023-07-19
480,2023-07-19 10:06:00-04:00,102.63999938964844,102.79000091552734,102.62999725341797,102.7699966430664,6637,0.0,0.0,2023-07-19
481,2023-07-19 10:07:00-04:00,102.76000213623047,102.76000213623047,102.76000213623047,102.76000213623047,1641,0.0,0.0,2023-07-19
482,2023-07-19 10:08:00-04:00,102.62000274658203,102.62000274658203,102.62000274658203,102.62000274658203,3557,0.0,0.0,2023-07-19
483,2023-07-19 10:10:00-04:00,102.47000122070312,102.47000122070312,102.27999877929688,102.33999633789062,2067,0.0,0.0,2023-07-19
484,2023-07-19 10:14:00-04:00,102.23999786376953,102.23999786376953,102.23999786376953,102.23999786376953,275,0.0,0.0,2023-07-19
485,2023-07-19 10:16:00-04:00,102.23999786376953,102.23999786376953,102.23999786376953,102.23999786376953,859,0.0,0.0,2023-07-19
486,2023-07-19 10:17:00-04:00,102.33999633789062,102.3499984741211,102.33999633789062,102.3499984741211,2052,0.0,0.0,2023-07-19
487,2023-07-19 10:18:00-04:00,102.43000030517578,102.55000305175781,102.43000030517578,102.55000305175781,992,0.0,0.0,2023-07-19
488,2023-07-19 10:20:00-04:00,102.54000091552734,102.54000091552734,102.4749984741211,102.4749984741211,808,0.0,0.0,2023-07-19
489,2023-07-19 10:21:00-04:00,102.47000122070312,102.52999877929688,102.47000122070312,102.52999877929688,1244,0.0,0.0,2023-07-19
490,2023-07-19 10:24:00-04:00,102.5199966430664,102.5199966430664,102.5199966430664,102.5199966430664,157,0.0,0.0,2023-07-19
491,2023-07-19 10:25:00-04:00,102.47000122070312,102.47000122070312,102.44999694824219,102.44999694824219,602,0.0,0.0,2023-07-19
492,2023-07-19 10:26:00-04:00,102.45999908447266,102.5199966430664,102.45999908447266,102.5199966430664,352,0.0,0.0,2023-07-19
493,2023-07-19 10:27:00-04:00,102.3499984741211,102.3499984741211,102.33999633789062,102.33999633789062,1148,0.0,0.0,2023-07-19
494,2023-07-19 10:29:00-04:00,102.25499725341797,102.2699966430664,102.25499725341797,102.2699966430664,638,0.0,0.0,2023-07-19
495,2023-07-19 10:30:00-04:00,102.3550033569336,102.3550033569336,102.3550033569336,102.3550033569336,100,0.0,0.0,2023-07-19
496,2023-07-19 10:31:00-04:00,102.31500244140625,102.31500244140625,102.31500244140625,102.31500244140625,120,0.0,0.0,2023-07-19
497,2023-07-19 10:34:00-04:00,102.30500030517578,102.30500030517578,102.30500030517578,102.30500030517578,282,0.0,0.0,2023-07-19
498,2023-07-19 10:35:00-04:00,102.33999633789062,102.33999633789062,102.33999633789062,102.33999633789062,101,0.0,0.0,2023-07-19
499,2023-07-19 10:37:00-04:00,102.30000305175781,102.3499984741211,102.22000122070312,102.33000183105469,1606,0.0,0.0,2023-07-19
500,2023-07-19 10:38:00-04:00,102.33000183105469,102.33000183105469,102.25,102.2750015258789,515,0.0,0.0,2023-07-19
501,2023-07-19 10:39:00-04:00,102.2750015258789,102.2750015258789,102.2750015258789,102.2750015258789,428,0.0,0.0,2023-07-19
502,2023-07-19 10:42:00-04:00,102.41000366210938,102.41000366210938,102.41000366210938,102.41000366210938,321,0.0,0.0,2023-07-19
503,2023-07-19 10:43:00-04:00,102.3499984741211,102.5,102.33999633789062,102.42500305175781,3675,0.0,0.0,2023-07-19
504,2023-07-19 10:44:00-04:00,102.37000274658203,102.37000274658203,102.19999694824219,102.19999694824219,1286,0.0,0.0,2023-07-19
505,2023-07-19 10:46:00-04:00,102.0199966430664,102.0199966430664,102.0199966430664,102.0199966430664,212,0.0,0.0,2023-07-19
506,2023-07-19 10:47:00-04:00,101.98249816894531,101.98249816894531,101.98249816894531,101.98249816894531,141,0.0,0.0,2023-07-19
507,2023-07-19 10:49:00-04:00,101.98249816894531,101.98249816894531,101.73999786376953,101.73999786376953,485,0.0,0.0,2023-07-19
508,2023-07-19 10:50:00-04:00,101.73999786376953,101.73999786376953,101.73999786376953,101.73999786376953,381,0.0,0.0,2023-07-19
509,2023-07-19 10:52:00-04:00,101.97000122070312,101.97000122070312,101.96499633789062,101.96499633789062,483,0.0,0.0,2023-07-19
510,2023-07-19 10:54:00-04:00,101.77999877929688,101.77999877929688,101.77999877929688,101.77999877929688,103,0.0,0.0,2023-07-19
511,2023-07-19 10:55:00-04:00,101.7699966430664,101.83000183105469,101.7699966430664,101.7699966430664,1060,0.0,0.0,2023-07-19
512,2023-07-19 10:56:00-04:00,101.91999816894531,101.91999816894531,101.91999816894531,101.91999816894531,309,0.0,0.0,2023-07-19
513,2023-07-19 11:00:00-04:00,102.02999877929688,102.02999877929688,102.02999877929688,102.02999877929688,109,0.0,0.0,2023-07-19
514,2023-07-19 11:01:00-04:00,102.04000091552734,102.04000091552734,101.98999786376953,101.98999786376953,1624,0.0,0.0,2023-07-19
515,2023-07-19 11:02:00-04:00,102.08999633789062,102.19000244140625,102.08000183105469,102.19000244140625,863,0.0,0.0,2023-07-19
516,2023-07-19 11:03:00-04:00,102.26709747314453,102.2699966430664,102.26709747314453,102.2699966430664,966,0.0,0.0,2023-07-19
517,2023-07-19 11:05:00-04:00,102.30000305175781,102.31999969482422,102.29000091552734,102.29000091552734,941,0.0,0.0,2023-07-19
518,2023-07-19 11:08:00-04:00,102.30999755859375,102.30999755859375,102.30999755859375,102.30999755859375,237,0.0,0.0,2023-07-19
519,2023-07-19 11:09:00-04:00,102.30999755859375,102.30999755859375,102.30999755859375,102.30999755859375,117,0.0,0.0,2023-07-19
520,2023-07-19 11:10:00-04:00,102.30999755859375,102.30999755859375,102.30999755859375,102.30999755859375,142,0.0,0.0,2023-07-19
521,2023-07-19 11:11:00-04:00,102.30999755859375,102.40499877929688,102.30999755859375,102.38999938964844,559,0.0,0.0,2023-07-19
522,2023-07-19 11:12:00-04:00,102.38999938964844,102.38999938964844,102.38999938964844,102.38999938964844,257,0.0,0.0,2023-07-19
523,2023-07-19 11:13:00-04:00,102.32499694824219,102.32499694824219,102.32499694824219,102.32499694824219,267,0.0,0.0,2023-07-19
524,2023-07-19 11:15:00-04:00,102.32499694824219,102.56999969482422,102.27999877929688,102.56999969482422,2861,0.0,0.0,2023-07-19
525,2023-07-19 11:16:00-04:00,102.47000122070312,102.47000122070312,102.47000122070312,102.47000122070312,436,0.0,0.0,2023-07-19
526,2023-07-19 11:18:00-04:00,102.66000366210938,102.7300033569336,102.66000366210938,102.7300033569336,225,0.0,0.0,2023-07-19
527,2023-07-19 11:19:00-04:00,102.66000366210938,102.68000030517578,102.66000366210938,102.68000030517578,216,0.0,0.0,2023-07-19
528,2023-07-19 11:20:00-04:00,102.75,102.75,102.75,102.75,188,0.0,0.0,2023-07-19
529,2023-07-19 11:22:00-04:00,102.55000305175781,102.55000305175781,102.55000305175781,102.55000305175781,366,0.0,0.0,2023-07-19
530,2023-07-19 11:23:00-04:00,102.6500015258789,102.7699966430664,102.6500015258789,102.7699966430664,449,0.0,0.0,2023-07-19
531,2023-07-19 11:24:00-04:00,102.76000213623047,102.76499938964844,102.66000366210938,102.66000366210938,619,0.0,0.0,2023-07-19
532,2023-07-19 11:25:00-04:00,102.7699966430664,102.7699966430664,102.76000213623047,102.76000213623047,835,0.0,0.0,2023-07-19
533,2023-07-19 11:26:00-04:00,102.76000213623047,102.77999877929688,102.56999969482422,102.56999969482422,1011,0.0,0.0,2023-07-19
534,2023-07-19 11:27:00-04:00,102.66500091552734,102.74220275878906,102.66500091552734,102.74220275878906,397,0.0,0.0,2023-07-19
535,2023-07-19 11:28:00-04:00,102.66500091552734,102.66500091552734,102.66500091552734,102.66500091552734,137,0.0,0.0,2023-07-19
536,2023-07-19 11:29:00-04:00,102.76499938964844,102.7699966430664,102.76499938964844,102.7699966430664,689,0.0,0.0,2023-07-19
537,2023-07-19 11:30:00-04:00,102.7699966430664,102.7699966430664,102.7699966430664,102.7699966430664,135,0.0,0.0,2023-07-19
538,2023-07-19 11:31:00-04:00,102.7334976196289,102.94999694824219,102.7334976196289,102.86000061035156,1182,0.0,0.0,2023-07-19
539,2023-07-19 11:32:00-04:00,103.04630279541016,103.04630279541016,103.04630279541016,103.04630279541016,372,0.0,0.0,2023-07-19
540,2023-07-19 11:35:00-04:00,102.95500183105469,102.9800033569336,102.95500183105469,102.9800033569336,499,0.0,0.0,2023-07-19
541,2023-07-19 11:36:00-04:00,102.95999908447266,102.95999908447266,102.95999908447266,102.95999908447266,138,0.0,0.0,2023-07-19
542,2023-07-19 11:37:00-04:00,102.95999908447266,102.95999908447266,102.95999908447266,102.95999908447266,1517,0.0,0.0,2023-07-19
543,2023-07-19 11:40:00-04:00,102.94000244140625,102.94000244140625,102.88999938964844,102.94000244140625,844,0.0,0.0,2023-07-19
544,2023-07-19 11:41:00-04:00,102.93000030517578,102.93000030517578,102.93000030517578,102.93000030517578,621,0.0,0.0,2023-07-19
545,2023-07-19 11:43:00-04:00,103.05999755859375,103.05999755859375,103.05999755859375,103.05999755859375,668,0.0,0.0,2023-07-19
546,2023-07-19 11:45:00-04:00,103.04000091552734,103.04000091552734,103.04000091552734,103.04000091552734,211,0.0,0.0,2023-07-19
547,2023-07-19 11:46:00-04:00,102.95999908447266,102.95999908447266,102.95999908447266,102.95999908447266,490,0.0,0.0,2023-07-19
548,2023-07-19 11:48:00-04:00,102.87999725341797,103.0,102.87999725341797,102.90750122070312,1497,0.0,0.0,2023-07-19
549,2023-07-19 11:49:00-04:00,102.9800033569336,102.9800033569336,102.9800033569336,102.9800033569336,386,0.0,0.0,2023-07-19
550,2023-07-19 11:50:00-04:00,102.86000061035156,102.86000061035156,102.7699966430664,102.80999755859375,908,0.0,0.0,2023-07-19
551,2023-07-19 11:52:00-04:00,102.76000213623047,102.76000213623047,102.76000213623047,102.76000213623047,574,0.0,0.0,2023-07-19
552,2023-07-19 11:58:00-04:00,102.73999786376953,102.73999786376953,102.73999786376953,102.73999786376953,410,0.0,0.0,2023-07-19
553,2023-07-19 12:00:00-04:00,102.83000183105469,102.83499908447266,102.83000183105469,102.83499908447266,552,0.0,0.0,2023-07-19
554,2023-07-19 12:01:00-04:00,102.79000091552734,102.79000091552734,102.7300033569336,102.7300033569336,728,0.0,0.0,2023-07-19
555,2023-07-19 12:04:00-04:00,102.61000061035156,102.61000061035156,102.56999969482422,102.56999969482422,946,0.0,0.0,2023-07-19
556,2023-07-19 12:07:00-04:00,102.5999984741211,102.6500015258789,102.5999984741211,102.6500015258789,716,0.0,0.0,2023-07-19
557,2023-07-19 12:09:00-04:00,102.69999694824219,102.69999694824219,102.69999694824219,102.69999694824219,567,0.0,0.0,2023-07-19
558,2023-07-19 12:15:00-04:00,102.87999725341797,102.88999938964844,102.87999725341797,102.88999938964844,522,0.0,0.0,2023-07-19
559,2023-07-19 12:20:00-04:00,102.8499984741211,102.8499984741211,102.8499984741211,102.8499984741211,250,0.0,0.0,2023-07-19
560,2023-07-19 12:21:00-04:00,102.94000244140625,102.94999694824219,102.93000030517578,102.93000030517578,1441,0.0,0.0,2023-07-19
561,2023-07-19 12:25:00-04:00,102.8499984741211,102.8499984741211,102.75,102.77999877929688,1945,0.0,0.0,2023-07-19
562,2023-07-19 12:27:00-04:00,102.66000366210938,102.66000366210938,102.66000366210938,102.66000366210938,244,0.0,0.0,2023-07-19
563,2023-07-19 12:29:00-04:00,102.66999816894531,102.66999816894531,102.66999816894531,102.66999816894531,326,0.0,0.0,2023-07-19
564,2023-07-19 12:30:00-04:00,102.58999633789062,102.66000366210938,102.56999969482422,102.66000366210938,971,0.0,0.0,2023-07-19
565,2023-07-19 12:31:00-04:00,102.58000183105469,102.6500015258789,102.58000183105469,102.5999984741211,1354,0.0,0.0,2023-07-19
566,2023-07-19 12:32:00-04:00,102.47229766845703,102.47229766845703,102.47229766845703,102.47229766845703,403,0.0,0.0,2023-07-19
567,2023-07-19 12:36:00-04:00,102.62000274658203,102.62000274658203,102.5999984741211,102.5999984741211,340,0.0,0.0,2023-07-19
568,2023-07-19 12:37:00-04:00,102.56999969482422,102.5999984741211,102.5199966430664,102.56500244140625,1811,0.0,0.0,2023-07-19
569,2023-07-19 12:38:00-04:00,102.56999969482422,102.56999969482422,102.56999969482422,102.56999969482422,516,0.0,0.0,2023-07-19
570,2023-07-19 12:39:00-04:00,102.62999725341797,102.62999725341797,102.62999725341797,102.62999725341797,149,0.0,0.0,2023-07-19
571,2023-07-19 12:42:00-04:00,102.52999877929688,102.52999877929688,102.52999877929688,102.52999877929688,786,0.0,0.0,2023-07-19
572,2023-07-19 12:45:00-04:00,102.5999984741211,102.5999984741211,102.5999984741211,102.5999984741211,231,0.0,0.0,2023-07-19
573,2023-07-19 12:46:00-04:00,102.67500305175781,102.67500305175781,102.67500305175781,102.67500305175781,175,0.0,0.0,2023-07-19
574,2023-07-19 12:48:00-04:00,102.63999938964844,102.68000030517578,102.61000061035156,102.66999816894531,1611,0.0,0.0,2023-07-19
575,2023-07-19 12:51:00-04:00,102.77999877929688,102.81999969482422,102.77999877929688,102.81999969482422,544,0.0,0.0,2023-07-19
576,2023-07-19 12:52:00-04:00,102.9000015258789,102.9000015258789,102.9000015258789,102.9000015258789,497,0.0,0.0,2023-07-19
577,2023-07-19 12:54:00-04:00,103.11499786376953,103.11499786376953,103.11499786376953,103.11499786376953,110,0.0,0.0,2023-07-19
578,2023-07-19 12:56:00-04:00,103.03500366210938,103.03500366210938,103.01499938964844,103.01499938964844,205,0.0,0.0,2023-07-19
579,2023-07-19 12:57:00-04:00,103.01499938964844,103.01499938964844,103.01499938964844,103.01499938964844,327,0.0,0.0,2023-07-19
580,2023-07-19 12:59:00-04:00,103.0199966430664,103.0199966430664,103.0199966430664,103.0199966430664,132,0.0,0.0,2023-07-19
581,2023-07-19 13:01:00-04:00,102.88999938964844,102.88999938964844,102.88999938964844,102.88999938964844,515,0.0,0.0,2023-07-19
582,2023-07-19 13:02:00-04:00,102.91999816894531,102.91999816894531,102.91999816894531,102.91999816894531,136,0.0,0.0,2023-07-19
583,2023-07-19 13:03:00-04:00,102.94999694824219,102.94999694824219,102.94999694824219,102.94999694824219,366,0.0,0.0,2023-07-19
584,2023-07-19 13:04:00-04:00,102.8499984741211,102.8499984741211,102.8499984741211,102.8499984741211,405,0.0,0.0,2023-07-19
585,2023-07-19 13:05:00-04:00,102.80999755859375,102.80999755859375,102.80999755859375,102.80999755859375,395,0.0,0.0,2023-07-19
586,2023-07-19 13:06:00-04:00,102.82679748535156,102.86000061035156,102.80000305175781,102.86000061035156,1156,0.0,0.0,2023-07-19
587,2023-07-19 13:07:00-04:00,102.91999816894531,102.93499755859375,102.91999816894531,102.91999816894531,672,0.0,0.0,2023-07-19
588,2023-07-19 13:08:00-04:00,102.90499877929688,102.90499877929688,102.90499877929688,102.90499877929688,419,0.0,0.0,2023-07-19
589,2023-07-19 13:10:00-04:00,102.97000122070312,102.97000122070312,102.97000122070312,102.97000122070312,265,0.0,0.0,2023-07-19
590,2023-07-19 13:13:00-04:00,102.94499969482422,102.94499969482422,102.94499969482422,102.94499969482422,241,0.0,0.0,2023-07-19
591,2023-07-19 13:14:00-04:00,103.0,103.0,103.0,103.0,1482,0.0,0.0,2023-07-19
592,2023-07-19 13:17:00-04:00,102.95999908447266,102.95999908447266,102.95999908447266,102.95999908447266,207,0.0,0.0,2023-07-19
593,2023-07-19 13:20:00-04:00,102.88999938964844,102.93000030517578,102.88999938964844,102.93000030517578,1016,0.0,0.0,2023-07-19
594,2023-07-19 13:25:00-04:00,102.9000015258789,102.9000015258789,102.9000015258789,102.9000015258789,235,0.0,0.0,2023-07-19
595,2023-07-19 13:26:00-04:00,102.87999725341797,102.87999725341797,102.87999725341797,102.87999725341797,654,0.0,0.0,2023-07-19
596,2023-07-19 13:27:00-04:00,102.94999694824219,103.0,102.94999694824219,103.0,440,0.0,0.0,2023-07-19
597,2023-07-19 13:34:00-04:00,102.94499969482422,102.94499969482422,102.83999633789062,102.83999633789062,476,0.0,0.0,2023-07-19
598,2023-07-19 13:35:00-04:00,102.88999938964844,102.94999694824219,102.83999633789062,102.94999694824219,2193,0.0,0.0,2023-07-19
599,2023-07-19 13:36:00-04:00,102.91999816894531,102.93000030517578,102.87000274658203,102.87999725341797,4208,0.0,0.0,2023-07-19
600,2023-07-19 13:37:00-04:00,102.83000183105469,102.83000183105469,102.83000183105469,102.83000183105469,1014,0.0,0.0,2023-07-19
601,2023-07-19 13:40:00-04:00,102.68000030517578,102.68000030517578,102.68000030517578,102.68000030517578,262,0.0,0.0,2023-07-19
602,2023-07-19 13:42:00-04:00,102.69000244140625,102.69000244140625,102.69000244140625,102.69000244140625,324,0.0,0.0,2023-07-19
603,2023-07-19 13:46:00-04:00,102.5999984741211,102.5999984741211,102.58000183105469,102.58000183105469,1492,0.0,0.0,2023-07-19
604,2023-07-19 13:47:00-04:00,102.58000183105469,102.58000183105469,102.57499694824219,102.57499694824219,415,0.0,0.0,2023-07-19
605,2023-07-19 13:48:00-04:00,102.5999984741211,102.66999816894531,102.5999984741211,102.66999816894531,1308,0.0,0.0,2023-07-19
606,2023-07-19 13:50:00-04:00,102.5999984741211,102.5999984741211,102.5999984741211,102.5999984741211,205,0.0,0.0,2023-07-19
607,2023-07-19 13:52:00-04:00,102.54000091552734,102.54000091552734,102.54000091552734,102.54000091552734,502,0.0,0.0,2023-07-19
608,2023-07-19 13:59:00-04:00,102.54000091552734,102.66000366210938,102.54000091552734,102.66000366210938,3013,0.0,0.0,2023-07-19
609,2023-07-19 14:00:00-04:00,102.62000274658203,102.62000274658203,102.61000061035156,102.61000061035156,466,0.0,0.0,2023-07-19
610,2023-07-19 14:01:00-04:00,102.59500122070312,102.5999984741211,102.59500122070312,102.5999984741211,312,0.0,0.0,2023-07-19
611,2023-07-19 14:02:00-04:00,102.56999969482422,102.56999969482422,102.56999969482422,102.56999969482422,193,0.0,0.0,2023-07-19
612,2023-07-19 14:06:00-04:00,102.53500366210938,102.53500366210938,102.53500366210938,102.53500366210938,111,0.0,0.0,2023-07-19
613,2023-07-19 14:07:00-04:00,102.52999877929688,102.52999877929688,102.52999877929688,102.52999877929688,204,0.0,0.0,2023-07-19
614,2023-07-19 14:08:00-04:00,102.52999877929688,102.58000183105469,102.49500274658203,102.54000091552734,3268,0.0,0.0,2023-07-19
615,2023-07-19 14:13:00-04:00,102.44999694824219,102.44999694824219,102.44999694824219,102.44999694824219,133,0.0,0.0,2023-07-19
616,2023-07-19 14:14:00-04:00,102.36000061035156,102.4749984741211,102.36000061035156,102.4749984741211,2216,0.0,0.0,2023-07-19
617,2023-07-19 14:15:00-04:00,102.47000122070312,102.48500061035156,102.45999908447266,102.48500061035156,815,0.0,0.0,2023-07-19
618,2023-07-19 14:18:00-04:00,102.51000213623047,102.51000213623047,102.51000213623047,102.51000213623047,208,0.0,0.0,2023-07-19
619,2023-07-19 14:22:00-04:00,102.5199966430664,102.54000091552734,102.5199966430664,102.54000091552734,1001,0.0,0.0,2023-07-19
620,2023-07-19 14:23:00-04:00,102.5199966430664,102.5199966430664,102.5199966430664,102.5199966430664,417,0.0,0.0,2023-07-19
621,2023-07-19 14:26:00-04:00,102.58000183105469,102.6500015258789,102.58000183105469,102.6500015258789,1011,0.0,0.0,2023-07-19
622,2023-07-19 14:29:00-04:00,102.5999984741211,102.5999984741211,102.5999984741211,102.5999984741211,211,0.0,0.0,2023-07-19
623,2023-07-19 14:31:00-04:00,102.55999755859375,102.6500015258789,102.55000305175781,102.6500015258789,2024,0.0,0.0,2023-07-19
624,2023-07-19 14:33:00-04:00,102.66000366210938,102.66000366210938,102.66000366210938,102.66000366210938,314,0.0,0.0,2023-07-19
625,2023-07-19 14:35:00-04:00,102.58000183105469,102.62000274658203,102.58000183105469,102.62000274658203,2378,0.0,0.0,2023-07-19
626,2023-07-19 14:42:00-04:00,102.68000030517578,102.72000122070312,102.68000030517578,102.72000122070312,928,0.0,0.0,2023-07-19
627,2023-07-19 14:45:00-04:00,102.75,102.75,102.75,102.75,446,0.0,0.0,2023-07-19
628,2023-07-19 14:46:00-04:00,102.69999694824219,102.69999694824219,102.69999694824219,102.69999694824219,268,0.0,0.0,2023-07-19
629,2023-07-19 14:47:00-04:00,102.6500015258789,102.6500015258789,102.6500015258789,102.6500015258789,109,0.0,0.0,2023-07-19
630,2023-07-19 14:48:00-04:00,102.5999984741211,102.5999984741211,102.5999984741211,102.5999984741211,297,0.0,0.0,2023-07-19
631,2023-07-19 14:50:00-04:00,102.5999984741211,102.62000274658203,102.5999984741211,102.62000274658203,888,0.0,0.0,2023-07-19
632,2023-07-19 14:54:00-04:00,102.5999984741211,102.5999984741211,102.5999984741211,102.5999984741211,369,0.0,0.0,2023-07-19
633,2023-07-19 14:57:00-04:00,102.60810089111328,102.6500015258789,102.60810089111328,102.6500015258789,988,0.0,0.0,2023-07-19
634,2023-07-19 14:58:00-04:00,102.63999938964844,102.63999938964844,102.63999938964844,102.63999938964844,317,0.0,0.0,2023-07-19
635,2023-07-19 15:03:00-04:00,102.58000183105469,102.5999984741211,102.58000183105469,102.5999984741211,1083,0.0,0.0,2023-07-19
636,2023-07-19 15:06:00-04:00,102.61750030517578,102.61750030517578,102.58999633789062,102.58999633789062,319,0.0,0.0,2023-07-19
637,2023-07-19 15:07:00-04:00,102.61499786376953,102.61499786376953,102.61499786376953,102.61499786376953,1294,0.0,0.0,2023-07-19
638,2023-07-19 15:10:00-04:00,102.66000366210938,102.66000366210938,102.6500015258789,102.6500015258789,759,0.0,0.0,2023-07-19
639,2023-07-19 15:11:00-04:00,102.62000274658203,102.62000274658203,102.62000274658203,102.62000274658203,293,0.0,0.0,2023-07-19
640,2023-07-19 15:12:00-04:00,102.66999816894531,102.66999816894531,102.6449966430664,102.6500015258789,727,0.0,0.0,2023-07-19
641,2023-07-19 15:14:00-04:00,102.69000244140625,102.69000244140625,102.69000244140625,102.69000244140625,952,0.0,0.0,2023-07-19
642,2023-07-19 15:16:00-04:00,102.69499969482422,102.69499969482422,102.69499969482422,102.69499969482422,641,0.0,0.0,2023-07-19
643,2023-07-19 15:17:00-04:00,102.7300033569336,102.7300033569336,102.7300033569336,102.7300033569336,1196,0.0,0.0,2023-07-19
644,2023-07-19 15:22:00-04:00,102.73999786376953,102.73999786376953,102.7300033569336,102.7300033569336,319,0.0,0.0,2023-07-19
645,2023-07-19 15:23:00-04:00,102.76000213623047,102.76000213623047,102.7300033569336,102.7300033569336,990,0.0,0.0,2023-07-19
646,2023-07-19 15:24:00-04:00,102.75,102.75,102.72000122070312,102.72000122070312,1347,0.0,0.0,2023-07-19
647,2023-07-19 15:25:00-04:00,102.7300033569336,102.7300033569336,102.7300033569336,102.7300033569336,792,0.0,0.0,2023-07-19
648,2023-07-19 15:27:00-04:00,102.70899963378906,102.70899963378906,102.70899963378906,102.70899963378906,258,0.0,0.0,2023-07-19
649,2023-07-19 15:28:00-04:00,102.69999694824219,102.69999694824219,102.69999694824219,102.69999694824219,391,0.0,0.0,2023-07-19
650,2023-07-19 15:29:00-04:00,102.69999694824219,102.69999694824219,102.69999694824219,102.69999694824219,718,0.0,0.0,2023-07-19
651,2023-07-19 15:30:00-04:00,102.66999816894531,102.69499969482422,102.65499877929688,102.65499877929688,1130,0.0,0.0,2023-07-19
652,2023-07-19 15:31:00-04:00,102.64250183105469,102.64250183105469,102.5999984741211,102.63500213623047,1865,0.0,0.0,2023-07-19
653,2023-07-19 15:32:00-04:00,102.5999984741211,102.63999938964844,102.5999984741211,102.63999938964844,2195,0.0,0.0,2023-07-19
654,2023-07-19 15:33:00-04:00,102.68000030517578,102.69000244140625,102.65750122070312,102.65750122070312,1174,0.0,0.0,2023-07-19
655,2023-07-19 15:34:00-04:00,102.62000274658203,102.68000030517578,102.62000274658203,102.68000030517578,422,0.0,0.0,2023-07-19
656,2023-07-19 15:35:00-04:00,102.66999816894531,102.66999816894531,102.5999984741211,102.5999984741211,1189,0.0,0.0,2023-07-19
657,2023-07-19 15:36:00-04:00,102.6449966430664,102.6449966430664,102.6449966430664,102.6449966430664,256,0.0,0.0,2023-07-19
658,2023-07-19 15:37:00-04:00,102.6449966430664,102.6449966430664,102.5999984741211,102.5999984741211,546,0.0,0.0,2023-07-19
659,2023-07-19 15:38:00-04:00,102.68000030517578,102.69000244140625,102.64099884033203,102.64099884033203,2401,0.0,0.0,2023-07-19
660,2023-07-19 15:39:00-04:00,102.67009735107422,102.69999694824219,102.67009735107422,102.69999694824219,956,0.0,0.0,2023-07-19
661,2023-07-19 15:40:00-04:00,102.66999816894531,102.66999816894531,102.66999816894531,102.66999816894531,174,0.0,0.0,2023-07-19
662,2023-07-19 15:41:00-04:00,102.7300033569336,102.7300033569336,102.7300033569336,102.7300033569336,1138,0.0,0.0,2023-07-19
663,2023-07-19 15:42:00-04:00,102.68099975585938,102.70500183105469,102.68000030517578,102.70500183105469,1246,0.0,0.0,2023-07-19
664,2023-07-19 15:43:00-04:00,102.69000244140625,102.70999908447266,102.69000244140625,102.69000244140625,819,0.0,0.0,2023-07-19
665,2023-07-19 15:44:00-04:00,102.69000244140625,102.70999908447266,102.68000030517578,102.70999908447266,950,0.0,0.0,2023-07-19
666,2023-07-19 15:45:00-04:00,102.68000030517578,102.69000244140625,102.66000366210938,102.66000366210938,1344,0.0,0.0,2023-07-19
667,2023-07-19 15:46:00-04:00,102.66999816894531,102.69499969482422,102.5999984741211,102.5999984741211,1872,0.0,0.0,2023-07-19
668,2023-07-19 15:47:00-04:00,102.62000274658203,102.63500213623047,102.5999984741211,102.5999984741211,1648,0.0,0.0,2023-07-19
669,2023-07-19 15:48:00-04:00,102.5999984741211,102.62000274658203,102.58000183105469,102.6050033569336,3385,0.0,0.0,2023-07-19
670,2023-07-19 15:49:00-04:00,102.5999984741211,102.6449966430664,102.5999984741211,102.6449966430664,2242,0.0,0.0,2023-07-19
671,2023-07-19 15:50:00-04:00,102.6500015258789,102.68000030517578,102.6500015258789,102.68000030517578,1433,0.0,0.0,2023-07-19
672,2023-07-19 15:51:00-04:00,102.75499725341797,102.75499725341797,102.61750030517578,102.61750030517578,1646,0.0,0.0,2023-07-19
673,2023-07-19 15:52:00-04:00,102.59500122070312,102.62999725341797,102.59500122070312,102.5999984741211,812,0.0,0.0,2023-07-19
674,2023-07-19 15:53:00-04:00,102.5999984741211,102.62999725341797,102.58000183105469,102.625,3441,0.0,0.0,2023-07-19
675,2023-07-19 15:54:00-04:00,102.5999984741211,102.62000274658203,102.44000244140625,102.4800033569336,6829,0.0,0.0,2023-07-19
676,2023-07-19 15:55:00-04:00,102.4800033569336,102.4800033569336,102.44000244140625,102.47000122070312,2376,0.0,0.0,2023-07-19
677,2023-07-19 15:56:00-04:00,102.47000122070312,102.57499694824219,102.47000122070312,102.57499694824219,6206,0.0,0.0,2023-07-19
678,2023-07-19 15:57:00-04:00,102.58999633789062,102.63999938964844,102.55000305175781,102.63999938964844,3733,0.0,0.0,2023-07-19
679,2023-07-19 15:58:00-04:00,102.58999633789062,102.62000274658203,102.57499694824219,102.62000274658203,6983,0.0,0.0,2023-07-19
680,2023-07-19 15:59:00-04:00,102.62000274658203,102.69000244140625,102.55999755859375,102.69000244140625,8253,0.0,0.0,2023-07-19
681,2023-07-20 09:30:00-04:00,103.27999877929688,103.27999877929688,103.27999877929688,103.27999877929688,4474,0.0,0.0,2023-07-20
682,2023-07-20 09:34:00-04:00,103.25,103.25,103.20999908447266,103.25,1461,0.0,0.0,2023-07-20
683,2023-07-20 09:36:00-04:00,102.83999633789062,102.83999633789062,102.76000213623047,102.76000213623047,558,0.0,0.0,2023-07-20
684,2023-07-20 09:40:00-04:00,102.55000305175781,102.55000305175781,102.08999633789062,102.3949966430664,1692,0.0,0.0,2023-07-20
685,2023-07-20 09:44:00-04:00,102.1050033569336,102.1050033569336,102.1050033569336,102.1050033569336,354,0.0,0.0,2023-07-20
686,2023-07-20 09:45:00-04:00,102.5,102.5,102.5,102.5,461,0.0,0.0,2023-07-20
687,2023-07-20 09:46:00-04:00,101.69000244140625,101.875,101.4010009765625,101.5199966430664,5107,0.0,0.0,2023-07-20
688,2023-07-20 09:47:00-04:00,101.63999938964844,102.1050033569336,101.63999938964844,102.1050033569336,1225,0.0,0.0,2023-07-20
689,2023-07-20 09:48:00-04:00,102.30999755859375,102.30999755859375,102.30999755859375,102.30999755859375,196,0.0,0.0,2023-07-20
690,2023-07-20 09:49:00-04:00,102.1449966430664,102.1449966430664,102.1449966430664,102.1449966430664,747,0.0,0.0,2023-07-20
691,2023-07-20 09:51:00-04:00,102.61000061035156,102.61000061035156,102.61000061035156,102.61000061035156,135,0.0,0.0,2023-07-20
692,2023-07-20 09:53:00-04:00,102.4000015258789,102.52999877929688,102.4000015258789,102.44999694824219,1403,0.0,0.0,2023-07-20
693,2023-07-20 09:56:00-04:00,102.52999877929688,102.80500030517578,102.52999877929688,102.80500030517578,693,0.0,0.0,2023-07-20
694,2023-07-20 09:57:00-04:00,102.83000183105469,102.83000183105469,102.83000183105469,102.83000183105469,136,0.0,0.0,2023-07-20
695,2023-07-20 09:58:00-04:00,102.7300033569336,102.7300033569336,102.7300033569336,102.7300033569336,207,0.0,0.0,2023-07-20
696,2023-07-20 09:59:00-04:00,102.7300033569336,102.7300033569336,102.7300033569336,102.7300033569336,235,0.0,0.0,2023-07-20
697,2023-07-20 10:00:00-04:00,102.55000305175781,102.68499755859375,102.55000305175781,102.68499755859375,432,0.0,0.0,2023-07-20
698,2023-07-20 10:01:00-04:00,102.55000305175781,102.70500183105469,102.30999755859375,102.30999755859375,3060,0.0,0.0,2023-07-20
699,2023-07-20 10:02:00-04:00,102.37999725341797,102.44999694824219,102.375,102.44999694824219,995,0.0,0.0,2023-07-20
700,2023-07-20 10:03:00-04:00,102.36000061035156,102.36000061035156,102.36000061035156,102.36000061035156,102,0.0,0.0,2023-07-20
701,2023-07-20 10:04:00-04:00,102.34500122070312,102.4800033569336,102.34500122070312,102.38999938964844,3190,0.0,0.0,2023-07-20
702,2023-07-20 10:05:00-04:00,102.33499908447266,102.33499908447266,102.33499908447266,102.33499908447266,127,0.0,0.0,2023-07-20
703,2023-07-20 10:07:00-04:00,102.37000274658203,102.37000274658203,102.30999755859375,102.30999755859375,527,0.0,0.0,2023-07-20
704,2023-07-20 10:08:00-04:00,102.375,102.375,102.375,102.375,205,0.0,0.0,2023-07-20
705,2023-07-20 10:09:00-04:00,102.37000274658203,102.37999725341797,102.11000061035156,102.31999969482422,4513,0.0,0.0,2023-07-20
706,2023-07-20 10:10:00-04:00,102.30500030517578,102.30500030517578,101.85749816894531,101.87000274658203,6871,0.0,0.0,2023-07-20
707,2023-07-20 10:12:00-04:00,101.77999877929688,101.80000305175781,101.77999877929688,101.80000305175781,614,0.0,0.0,2023-07-20
708,2023-07-20 10:13:00-04:00,101.79499816894531,101.79499816894531,101.52999877929688,101.62999725341797,2379,0.0,0.0,2023-07-20
709,2023-07-20 10:14:00-04:00,101.52999877929688,101.62999725341797,101.48999786376953,101.51000213623047,1532,0.0,0.0,2023-07-20
710,2023-07-20 10:15:00-04:00,101.5,101.5999984741211,101.48999786376953,101.51000213623047,2228,0.0,0.0,2023-07-20
711,2023-07-20 10:16:00-04:00,101.51000213623047,101.51000213623047,101.34500122070312,101.34500122070312,985,0.0,0.0,2023-07-20
712,2023-07-20 10:17:00-04:00,101.3499984741211,101.47000122070312,101.19000244140625,101.24500274658203,6747,0.0,0.0,2023-07-20
713,2023-07-20 10:18:00-04:00,101.2699966430664,101.2699966430664,101.24500274658203,101.24500274658203,245,0.0,0.0,2023-07-20
714,2023-07-20 10:19:00-04:00,101.24250030517578,101.24250030517578,101.10250091552734,101.10250091552734,1472,0.0,0.0,2023-07-20
715,2023-07-20 10:21:00-04:00,101.1449966430664,101.37999725341797,101.1449966430664,101.3499984741211,5559,0.0,0.0,2023-07-20
716,2023-07-20 10:23:00-04:00,101.05999755859375,101.05999755859375,101.05000305175781,101.05999755859375,411,0.0,0.0,2023-07-20
717,2023-07-20 10:24:00-04:00,101.05999755859375,101.08999633789062,101.05999755859375,101.05999755859375,538,0.0,0.0,2023-07-20
718,2023-07-20 10:25:00-04:00,101.18000030517578,101.18000030517578,101.0999984741211,101.0999984741211,570,0.0,0.0,2023-07-20
719,2023-07-20 10:26:00-04:00,101.08999633789062,101.0999984741211,101.08000183105469,101.08999633789062,823,0.0,0.0,2023-07-20
720,2023-07-20 10:27:00-04:00,101.08999633789062,101.08999633789062,101.08999633789062,101.08999633789062,231,0.0,0.0,2023-07-20
721,2023-07-20 10:28:00-04:00,101.0999984741211,101.29000091552734,101.0999984741211,101.29000091552734,3423,0.0,0.0,2023-07-20
722,2023-07-20 10:29:00-04:00,101.31500244140625,101.49500274658203,101.27999877929688,101.41000366210938,1219,0.0,0.0,2023-07-20
723,2023-07-20 10:30:00-04:00,101.49500274658203,101.62999725341797,101.49500274658203,101.5,742,0.0,0.0,2023-07-20
724,2023-07-20 10:31:00-04:00,101.54000091552734,101.54000091552734,101.30000305175781,101.30000305175781,1245,0.0,0.0,2023-07-20
725,2023-07-20 10:32:00-04:00,101.38999938964844,101.41999816894531,101.37999725341797,101.41999816894531,532,0.0,0.0,2023-07-20
726,2023-07-20 10:33:00-04:00,101.42500305175781,101.42500305175781,101.33000183105469,101.33000183105469,874,0.0,0.0,2023-07-20
727,2023-07-20 10:34:00-04:00,101.30999755859375,101.36000061035156,101.30999755859375,101.36000061035156,316,0.0,0.0,2023-07-20
728,2023-07-20 10:35:00-04:00,101.3499984741211,101.36419677734375,101.34500122070312,101.36419677734375,696,0.0,0.0,2023-07-20
729,2023-07-20 10:36:00-04:00,101.31999969482422,101.38999938964844,101.19999694824219,101.37999725341797,1480,0.0,0.0,2023-07-20
730,2023-07-20 10:37:00-04:00,101.41500091552734,101.41500091552734,101.0999984741211,101.0999984741211,1389,0.0,0.0,2023-07-20
731,2023-07-20 10:39:00-04:00,101.11000061035156,101.11000061035156,101.04000091552734,101.05999755859375,3950,0.0,0.0,2023-07-20
732,2023-07-20 10:41:00-04:00,101.16000366210938,101.16000366210938,101.16000366210938,101.16000366210938,140,0.0,0.0,2023-07-20
733,2023-07-20 10:43:00-04:00,101.05000305175781,101.05000305175781,100.81999969482422,100.81999969482422,1182,0.0,0.0,2023-07-20
734,2023-07-20 10:44:00-04:00,100.88500213623047,100.88500213623047,100.88500213623047,100.88500213623047,256,0.0,0.0,2023-07-20
735,2023-07-20 10:46:00-04:00,100.88999938964844,100.9749984741211,100.80010223388672,100.9749984741211,1092,0.0,0.0,2023-07-20
736,2023-07-20 10:48:00-04:00,100.90499877929688,100.98999786376953,100.89679718017578,100.98999786376953,1358,0.0,0.0,2023-07-20
737,2023-07-20 10:49:00-04:00,101.03500366210938,101.1050033569336,101.03500366210938,101.1050033569336,271,0.0,0.0,2023-07-20
738,2023-07-20 10:50:00-04:00,101.12000274658203,101.12750244140625,101.12000274658203,101.12750244140625,740,0.0,0.0,2023-07-20
739,2023-07-20 10:51:00-04:00,101.25,101.25,101.25,101.25,186,0.0,0.0,2023-07-20
740,2023-07-20 10:52:00-04:00,101.23880004882812,101.23880004882812,101.23880004882812,101.23880004882812,121,0.0,0.0,2023-07-20
741,2023-07-20 10:53:00-04:00,101.41000366210938,101.41999816894531,101.38999938964844,101.41999816894531,595,0.0,0.0,2023-07-20
742,2023-07-20 10:54:00-04:00,101.37000274658203,101.46499633789062,101.37000274658203,101.46499633789062,421,0.0,0.0,2023-07-20
743,2023-07-20 10:55:00-04:00,101.47000122070312,101.47000122070312,101.45999908447266,101.45999908447266,221,0.0,0.0,2023-07-20
744,2023-07-20 10:56:00-04:00,101.45999908447266,101.4749984741211,101.4000015258789,101.4000015258789,923,0.0,0.0,2023-07-20
745,2023-07-20 10:57:00-04:00,101.30999755859375,101.30999755859375,101.28500366210938,101.29000091552734,738,0.0,0.0,2023-07-20
746,2023-07-20 10:58:00-04:00,101.2750015258789,101.41500091552734,101.2750015258789,101.41500091552734,779,0.0,0.0,2023-07-20
747,2023-07-20 10:59:00-04:00,101.31999969482422,101.33999633789062,101.25,101.33999633789062,1595,0.0,0.0,2023-07-20
748,2023-07-20 11:00:00-04:00,101.29499816894531,101.29499816894531,101.29499816894531,101.29499816894531,123,0.0,0.0,2023-07-20
749,2023-07-20 11:01:00-04:00,101.29499816894531,101.29499816894531,101.29499816894531,101.29499816894531,147,0.0,0.0,2023-07-20
750,2023-07-20 11:02:00-04:00,101.37000274658203,101.41999816894531,101.33000183105469,101.36000061035156,798,0.0,0.0,2023-07-20
751,2023-07-20 11:03:00-04:00,101.37789916992188,101.37999725341797,101.37789916992188,101.37999725341797,340,0.0,0.0,2023-07-20
752,2023-07-20 11:04:00-04:00,101.34500122070312,101.34500122070312,101.34500122070312,101.34500122070312,118,0.0,0.0,2023-07-20
753,2023-07-20 11:05:00-04:00,101.3499984741211,101.3499984741211,101.3499984741211,101.3499984741211,304,0.0,0.0,2023-07-20
754,2023-07-20 11:06:00-04:00,101.3499984741211,101.47000122070312,101.3499984741211,101.47000122070312,730,0.0,0.0,2023-07-20
755,2023-07-20 11:08:00-04:00,101.45999908447266,101.48999786376953,101.36000061035156,101.37999725341797,848,0.0,0.0,2023-07-20
756,2023-07-20 11:09:00-04:00,101.375,101.375,101.30999755859375,101.33999633789062,373,0.0,0.0,2023-07-20
757,2023-07-20 11:10:00-04:00,101.33499908447266,101.33499908447266,101.33499908447266,101.33499908447266,224,0.0,0.0,2023-07-20
758,2023-07-20 11:11:00-04:00,101.45500183105469,101.45500183105469,101.45500183105469,101.45500183105469,117,0.0,0.0,2023-07-20
759,2023-07-20 11:12:00-04:00,101.41000366210938,101.41999816894531,101.41000366210938,101.41999816894531,386,0.0,0.0,2023-07-20
760,2023-07-20 11:13:00-04:00,101.41999816894531,101.44000244140625,101.41999816894531,101.44000244140625,405,0.0,0.0,2023-07-20
761,2023-07-20 11:14:00-04:00,101.46499633789062,101.46499633789062,101.46499633789062,101.46499633789062,138,0.0,0.0,2023-07-20
762,2023-07-20 11:16:00-04:00,101.5,101.54499816894531,101.4800033569336,101.54499816894531,655,0.0,0.0,2023-07-20
763,2023-07-20 11:17:00-04:00,101.4800033569336,101.48500061035156,101.4800033569336,101.48500061035156,381,0.0,0.0,2023-07-20
764,2023-07-20 11:18:00-04:00,101.55000305175781,101.58000183105469,101.51499938964844,101.52999877929688,1506,0.0,0.0,2023-07-20
765,2023-07-20 11:19:00-04:00,101.47000122070312,101.47000122070312,101.44000244140625,101.44000244140625,700,0.0,0.0,2023-07-20
766,2023-07-20 11:20:00-04:00,101.44999694824219,101.44999694824219,101.43000030517578,101.43000030517578,417,0.0,0.0,2023-07-20
767,2023-07-20 11:21:00-04:00,101.43000030517578,101.44999694824219,101.43000030517578,101.44999694824219,239,0.0,0.0,2023-07-20
768,2023-07-20 11:22:00-04:00,101.41999816894531,101.41999816894531,101.2699966430664,101.2699966430664,1118,0.0,0.0,2023-07-20
769,2023-07-20 11:24:00-04:00,101.2699966430664,101.2699966430664,101.12000274658203,101.12000274658203,353,0.0,0.0,2023-07-20
770,2023-07-20 11:25:00-04:00,101.11499786376953,101.125,101.11499786376953,101.125,639,0.0,0.0,2023-07-20
771,2023-07-20 11:26:00-04:00,101.125,101.16999816894531,101.125,101.13999938964844,756,0.0,0.0,2023-07-20
772,2023-07-20 11:27:00-04:00,101.16500091552734,101.18000030517578,101.16500091552734,101.18000030517578,224,0.0,0.0,2023-07-20
773,2023-07-20 11:28:00-04:00,101.0999984741211,101.0999984741211,101.05000305175781,101.05000305175781,977,0.0,0.0,2023-07-20
774,2023-07-20 11:30:00-04:00,101.04499816894531,101.04499816894531,101.04499816894531,101.04499816894531,158,0.0,0.0,2023-07-20
775,2023-07-20 11:31:00-04:00,101.04499816894531,101.04499816894531,101.04499816894531,101.04499816894531,104,0.0,0.0,2023-07-20
776,2023-07-20 11:32:00-04:00,101.05500030517578,101.12000274658203,101.05500030517578,101.12000274658203,949,0.0,0.0,2023-07-20
777,2023-07-20 11:34:00-04:00,101.02999877929688,101.0999984741211,101.02999877929688,101.06500244140625,761,0.0,0.0,2023-07-20
778,2023-07-20 11:35:00-04:00,101.15499877929688,101.15499877929688,101.15499877929688,101.15499877929688,209,0.0,0.0,2023-07-20
779,2023-07-20 11:36:00-04:00,101.20999908447266,101.20999908447266,101.16500091552734,101.16500091552734,896,0.0,0.0,2023-07-20
780,2023-07-20 11:38:00-04:00,101.16500091552734,101.16500091552734,101.11000061035156,101.12999725341797,708,0.0,0.0,2023-07-20
781,2023-07-20 11:39:00-04:00,101.1449966430664,101.1449966430664,101.1449966430664,101.1449966430664,144,0.0,0.0,2023-07-20
782,2023-07-20 11:40:00-04:00,101.22000122070312,101.23500061035156,101.22000122070312,101.23500061035156,842,0.0,0.0,2023-07-20
783,2023-07-20 11:41:00-04:00,101.31999969482422,101.31999969482422,101.30000305175781,101.30000305175781,204,0.0,0.0,2023-07-20
784,2023-07-20 11:42:00-04:00,101.30000305175781,101.32499694824219,101.26000213623047,101.2699966430664,2642,0.0,0.0,2023-07-20
785,2023-07-20 11:43:00-04:00,101.2300033569336,101.2300033569336,101.2300033569336,101.2300033569336,156,0.0,0.0,2023-07-20
786,2023-07-20 11:44:00-04:00,101.25,101.25,101.25,101.25,510,0.0,0.0,2023-07-20
787,2023-07-20 11:46:00-04:00,101.04000091552734,101.04000091552734,101.04000091552734,101.04000091552734,111,0.0,0.0,2023-07-20
788,2023-07-20 11:47:00-04:00,101.04499816894531,101.05000305175781,101.04499816894531,101.05000305175781,310,0.0,0.0,2023-07-20
789,2023-07-20 11:48:00-04:00,101.02999877929688,101.02999877929688,101.02999877929688,101.02999877929688,333,0.0,0.0,2023-07-20
790,2023-07-20 11:49:00-04:00,101.08999633789062,101.1500015258789,101.08999633789062,101.125,947,0.0,0.0,2023-07-20
791,2023-07-20 11:51:00-04:00,101.20999908447266,101.20999908447266,101.20999908447266,101.20999908447266,309,0.0,0.0,2023-07-20
792,2023-07-20 11:52:00-04:00,101.26000213623047,101.33999633789062,101.26000213623047,101.33999633789062,640,0.0,0.0,2023-07-20
793,2023-07-20 11:53:00-04:00,101.47000122070312,101.52999877929688,101.47000122070312,101.48500061035156,820,0.0,0.0,2023-07-20
794,2023-07-20 11:54:00-04:00,101.56500244140625,101.57499694824219,101.56500244140625,101.57499694824219,350,0.0,0.0,2023-07-20
795,2023-07-20 11:55:00-04:00,101.5999984741211,101.69999694824219,101.5999984741211,101.69999694824219,476,0.0,0.0,2023-07-20
796,2023-07-20 11:56:00-04:00,101.5999984741211,101.70999908447266,101.5999984741211,101.70999908447266,599,0.0,0.0,2023-07-20
797,2023-07-20 11:57:00-04:00,101.5999984741211,101.63999938964844,101.55999755859375,101.58999633789062,2254,0.0,0.0,2023-07-20
798,2023-07-20 12:00:00-04:00,101.5999984741211,101.5999984741211,101.5999984741211,101.5999984741211,106,0.0,0.0,2023-07-20
799,2023-07-20 12:01:00-04:00,101.625,101.625,101.54000091552734,101.54000091552734,851,0.0,0.0,2023-07-20
800,2023-07-20 12:04:00-04:00,101.56500244140625,101.61000061035156,101.55860137939453,101.56500244140625,911,0.0,0.0,2023-07-20
801,2023-07-20 12:05:00-04:00,101.56500244140625,101.56500244140625,101.56500244140625,101.56500244140625,281,0.0,0.0,2023-07-20
802,2023-07-20 12:06:00-04:00,101.62000274658203,101.62000274658203,101.62000274658203,101.62000274658203,767,0.0,0.0,2023-07-20
803,2023-07-20 12:07:00-04:00,101.6050033569336,101.6500015258789,101.5999984741211,101.6500015258789,1199,0.0,0.0,2023-07-20
804,2023-07-20 12:09:00-04:00,101.69000244140625,101.77999877929688,101.69000244140625,101.73999786376953,640,0.0,0.0,2023-07-20
805,2023-07-20 12:10:00-04:00,101.77999877929688,101.77999877929688,101.76000213623047,101.76000213623047,405,0.0,0.0,2023-07-20
806,2023-07-20 12:11:00-04:00,101.79000091552734,101.80000305175781,101.79000091552734,101.79000091552734,767,0.0,0.0,2023-07-20
807,2023-07-20 12:12:00-04:00,101.88999938964844,101.88999938964844,101.88999938964844,101.88999938964844,103,0.0,0.0,2023-07-20
808,2023-07-20 12:13:00-04:00,101.81999969482422,101.81999969482422,101.75,101.80999755859375,2333,0.0,0.0,2023-07-20
809,2023-07-20 12:14:00-04:00,101.83999633789062,101.83999633789062,101.72949981689453,101.79000091552734,1361,0.0,0.0,2023-07-20
810,2023-07-20 12:15:00-04:00,101.78500366210938,101.78500366210938,101.78500366210938,101.78500366210938,379,0.0,0.0,2023-07-20
811,2023-07-20 12:16:00-04:00,101.875,101.91000366210938,101.875,101.91000366210938,469,0.0,0.0,2023-07-20
812,2023-07-20 12:17:00-04:00,101.94999694824219,102.02999877929688,101.94999694824219,102.02999877929688,1354,0.0,0.0,2023-07-20
813,2023-07-20 12:18:00-04:00,102.04000091552734,102.04000091552734,102.04000091552734,102.04000091552734,827,0.0,0.0,2023-07-20
814,2023-07-20 12:19:00-04:00,102.0250015258789,102.05000305175781,102.01000213623047,102.01000213623047,707,0.0,0.0,2023-07-20
815,2023-07-20 12:20:00-04:00,102.01000213623047,102.01000213623047,101.875,101.91999816894531,873,0.0,0.0,2023-07-20
816,2023-07-20 12:21:00-04:00,101.8843994140625,101.9000015258789,101.69999694824219,101.69999694824219,1576,0.0,0.0,2023-07-20
817,2023-07-20 12:22:00-04:00,101.69000244140625,101.71499633789062,101.69000244140625,101.71499633789062,447,0.0,0.0,2023-07-20
818,2023-07-20 12:23:00-04:00,101.625,101.625,101.625,101.625,105,0.0,0.0,2023-07-20
819,2023-07-20 12:24:00-04:00,101.61499786376953,101.61499786376953,101.58999633789062,101.61499786376953,2015,0.0,0.0,2023-07-20
820,2023-07-20 12:26:00-04:00,101.61499786376953,101.61499786376953,101.61499786376953,101.61499786376953,510,0.0,0.0,2023-07-20
821,2023-07-20 12:27:00-04:00,101.69999694824219,101.69999694824219,101.69999694824219,101.69999694824219,260,0.0,0.0,2023-07-20
822,2023-07-20 12:28:00-04:00,101.79000091552734,101.79000091552734,101.76000213623047,101.76000213623047,253,0.0,0.0,2023-07-20
823,2023-07-20 12:29:00-04:00,101.77999877929688,101.77999877929688,101.77999877929688,101.77999877929688,146,0.0,0.0,2023-07-20
824,2023-07-20 12:30:00-04:00,101.66000366210938,101.73999786376953,101.61499786376953,101.61499786376953,1642,0.0,0.0,2023-07-20
825,2023-07-20 12:31:00-04:00,101.6500015258789,101.6500015258789,101.6500015258789,101.6500015258789,118,0.0,0.0,2023-07-20
826,2023-07-20 12:32:00-04:00,101.53170013427734,101.5999984741211,101.53170013427734,101.5999984741211,488,0.0,0.0,2023-07-20
827,2023-07-20 12:34:00-04:00,101.55000305175781,101.55000305175781,101.55000305175781,101.55000305175781,109,0.0,0.0,2023-07-20
828,2023-07-20 12:35:00-04:00,101.54000091552734,101.54000091552734,101.54000091552734,101.54000091552734,293,0.0,0.0,2023-07-20
829,2023-07-20 12:36:00-04:00,101.54000091552734,101.54000091552734,101.54000091552734,101.54000091552734,121,0.0,0.0,2023-07-20
830,2023-07-20 12:37:00-04:00,101.4800033569336,101.4800033569336,101.4000015258789,101.4000015258789,904,0.0,0.0,2023-07-20
831,2023-07-20 12:38:00-04:00,101.43000030517578,101.43000030517578,101.41999816894531,101.41999816894531,868,0.0,0.0,2023-07-20
832,2023-07-20 12:39:00-04:00,101.4800033569336,101.4800033569336,101.4800033569336,101.4800033569336,100,0.0,0.0,2023-07-20
833,2023-07-20 12:40:00-04:00,101.46499633789062,101.5199966430664,101.46499633789062,101.5199966430664,375,0.0,0.0,2023-07-20
834,2023-07-20 12:41:00-04:00,101.53500366210938,101.63500213623047,101.52999877929688,101.63500213623047,820,0.0,0.0,2023-07-20
835,2023-07-20 12:42:00-04:00,101.63999938964844,101.69999694824219,101.63999938964844,101.69999694824219,432,0.0,0.0,2023-07-20
836,2023-07-20 12:44:00-04:00,101.68000030517578,101.72000122070312,101.61000061035156,101.61000061035156,816,0.0,0.0,2023-07-20
837,2023-07-20 12:45:00-04:00,101.56999969482422,101.56999969482422,101.56999969482422,101.56999969482422,136,0.0,0.0,2023-07-20
838,2023-07-20 12:47:00-04:00,101.61000061035156,101.70999908447266,101.61000061035156,101.70999908447266,526,0.0,0.0,2023-07-20
839,2023-07-20 12:48:00-04:00,101.66000366210938,101.69499969482422,101.62449645996094,101.69499969482422,1051,0.0,0.0,2023-07-20
840,2023-07-20 12:50:00-04:00,101.70999908447266,101.70999908447266,101.70999908447266,101.70999908447266,262,0.0,0.0,2023-07-20
841,2023-07-20 12:51:00-04:00,101.73500061035156,101.73500061035156,101.73500061035156,101.73500061035156,228,0.0,0.0,2023-07-20
842,2023-07-20 12:53:00-04:00,101.73500061035156,101.73500061035156,101.73500061035156,101.73500061035156,103,0.0,0.0,2023-07-20
843,2023-07-20 12:54:00-04:00,101.63999938964844,101.7300033569336,101.63999938964844,101.7300033569336,872,0.0,0.0,2023-07-20
844,2023-07-20 12:55:00-04:00,101.7300033569336,101.7300033569336,101.7300033569336,101.7300033569336,105,0.0,0.0,2023-07-20
845,2023-07-20 12:56:00-04:00,101.62999725341797,101.68000030517578,101.62999725341797,101.68000030517578,979,0.0,0.0,2023-07-20
846,2023-07-20 12:58:00-04:00,101.6050033569336,101.6050033569336,101.55500030517578,101.55500030517578,584,0.0,0.0,2023-07-20
847,2023-07-20 13:00:00-04:00,101.58499908447266,101.58499908447266,101.58499908447266,101.58499908447266,216,0.0,0.0,2023-07-20
848,2023-07-20 13:02:00-04:00,101.54000091552734,101.54000091552734,101.52999877929688,101.52999877929688,1254,0.0,0.0,2023-07-20
849,2023-07-20 13:03:00-04:00,101.46499633789062,101.46499633789062,101.46499633789062,101.46499633789062,177,0.0,0.0,2023-07-20
850,2023-07-20 13:04:00-04:00,101.49500274658203,101.49500274658203,101.49500274658203,101.49500274658203,266,0.0,0.0,2023-07-20
851,2023-07-20 13:06:00-04:00,101.55000305175781,101.61000061035156,101.55000305175781,101.61000061035156,1381,0.0,0.0,2023-07-20
852,2023-07-20 13:07:00-04:00,101.59500122070312,101.59500122070312,101.59500122070312,101.59500122070312,262,0.0,0.0,2023-07-20
853,2023-07-20 13:08:00-04:00,101.62000274658203,101.62000274658203,101.62000274658203,101.62000274658203,143,0.0,0.0,2023-07-20
854,2023-07-20 13:10:00-04:00,101.61000061035156,101.61000061035156,101.61000061035156,101.61000061035156,606,0.0,0.0,2023-07-20
855,2023-07-20 13:11:00-04:00,101.66999816894531,101.66999816894531,101.66999816894531,101.66999816894531,695,0.0,0.0,2023-07-20
856,2023-07-20 13:16:00-04:00,101.7699966430664,101.7699966430664,101.66999816894531,101.68000030517578,912,0.0,0.0,2023-07-20
857,2023-07-20 13:17:00-04:00,101.79000091552734,101.79000091552734,101.73999786376953,101.73999786376953,360,0.0,0.0,2023-07-20
858,2023-07-20 13:18:00-04:00,101.66000366210938,101.66000366210938,101.62000274658203,101.63999938964844,653,0.0,0.0,2023-07-20
859,2023-07-20 13:19:00-04:00,101.51000213623047,101.51000213623047,101.51000213623047,101.51000213623047,157,0.0,0.0,2023-07-20
860,2023-07-20 13:20:00-04:00,101.51000213623047,101.5199966430664,101.51000213623047,101.5199966430664,655,0.0,0.0,2023-07-20
861,2023-07-20 13:21:00-04:00,101.62000274658203,101.62000274658203,101.62000274658203,101.62000274658203,552,0.0,0.0,2023-07-20
862,2023-07-20 13:22:00-04:00,101.58999633789062,101.58999633789062,101.58999633789062,101.58999633789062,304,0.0,0.0,2023-07-20
863,2023-07-20 13:24:00-04:00,101.57009887695312,101.62000274658203,101.57009887695312,101.61499786376953,1224,0.0,0.0,2023-07-20
864,2023-07-20 13:28:00-04:00,101.66999816894531,101.66999816894531,101.6500015258789,101.6500015258789,753,0.0,0.0,2023-07-20
865,2023-07-20 13:30:00-04:00,101.6500015258789,101.6500015258789,101.43000030517578,101.43000030517578,1171,0.0,0.0,2023-07-20
866,2023-07-20 13:31:00-04:00,101.44000244140625,101.44000244140625,101.44000244140625,101.44000244140625,563,0.0,0.0,2023-07-20
867,2023-07-20 13:33:00-04:00,101.61499786376953,101.63500213623047,101.61499786376953,101.63500213623047,543,0.0,0.0,2023-07-20
868,2023-07-20 13:37:00-04:00,101.69499969482422,101.69499969482422,101.69499969482422,101.69499969482422,362,0.0,0.0,2023-07-20
869,2023-07-20 13:38:00-04:00,101.69499969482422,101.69499969482422,101.69499969482422,101.69499969482422,169,0.0,0.0,2023-07-20
870,2023-07-20 13:39:00-04:00,101.62999725341797,101.62999725341797,101.5999984741211,101.5999984741211,757,0.0,0.0,2023-07-20
871,2023-07-20 13:40:00-04:00,101.48999786376953,101.52999877929688,101.4749984741211,101.52999877929688,377,0.0,0.0,2023-07-20
872,2023-07-20 13:41:00-04:00,101.52999877929688,101.58000183105469,101.4749984741211,101.52999877929688,699,0.0,0.0,2023-07-20
873,2023-07-20 13:42:00-04:00,101.58000183105469,101.58000183105469,101.58000183105469,101.58000183105469,299,0.0,0.0,2023-07-20
874,2023-07-20 13:46:00-04:00,101.55000305175781,101.55000305175781,101.55000305175781,101.55000305175781,265,0.0,0.0,2023-07-20
875,2023-07-20 13:48:00-04:00,101.51000213623047,101.55500030517578,101.5,101.5,464,0.0,0.0,2023-07-20
876,2023-07-20 13:49:00-04:00,101.58000183105469,101.58499908447266,101.58000183105469,101.58499908447266,906,0.0,0.0,2023-07-20
877,2023-07-20 13:50:00-04:00,101.66000366210938,101.71499633789062,101.6500015258789,101.71499633789062,769,0.0,0.0,2023-07-20
878,2023-07-20 13:51:00-04:00,101.72000122070312,101.72000122070312,101.72000122070312,101.72000122070312,255,0.0,0.0,2023-07-20
879,2023-07-20 13:52:00-04:00,101.75,101.75,101.75,101.75,200,0.0,0.0,2023-07-20
880,2023-07-20 13:53:00-04:00,101.73999786376953,101.73999786376953,101.73999786376953,101.73999786376953,143,0.0,0.0,2023-07-20
881,2023-07-20 13:54:00-04:00,101.7249984741211,101.7249984741211,101.61000061035156,101.61000061035156,730,0.0,0.0,2023-07-20
882,2023-07-20 13:55:00-04:00,101.6050033569336,101.6050033569336,101.6050033569336,101.6050033569336,287,0.0,0.0,2023-07-20
883,2023-07-20 13:58:00-04:00,101.52999877929688,101.59500122070312,101.5250015258789,101.5250015258789,472,0.0,0.0,2023-07-20
884,2023-07-20 13:59:00-04:00,101.53500366210938,101.53500366210938,101.53500366210938,101.53500366210938,150,0.0,0.0,2023-07-20
885,2023-07-20 14:00:00-04:00,101.53500366210938,101.53500366210938,101.53500366210938,101.53500366210938,103,0.0,0.0,2023-07-20
886,2023-07-20 14:01:00-04:00,101.53500366210938,101.53500366210938,101.47000122070312,101.47000122070312,487,0.0,0.0,2023-07-20
887,2023-07-20 14:02:00-04:00,101.5,101.5250015258789,101.5,101.5250015258789,468,0.0,0.0,2023-07-20
888,2023-07-20 14:03:00-04:00,101.47000122070312,101.47000122070312,101.47000122070312,101.47000122070312,546,0.0,0.0,2023-07-20
889,2023-07-20 14:04:00-04:00,101.4800033569336,101.4800033569336,101.4800033569336,101.4800033569336,308,0.0,0.0,2023-07-20
890,2023-07-20 14:05:00-04:00,101.5,101.5,101.5,101.5,103,0.0,0.0,2023-07-20
891,2023-07-20 14:06:00-04:00,101.5,101.5,101.5,101.5,409,0.0,0.0,2023-07-20
892,2023-07-20 14:07:00-04:00,101.58000183105469,101.58000183105469,101.58000183105469,101.58000183105469,398,0.0,0.0,2023-07-20
893,2023-07-20 14:08:00-04:00,101.58000183105469,101.58000183105469,101.58000183105469,101.58000183105469,215,0.0,0.0,2023-07-20
894,2023-07-20 14:09:00-04:00,101.58000183105469,101.58000183105469,101.58000183105469,101.58000183105469,348,0.0,0.0,2023-07-20
895,2023-07-20 14:10:00-04:00,101.52999877929688,101.52999877929688,101.5199966430664,101.52999877929688,373,0.0,0.0,2023-07-20
896,2023-07-20 14:11:00-04:00,101.53500366210938,101.55999755859375,101.53500366210938,101.55999755859375,508,0.0,0.0,2023-07-20
897,2023-07-20 14:13:00-04:00,101.61499786376953,101.61499786376953,101.61499786376953,101.61499786376953,102,0.0,0.0,2023-07-20
898,2023-07-20 14:14:00-04:00,101.61499786376953,101.61499786376953,101.61499786376953,101.61499786376953,130,0.0,0.0,2023-07-20
899,2023-07-20 14:15:00-04:00,101.61499786376953,101.61499786376953,101.61499786376953,101.61499786376953,164,0.0,0.0,2023-07-20
900,2023-07-20 14:16:00-04:00,101.56999969482422,101.56999969482422,101.51000213623047,101.51000213623047,517,0.0,0.0,2023-07-20
901,2023-07-20 14:17:00-04:00,101.4749984741211,101.4749984741211,101.4749984741211,101.4749984741211,109,0.0,0.0,2023-07-20
902,2023-07-20 14:19:00-04:00,101.4800033569336,101.4800033569336,101.46499633789062,101.46499633789062,218,0.0,0.0,2023-07-20
903,2023-07-20 14:20:00-04:00,101.46499633789062,101.46499633789062,101.46499633789062,101.46499633789062,877,0.0,0.0,2023-07-20
904,2023-07-20 14:21:00-04:00,101.54000091552734,101.6050033569336,101.5199966430664,101.55999755859375,1706,0.0,0.0,2023-07-20
905,2023-07-20 14:22:00-04:00,101.59500122070312,101.66000366210938,101.59500122070312,101.66000366210938,496,0.0,0.0,2023-07-20
906,2023-07-20 14:23:00-04:00,101.69999694824219,101.69999694824219,101.69999694824219,101.69999694824219,159,0.0,0.0,2023-07-20
907,2023-07-20 14:25:00-04:00,101.69000244140625,101.69000244140625,101.58000183105469,101.58499908447266,1628,0.0,0.0,2023-07-20
908,2023-07-20 14:26:00-04:00,101.58499908447266,101.58499908447266,101.58499908447266,101.58499908447266,338,0.0,0.0,2023-07-20
909,2023-07-20 14:27:00-04:00,101.58000183105469,101.58000183105469,101.58000183105469,101.58000183105469,129,0.0,0.0,2023-07-20
910,2023-07-20 14:28:00-04:00,101.48500061035156,101.48500061035156,101.48500061035156,101.48500061035156,216,0.0,0.0,2023-07-20
911,2023-07-20 14:29:00-04:00,101.41000366210938,101.51000213623047,101.41000366210938,101.4749984741211,684,0.0,0.0,2023-07-20
912,2023-07-20 14:30:00-04:00,101.4749984741211,101.53500366210938,101.4749984741211,101.53500366210938,467,0.0,0.0,2023-07-20
913,2023-07-20 14:32:00-04:00,101.5199966430664,101.5199966430664,101.5199966430664,101.5199966430664,462,0.0,0.0,2023-07-20
914,2023-07-20 14:34:00-04:00,101.55000305175781,101.55000305175781,101.5250015258789,101.5250015258789,538,0.0,0.0,2023-07-20
915,2023-07-20 14:35:00-04:00,101.5199966430664,101.63999938964844,101.5199966430664,101.57499694824219,1247,0.0,0.0,2023-07-20
916,2023-07-20 14:36:00-04:00,101.58499908447266,101.58499908447266,101.58499908447266,101.58499908447266,261,0.0,0.0,2023-07-20
917,2023-07-20 14:37:00-04:00,101.66999816894531,101.72000122070312,101.66999816894531,101.72000122070312,510,0.0,0.0,2023-07-20
918,2023-07-20 14:38:00-04:00,101.76000213623047,101.76000213623047,101.76000213623047,101.76000213623047,114,0.0,0.0,2023-07-20
919,2023-07-20 14:39:00-04:00,101.76000213623047,101.8550033569336,101.73999786376953,101.8550033569336,656,0.0,0.0,2023-07-20
920,2023-07-20 14:40:00-04:00,101.75499725341797,101.75499725341797,101.70999908447266,101.70999908447266,1133,0.0,0.0,2023-07-20
921,2023-07-20 14:41:00-04:00,101.69000244140625,101.69499969482422,101.63999938964844,101.63999938964844,901,0.0,0.0,2023-07-20
922,2023-07-20 14:42:00-04:00,101.63500213623047,101.63999938964844,101.54499816894531,101.54499816894531,1920,0.0,0.0,2023-07-20
923,2023-07-20 14:43:00-04:00,101.5199966430664,101.5199966430664,101.5199966430664,101.5199966430664,100,0.0,0.0,2023-07-20
924,2023-07-20 14:44:00-04:00,101.5199966430664,101.5199966430664,101.5199966430664,101.5199966430664,602,0.0,0.0,2023-07-20
925,2023-07-20 14:45:00-04:00,101.51000213623047,101.51000213623047,101.49500274658203,101.49500274658203,348,0.0,0.0,2023-07-20
926,2023-07-20 14:46:00-04:00,101.49500274658203,101.49500274658203,101.49500274658203,101.49500274658203,307,0.0,0.0,2023-07-20
927,2023-07-20 14:47:00-04:00,101.49500274658203,101.55000305175781,101.49500274658203,101.55000305175781,722,0.0,0.0,2023-07-20
928,2023-07-20 14:48:00-04:00,101.54000091552734,101.58000183105469,101.5199966430664,101.55000305175781,993,0.0,0.0,2023-07-20
929,2023-07-20 14:49:00-04:00,101.55000305175781,101.55000305175781,101.55000305175781,101.55000305175781,208,0.0,0.0,2023-07-20
930,2023-07-20 14:50:00-04:00,101.5999984741211,101.6500015258789,101.5999984741211,101.625,1731,0.0,0.0,2023-07-20
931,2023-07-20 14:51:00-04:00,101.65499877929688,101.65499877929688,101.65499877929688,101.65499877929688,104,0.0,0.0,2023-07-20
932,2023-07-20 14:52:00-04:00,101.62000274658203,101.62000274658203,101.52999877929688,101.55000305175781,1002,0.0,0.0,2023-07-20
933,2023-07-20 14:53:00-04:00,101.55500030517578,101.55500030517578,101.55500030517578,101.55500030517578,140,0.0,0.0,2023-07-20
934,2023-07-20 14:54:00-04:00,101.55500030517578,101.55500030517578,101.55500030517578,101.55500030517578,133,0.0,0.0,2023-07-20
935,2023-07-20 14:55:00-04:00,101.58000183105469,101.58000183105469,101.58000183105469,101.58000183105469,144,0.0,0.0,2023-07-20
936,2023-07-20 14:56:00-04:00,101.55500030517578,101.55500030517578,101.51000213623047,101.51000213623047,399,0.0,0.0,2023-07-20
937,2023-07-20 14:57:00-04:00,101.5199966430664,101.5999984741211,101.5199966430664,101.5999984741211,1159,0.0,0.0,2023-07-20
938,2023-07-20 14:58:00-04:00,101.54000091552734,101.55000305175781,101.5,101.55000305175781,717,0.0,0.0,2023-07-20
939,2023-07-20 14:59:00-04:00,101.56999969482422,101.56999969482422,101.56999969482422,101.56999969482422,137,0.0,0.0,2023-07-20
940,2023-07-20 15:00:00-04:00,101.5199966430664,101.52999877929688,101.48999786376953,101.52999877929688,806,0.0,0.0,2023-07-20
941,2023-07-20 15:01:00-04:00,101.52999877929688,101.52999877929688,101.52999877929688,101.52999877929688,174,0.0,0.0,2023-07-20
942,2023-07-20 15:02:00-04:00,101.38999938964844,101.38999938964844,101.37999725341797,101.37999725341797,498,0.0,0.0,2023-07-20
943,2023-07-20 15:03:00-04:00,101.37999725341797,101.45999908447266,101.37999725341797,101.45999908447266,845,0.0,0.0,2023-07-20
944,2023-07-20 15:04:00-04:00,101.44499969482422,101.44499969482422,101.44499969482422,101.44499969482422,394,0.0,0.0,2023-07-20
945,2023-07-20 15:05:00-04:00,101.42500305175781,101.4800033569336,101.42500305175781,101.4800033569336,475,0.0,0.0,2023-07-20
946,2023-07-20 15:06:00-04:00,101.44999694824219,101.44999694824219,101.44999694824219,101.44999694824219,354,0.0,0.0,2023-07-20
947,2023-07-20 15:07:00-04:00,101.5199966430664,101.58000183105469,101.5199966430664,101.58000183105469,434,0.0,0.0,2023-07-20
948,2023-07-20 15:08:00-04:00,101.58999633789062,101.59500122070312,101.58999633789062,101.59500122070312,360,0.0,0.0,2023-07-20
949,2023-07-20 15:09:00-04:00,101.52999877929688,101.53500366210938,101.5199966430664,101.53500366210938,683,0.0,0.0,2023-07-20
950,2023-07-20 15:10:00-04:00,101.55000305175781,101.61000061035156,101.55000305175781,101.5999984741211,1211,0.0,0.0,2023-07-20
951,2023-07-20 15:11:00-04:00,101.6449966430664,101.6449966430664,101.6449966430664,101.6449966430664,244,0.0,0.0,2023-07-20
952,2023-07-20 15:12:00-04:00,101.6449966430664,101.6449966430664,101.6449966430664,101.6449966430664,204,0.0,0.0,2023-07-20
953,2023-07-20 15:13:00-04:00,101.72000122070312,101.72000122070312,101.66000366210938,101.66000366210938,1202,0.0,0.0,2023-07-20
954,2023-07-20 15:14:00-04:00,101.65499877929688,101.65499877929688,101.65499877929688,101.65499877929688,235,0.0,0.0,2023-07-20
955,2023-07-20 15:15:00-04:00,101.61000061035156,101.61000061035156,101.55999755859375,101.55999755859375,768,0.0,0.0,2023-07-20
956,2023-07-20 15:16:00-04:00,101.5999984741211,101.5999984741211,101.55500030517578,101.55999755859375,693,0.0,0.0,2023-07-20
957,2023-07-20 15:17:00-04:00,101.55500030517578,101.55500030517578,101.55500030517578,101.55500030517578,111,0.0,0.0,2023-07-20
958,2023-07-20 15:18:00-04:00,101.55000305175781,101.63999938964844,101.55000305175781,101.63999938964844,540,0.0,0.0,2023-07-20
959,2023-07-20 15:19:00-04:00,101.68000030517578,101.68000030517578,101.68000030517578,101.68000030517578,524,0.0,0.0,2023-07-20
960,2023-07-20 15:20:00-04:00,101.7300033569336,101.7699966430664,101.7300033569336,101.7699966430664,621,0.0,0.0,2023-07-20
961,2023-07-20 15:21:00-04:00,101.76000213623047,101.76000213623047,101.76000213623047,101.76000213623047,161,0.0,0.0,2023-07-20
962,2023-07-20 15:22:00-04:00,101.76000213623047,101.76000213623047,101.75,101.75,251,0.0,0.0,2023-07-20
963,2023-07-20 15:23:00-04:00,101.69999694824219,101.75,101.61000061035156,101.61000061035156,3156,0.0,0.0,2023-07-20
964,2023-07-20 15:24:00-04:00,101.63999938964844,101.63999938964844,101.58499908447266,101.58999633789062,632,0.0,0.0,2023-07-20
965,2023-07-20 15:25:00-04:00,101.61000061035156,101.69999694824219,101.58999633789062,101.68499755859375,1898,0.0,0.0,2023-07-20
966,2023-07-20 15:26:00-04:00,101.68000030517578,101.68000030517578,101.68000030517578,101.68000030517578,445,0.0,0.0,2023-07-20
967,2023-07-20 15:28:00-04:00,101.68000030517578,101.7300033569336,101.68000030517578,101.68000030517578,534,0.0,0.0,2023-07-20
968,2023-07-20 15:29:00-04:00,101.62000274658203,101.62000274658203,101.59500122070312,101.59500122070312,875,0.0,0.0,2023-07-20
969,2023-07-20 15:30:00-04:00,101.5999984741211,101.6050033569336,101.5999984741211,101.6050033569336,581,0.0,0.0,2023-07-20
970,2023-07-20 15:31:00-04:00,101.66400146484375,101.83999633789062,101.66400146484375,101.76000213623047,9324,0.0,0.0,2023-07-20
971,2023-07-20 15:32:00-04:00,101.76499938964844,101.76499938964844,101.76499938964844,101.76499938964844,537,0.0,0.0,2023-07-20
972,2023-07-20 15:34:00-04:00,101.72000122070312,101.7300033569336,101.62999725341797,101.69249725341797,1689,0.0,0.0,2023-07-20
973,2023-07-20 15:35:00-04:00,101.66999816894531,101.66999816894531,101.6500015258789,101.6500015258789,302,0.0,0.0,2023-07-20
974,2023-07-20 15:36:00-04:00,101.63999938964844,101.6449966430664,101.5,101.5,1667,0.0,0.0,2023-07-20
975,2023-07-20 15:37:00-04:00,101.5,101.58499908447266,101.5,101.58499908447266,1774,0.0,0.0,2023-07-20
976,2023-07-20 15:38:00-04:00,101.58999633789062,101.58999633789062,101.58999633789062,101.58999633789062,256,0.0,0.0,2023-07-20
977,2023-07-20 15:39:00-04:00,101.55999755859375,101.55999755859375,101.54000091552734,101.54000091552734,1145,0.0,0.0,2023-07-20
978,2023-07-20 15:41:00-04:00,101.56999969482422,101.56999969482422,101.51000213623047,101.51000213623047,1161,0.0,0.0,2023-07-20
979,2023-07-20 15:42:00-04:00,101.49500274658203,101.50250244140625,101.49500274658203,101.50250244140625,406,0.0,0.0,2023-07-20
980,2023-07-20 15:43:00-04:00,101.4800033569336,101.4800033569336,101.45999908447266,101.45999908447266,679,0.0,0.0,2023-07-20
981,2023-07-20 15:44:00-04:00,101.4000015258789,101.4000015258789,101.30000305175781,101.30000305175781,727,0.0,0.0,2023-07-20
982,2023-07-20 15:45:00-04:00,101.3550033569336,101.4000015258789,101.33499908447266,101.38500213623047,3170,0.0,0.0,2023-07-20
983,2023-07-20 15:46:00-04:00,101.41999816894531,101.4800033569336,101.40499877929688,101.4800033569336,2142,0.0,0.0,2023-07-20
984,2023-07-20 15:47:00-04:00,101.51000213623047,101.51000213623047,101.34500122070312,101.34500122070312,2553,0.0,0.0,2023-07-20
985,2023-07-20 15:48:00-04:00,101.38999938964844,101.43000030517578,101.38999938964844,101.3949966430664,823,0.0,0.0,2023-07-20
986,2023-07-20 15:49:00-04:00,101.3949966430664,101.43000030517578,101.3949966430664,101.43000030517578,465,0.0,0.0,2023-07-20
987,2023-07-20 15:50:00-04:00,101.52999877929688,101.52999877929688,101.52999877929688,101.52999877929688,568,0.0,0.0,2023-07-20
988,2023-07-20 15:51:00-04:00,101.47000122070312,101.4739990234375,101.44000244140625,101.47000122070312,1569,0.0,0.0,2023-07-20
989,2023-07-20 15:52:00-04:00,101.5,101.52999877929688,101.4800033569336,101.4800033569336,2209,0.0,0.0,2023-07-20
990,2023-07-20 15:53:00-04:00,101.48999786376953,101.54000091552734,101.48999786376953,101.54000091552734,1833,0.0,0.0,2023-07-20
991,2023-07-20 15:54:00-04:00,101.5,101.55000305175781,101.41999816894531,101.44000244140625,4751,0.0,0.0,2023-07-20
992,2023-07-20 15:55:00-04:00,101.37000274658203,101.44499969482422,101.26000213623047,101.38999938964844,7787,0.0,0.0,2023-07-20
993,2023-07-20 15:56:00-04:00,101.45999908447266,101.5,101.45999908447266,101.5,2666,0.0,0.0,2023-07-20
994,2023-07-20 15:57:00-04:00,101.49500274658203,101.52999877929688,101.43000030517578,101.43000030517578,4814,0.0,0.0,2023-07-20
995,2023-07-20 15:58:00-04:00,101.41000366210938,101.46499633789062,101.41000366210938,101.41999816894531,10152,0.0,0.0,2023-07-20
996,2023-07-20 15:59:00-04:00,101.41999816894531,101.43000030517578,101.33999633789062,101.3499984741211,7978,0.0,0.0,2023-07-20
997,2023-07-21 09:30:00-04:00,101.77999877929688,101.80999755859375,101.77999877929688,101.80999755859375,25848,0.0,0.0,2023-07-21
998,2023-07-21 09:33:00-04:00,101.5,101.5,101.16999816894531,101.16999816894531,3513,0.0,0.0,2023-07-21
999,2023-07-21 09:35:00-04:00,100.94999694824219,100.94999694824219,100.70999908447266,100.70999908447266,1090,0.0,0.0,2023-07-21
1000,2023-07-21 09:37:00-04:00,101.06500244140625,101.06500244140625,100.69000244140625,100.69000244140625,600,0.0,0.0,2023-07-21
1001,2023-07-21 09:39:00-04:00,101.16000366210938,101.16000366210938,101.16000366210938,101.16000366210938,161,0.0,0.0,2023-07-21
1002,2023-07-21 09:41:00-04:00,101.13999938964844,101.18000030517578,101.13999938964844,101.18000030517578,341,0.0,0.0,2023-07-21
1003,2023-07-21 09:42:00-04:00,100.94000244140625,100.94000244140625,100.72000122070312,100.72000122070312,879,0.0,0.0,2023-07-21
1004,2023-07-21 09:45:00-04:00,101.06500244140625,101.06500244140625,101.06500244140625,101.06500244140625,222,0.0,0.0,2023-07-21
1005,2023-07-21 09:46:00-04:00,100.76589965820312,100.76589965820312,100.76589965820312,100.76589965820312,1092,0.0,0.0,2023-07-21
1006,2023-07-21 09:47:00-04:00,100.87000274658203,100.87000274658203,100.87000274658203,100.87000274658203,456,0.0,0.0,2023-07-21
1007,2023-07-21 09:51:00-04:00,100.97000122070312,100.97000122070312,100.97000122070312,100.97000122070312,259,0.0,0.0,2023-07-21
1008,2023-07-21 09:54:00-04:00,100.9749984741211,100.9749984741211,100.9749984741211,100.9749984741211,519,0.0,0.0,2023-07-21
1009,2023-07-21 09:58:00-04:00,101.44000244140625,101.44000244140625,101.36499786376953,101.36499786376953,972,0.0,0.0,2023-07-21
1010,2023-07-21 09:59:00-04:00,101.41999816894531,101.41999816894531,101.20999908447266,101.20999908447266,1062,0.0,0.0,2023-07-21
1011,2023-07-21 10:00:00-04:00,101.25749969482422,101.25749969482422,101.25749969482422,101.25749969482422,100,0.0,0.0,2023-07-21
1012,2023-07-21 10:01:00-04:00,101.13999938964844,101.13999938964844,101.13999938964844,101.13999938964844,314,0.0,0.0,2023-07-21
1013,2023-07-21 10:02:00-04:00,101.38999938964844,101.38999938964844,101.2750015258789,101.2750015258789,6431,0.0,0.0,2023-07-21
1014,2023-07-21 10:04:00-04:00,101.26000213623047,101.45999908447266,101.26000213623047,101.45999908447266,1284,0.0,0.0,2023-07-21
1015,2023-07-21 10:05:00-04:00,101.36000061035156,101.36000061035156,101.36000061035156,101.36000061035156,559,0.0,0.0,2023-07-21
1016,2023-07-21 10:07:00-04:00,101.45999908447266,101.45999908447266,101.41000366210938,101.41000366210938,439,0.0,0.0,2023-07-21
1017,2023-07-21 10:09:00-04:00,101.5199966430664,101.5199966430664,101.5199966430664,101.5199966430664,121,0.0,0.0,2023-07-21
1018,2023-07-21 10:10:00-04:00,101.69000244140625,101.72000122070312,101.68000030517578,101.70999908447266,1228,0.0,0.0,2023-07-21
1019,2023-07-21 10:11:00-04:00,101.70500183105469,101.70500183105469,101.70500183105469,101.70500183105469,485,0.0,0.0,2023-07-21
1020,2023-07-21 10:16:00-04:00,101.83000183105469,101.8499984741211,101.80000305175781,101.8499984741211,530,0.0,0.0,2023-07-21
1021,2023-07-21 10:17:00-04:00,101.8499984741211,101.8499984741211,101.5999984741211,101.5999984741211,2021,0.0,0.0,2023-07-21
1022,2023-07-21 10:20:00-04:00,101.68499755859375,101.68499755859375,101.68250274658203,101.68250274658203,304,0.0,0.0,2023-07-21
1023,2023-07-21 10:21:00-04:00,101.68499755859375,101.68499755859375,101.68499755859375,101.68499755859375,272,0.0,0.0,2023-07-21
1024,2023-07-21 10:22:00-04:00,101.5999984741211,101.5999984741211,101.5999984741211,101.5999984741211,508,0.0,0.0,2023-07-21
1025,2023-07-21 10:24:00-04:00,101.30000305175781,101.30000305175781,101.30000305175781,101.30000305175781,490,0.0,0.0,2023-07-21
1026,2023-07-21 10:27:00-04:00,101.0999984741211,101.0999984741211,101.08000183105469,101.08000183105469,586,0.0,0.0,2023-07-21
1027,2023-07-21 10:28:00-04:00,100.94999694824219,100.94999694824219,100.94000244140625,100.94000244140625,461,0.0,0.0,2023-07-21
1028,2023-07-21 10:31:00-04:00,101.0250015258789,101.0250015258789,101.0250015258789,101.0250015258789,306,0.0,0.0,2023-07-21
1029,2023-07-21 10:32:00-04:00,101.12000274658203,101.23999786376953,101.12000274658203,101.19000244140625,1449,0.0,0.0,2023-07-21
1030,2023-07-21 10:33:00-04:00,101.16999816894531,101.16999816894531,101.125,101.125,1249,0.0,0.0,2023-07-21
1031,2023-07-21 10:34:00-04:00,101.19999694824219,101.20999908447266,101.19999694824219,101.19999694824219,573,0.0,0.0,2023-07-21
1032,2023-07-21 10:38:00-04:00,101.5,101.5,101.38999938964844,101.38999938964844,314,0.0,0.0,2023-07-21
1033,2023-07-21 10:40:00-04:00,101.3499984741211,101.3499984741211,101.3499984741211,101.3499984741211,588,0.0,0.0,2023-07-21
1034,2023-07-21 10:41:00-04:00,101.55000305175781,101.55000305175781,101.55000305175781,101.55000305175781,379,0.0,0.0,2023-07-21
1035,2023-07-21 10:43:00-04:00,101.41999816894531,101.41999816894531,101.41000366210938,101.41000366210938,273,0.0,0.0,2023-07-21
1036,2023-07-21 10:44:00-04:00,101.56999969482422,101.62999725341797,101.56999969482422,101.62999725341797,291,0.0,0.0,2023-07-21
1037,2023-07-21 10:45:00-04:00,101.4000015258789,101.51000213623047,101.4000015258789,101.51000213623047,257,0.0,0.0,2023-07-21
1038,2023-07-21 10:46:00-04:00,101.41999816894531,101.5,101.22000122070312,101.22000122070312,1761,0.0,0.0,2023-07-21
1039,2023-07-21 10:47:00-04:00,101.16000366210938,101.22000122070312,101.16000366210938,101.22000122070312,265,0.0,0.0,2023-07-21
1040,2023-07-21 10:48:00-04:00,101.18000030517578,101.30000305175781,101.18000030517578,101.30000305175781,885,0.0,0.0,2023-07-21
1041,2023-07-21 10:51:00-04:00,101.2699966430664,101.2699966430664,101.2699966430664,101.2699966430664,899,0.0,0.0,2023-07-21
1042,2023-07-21 10:58:00-04:00,101.18000030517578,101.30000305175781,101.17500305175781,101.30000305175781,736,0.0,0.0,2023-07-21
1043,2023-07-21 11:02:00-04:00,101.2699966430664,101.2699966430664,101.2699966430664,101.2699966430664,146,0.0,0.0,2023-07-21
1044,2023-07-21 11:03:00-04:00,101.28500366210938,101.28500366210938,101.28500366210938,101.28500366210938,105,0.0,0.0,2023-07-21
1045,2023-07-21 11:05:00-04:00,101.2300033569336,101.29000091552734,101.22000122070312,101.29000091552734,846,0.0,0.0,2023-07-21
1046,2023-07-21 11:08:00-04:00,101.33499908447266,101.33499908447266,101.33499908447266,101.33499908447266,608,0.0,0.0,2023-07-21
1047,2023-07-21 11:09:00-04:00,101.33999633789062,101.33999633789062,101.25,101.25,1081,0.0,0.0,2023-07-21
1048,2023-07-21 11:10:00-04:00,101.29000091552734,101.29000091552734,101.27999877929688,101.27999877929688,385,0.0,0.0,2023-07-21
1049,2023-07-21 11:14:00-04:00,101.20500183105469,101.20500183105469,101.20500183105469,101.20500183105469,103,0.0,0.0,2023-07-21
1050,2023-07-21 11:16:00-04:00,101.2699966430664,101.2699966430664,101.1500015258789,101.1500015258789,449,0.0,0.0,2023-07-21
1051,2023-07-21 11:17:00-04:00,101.26000213623047,101.26000213623047,101.23500061035156,101.23500061035156,381,0.0,0.0,2023-07-21
1052,2023-07-21 11:18:00-04:00,101.2925033569336,101.29499816894531,101.2925033569336,101.29499816894531,294,0.0,0.0,2023-07-21
1053,2023-07-21 11:19:00-04:00,101.4000015258789,101.4000015258789,101.4000015258789,101.4000015258789,183,0.0,0.0,2023-07-21
1054,2023-07-21 11:20:00-04:00,101.41999816894531,101.41999816894531,101.31500244140625,101.38999938964844,1604,0.0,0.0,2023-07-21
1055,2023-07-21 11:21:00-04:00,101.44999694824219,101.44999694824219,101.44000244140625,101.44000244140625,795,0.0,0.0,2023-07-21
1056,2023-07-21 11:22:00-04:00,101.51000213623047,101.55000305175781,101.51000213623047,101.55000305175781,1400,0.0,0.0,2023-07-21
1057,2023-07-21 11:23:00-04:00,101.48999786376953,101.51000213623047,101.45999908447266,101.51000213623047,1069,0.0,0.0,2023-07-21
1058,2023-07-21 11:24:00-04:00,101.44000244140625,101.50499725341797,101.44000244140625,101.50499725341797,462,0.0,0.0,2023-07-21
1059,2023-07-21 11:25:00-04:00,101.50499725341797,101.50499725341797,101.38999938964844,101.38999938964844,1406,0.0,0.0,2023-07-21
1060,2023-07-21 11:27:00-04:00,101.43000030517578,101.43000030517578,101.43000030517578,101.43000030517578,414,0.0,0.0,2023-07-21
1061,2023-07-21 11:29:00-04:00,101.44000244140625,101.44000244140625,101.43000030517578,101.43000030517578,637,0.0,0.0,2023-07-21
1062,2023-07-21 11:30:00-04:00,101.51000213623047,101.55999755859375,101.51000213623047,101.55000305175781,1784,0.0,0.0,2023-07-21
1063,2023-07-21 11:33:00-04:00,101.43000030517578,101.43000030517578,101.43000030517578,101.43000030517578,776,0.0,0.0,2023-07-21
1064,2023-07-21 11:36:00-04:00,101.4000015258789,101.4000015258789,101.4000015258789,101.4000015258789,524,0.0,0.0,2023-07-21
1065,2023-07-21 11:38:00-04:00,101.37000274658203,101.37000274658203,101.37000274658203,101.37000274658203,368,0.0,0.0,2023-07-21
1066,2023-07-21 11:41:00-04:00,101.44999694824219,101.44999694824219,101.44999694824219,101.44999694824219,391,0.0,0.0,2023-07-21
1067,2023-07-21 11:48:00-04:00,101.46099853515625,101.46099853515625,101.46099853515625,101.46099853515625,381,0.0,0.0,2023-07-21
1068,2023-07-21 11:50:00-04:00,101.51000213623047,101.51000213623047,101.51000213623047,101.51000213623047,659,0.0,0.0,2023-07-21
1069,2023-07-21 11:52:00-04:00,101.51370239257812,101.51370239257812,101.51370239257812,101.51370239257812,104,0.0,0.0,2023-07-21
1070,2023-07-21 11:53:00-04:00,101.48999786376953,101.48999786376953,101.31999969482422,101.31999969482422,1603,0.0,0.0,2023-07-21
1071,2023-07-21 11:59:00-04:00,101.31500244140625,101.31500244140625,101.31500244140625,101.31500244140625,448,0.0,0.0,2023-07-21
1072,2023-07-21 12:03:00-04:00,101.2300033569336,101.2300033569336,101.19999694824219,101.19999694824219,511,0.0,0.0,2023-07-21
1073,2023-07-21 12:05:00-04:00,101.16000366210938,101.16000366210938,101.16000366210938,101.16000366210938,296,0.0,0.0,2023-07-21
1074,2023-07-21 12:07:00-04:00,101.2300033569336,101.2300033569336,101.2300033569336,101.2300033569336,156,0.0,0.0,2023-07-21
1075,2023-07-21 12:09:00-04:00,101.26000213623047,101.26000213623047,101.26000213623047,101.26000213623047,302,0.0,0.0,2023-07-21
1076,2023-07-21 12:12:00-04:00,101.26000213623047,101.26000213623047,101.26000213623047,101.26000213623047,124,0.0,0.0,2023-07-21
1077,2023-07-21 12:13:00-04:00,101.27999877929688,101.27999877929688,101.27999877929688,101.27999877929688,143,0.0,0.0,2023-07-21
1078,2023-07-21 12:14:00-04:00,101.30000305175781,101.30000305175781,101.30000305175781,101.30000305175781,259,0.0,0.0,2023-07-21
1079,2023-07-21 12:17:00-04:00,101.29499816894531,101.29499816894531,101.25,101.25,276,0.0,0.0,2023-07-21
1080,2023-07-21 12:19:00-04:00,101.29499816894531,101.29499816894531,101.19000244140625,101.19000244140625,972,0.0,0.0,2023-07-21
1081,2023-07-21 12:22:00-04:00,101.22000122070312,101.25,101.22000122070312,101.25,1007,0.0,0.0,2023-07-21
1082,2023-07-21 12:27:00-04:00,101.08000183105469,101.08000183105469,101.06999969482422,101.06999969482422,572,0.0,0.0,2023-07-21
1083,2023-07-21 12:30:00-04:00,100.91000366210938,100.91000366210938,100.91000366210938,100.91000366210938,696,0.0,0.0,2023-07-21
1084,2023-07-21 12:34:00-04:00,100.91999816894531,100.91999816894531,100.87000274658203,100.87000274658203,764,0.0,0.0,2023-07-21
1085,2023-07-21 12:38:00-04:00,100.69999694824219,100.69999694824219,100.66999816894531,100.66999816894531,410,0.0,0.0,2023-07-21
1086,2023-07-21 12:40:00-04:00,100.69999694824219,100.69999694824219,100.69999694824219,100.69999694824219,562,0.0,0.0,2023-07-21
1087,2023-07-21 12:43:00-04:00,100.68000030517578,100.68000030517578,100.68000030517578,100.68000030517578,159,0.0,0.0,2023-07-21
1088,2023-07-21 12:46:00-04:00,100.62000274658203,100.62000274658203,100.51499938964844,100.55999755859375,1124,0.0,0.0,2023-07-21
1089,2023-07-21 12:47:00-04:00,100.62000274658203,100.66000366210938,100.55999755859375,100.55999755859375,967,0.0,0.0,2023-07-21
1090,2023-07-21 12:49:00-04:00,100.66000366210938,100.66000366210938,100.66000366210938,100.66000366210938,613,0.0,0.0,2023-07-21
1091,2023-07-21 12:52:00-04:00,100.66000366210938,100.66000366210938,100.66000366210938,100.66000366210938,247,0.0,0.0,2023-07-21
1092,2023-07-21 12:54:00-04:00,100.69999694824219,100.69999694824219,100.69999694824219,100.69999694824219,505,0.0,0.0,2023-07-21
1093,2023-07-21 12:55:00-04:00,100.69999694824219,100.69999694824219,100.69999694824219,100.69999694824219,472,0.0,0.0,2023-07-21
1094,2023-07-21 12:59:00-04:00,100.76000213623047,100.7699966430664,100.76000213623047,100.7699966430664,715,0.0,0.0,2023-07-21
1095,2023-07-21 13:00:00-04:00,100.79499816894531,100.81999969482422,100.79499816894531,100.81999969482422,402,0.0,0.0,2023-07-21
1096,2023-07-21 13:01:00-04:00,100.83999633789062,100.83999633789062,100.79000091552734,100.79000091552734,374,0.0,0.0,2023-07-21
1097,2023-07-21 13:02:00-04:00,100.77999877929688,100.77999877929688,100.71499633789062,100.71499633789062,878,0.0,0.0,2023-07-21
1098,2023-07-21 13:08:00-04:00,100.91000366210938,100.94999694824219,100.91000366210938,100.94999694824219,896,0.0,0.0,2023-07-21
1099,2023-07-21 13:09:00-04:00,101.01000213623047,101.01000213623047,101.01000213623047,101.01000213623047,134,0.0,0.0,2023-07-21
1100,2023-07-21 13:10:00-04:00,101.02999877929688,101.02999877929688,101.02999877929688,101.02999877929688,114,0.0,0.0,2023-07-21
1101,2023-07-21 13:11:00-04:00,101.02940368652344,101.03500366210938,100.98999786376953,100.98999786376953,923,0.0,0.0,2023-07-21
1102,2023-07-21 13:13:00-04:00,100.94999694824219,100.94999694824219,100.90499877929688,100.90499877929688,885,0.0,0.0,2023-07-21
1103,2023-07-21 13:16:00-04:00,101.0,101.0,101.0,101.0,641,0.0,0.0,2023-07-21
1104,2023-07-21 13:20:00-04:00,101.02999877929688,101.02999877929688,101.02999877929688,101.02999877929688,134,0.0,0.0,2023-07-21
1105,2023-07-21 13:21:00-04:00,101.0,101.0,100.9800033569336,100.9800033569336,1381,0.0,0.0,2023-07-21
1106,2023-07-21 13:26:00-04:00,100.87999725341797,100.87999725341797,100.87999725341797,100.87999725341797,506,0.0,0.0,2023-07-21
1107,2023-07-21 13:29:00-04:00,100.87999725341797,100.87999725341797,100.87999725341797,100.87999725341797,118,0.0,0.0,2023-07-21
1108,2023-07-21 13:30:00-04:00,100.91999816894531,100.94999694824219,100.91999816894531,100.94999694824219,607,0.0,0.0,2023-07-21
1109,2023-07-21 13:31:00-04:00,100.97000122070312,100.97000122070312,100.97000122070312,100.97000122070312,383,0.0,0.0,2023-07-21
1110,2023-07-21 13:38:00-04:00,101.12000274658203,101.12000274658203,101.12000274658203,101.12000274658203,719,0.0,0.0,2023-07-21
1111,2023-07-21 13:43:00-04:00,101.05000305175781,101.05000305175781,101.05000305175781,101.05000305175781,112,0.0,0.0,2023-07-21
1112,2023-07-21 13:44:00-04:00,101.04499816894531,101.04499816894531,101.04499816894531,101.04499816894531,102,0.0,0.0,2023-07-21
1113,2023-07-21 13:45:00-04:00,100.98999786376953,100.98999786376953,100.98999786376953,100.98999786376953,621,0.0,0.0,2023-07-21
1114,2023-07-21 13:47:00-04:00,100.98999786376953,100.98999786376953,100.98999786376953,100.98999786376953,314,0.0,0.0,2023-07-21
1115,2023-07-21 13:50:00-04:00,101.0199966430664,101.0199966430664,101.0199966430664,101.0199966430664,338,0.0,0.0,2023-07-21
1116,2023-07-21 13:53:00-04:00,100.94000244140625,100.9749984741211,100.94000244140625,100.9749984741211,565,0.0,0.0,2023-07-21
1117,2023-07-21 13:54:00-04:00,100.94999694824219,100.94999694824219,100.94999694824219,100.94999694824219,158,0.0,0.0,2023-07-21
1118,2023-07-21 13:55:00-04:00,100.9000015258789,100.9000015258789,100.9000015258789,100.9000015258789,377,0.0,0.0,2023-07-21
1119,2023-07-21 13:57:00-04:00,100.94999694824219,100.94999694824219,100.94999694824219,100.94999694824219,120,0.0,0.0,2023-07-21
1120,2023-07-21 13:58:00-04:00,100.94599914550781,100.94599914550781,100.94599914550781,100.94599914550781,143,0.0,0.0,2023-07-21
1121,2023-07-21 13:59:00-04:00,100.88999938964844,100.9000015258789,100.88999938964844,100.9000015258789,1847,0.0,0.0,2023-07-21
1122,2023-07-21 14:09:00-04:00,100.68000030517578,100.68000030517578,100.68000030517578,100.68000030517578,136,0.0,0.0,2023-07-21
1123,2023-07-21 14:11:00-04:00,100.7300033569336,100.7300033569336,100.7300033569336,100.7300033569336,251,0.0,0.0,2023-07-21
1124,2023-07-21 14:13:00-04:00,100.66000366210938,100.66999816894531,100.6500015258789,100.6500015258789,1115,0.0,0.0,2023-07-21
1125,2023-07-21 14:14:00-04:00,100.6500015258789,100.69000244140625,100.6500015258789,100.69000244140625,422,0.0,0.0,2023-07-21
1126,2023-07-21 14:16:00-04:00,100.66500091552734,100.66500091552734,100.66500091552734,100.66500091552734,123,0.0,0.0,2023-07-21
1127,2023-07-21 14:18:00-04:00,100.66500091552734,100.72899627685547,100.66500091552734,100.72899627685547,442,0.0,0.0,2023-07-21
1128,2023-07-21 14:21:00-04:00,100.66500091552734,100.66500091552734,100.66500091552734,100.66500091552734,668,0.0,0.0,2023-07-21
1129,2023-07-21 14:24:00-04:00,100.66000366210938,100.66000366210938,100.66000366210938,100.66000366210938,301,0.0,0.0,2023-07-21
1130,2023-07-21 14:26:00-04:00,100.71900177001953,100.71900177001953,100.68000030517578,100.68000030517578,281,0.0,0.0,2023-07-21
1131,2023-07-21 14:29:00-04:00,100.6500015258789,100.6500015258789,100.6500015258789,100.6500015258789,707,0.0,0.0,2023-07-21
1132,2023-07-21 14:31:00-04:00,100.5999984741211,100.5999984741211,100.52999877929688,100.52999877929688,590,0.0,0.0,2023-07-21
1133,2023-07-21 14:35:00-04:00,100.5,100.55000305175781,100.5,100.55000305175781,1943,0.0,0.0,2023-07-21
1134,2023-07-21 14:36:00-04:00,100.58999633789062,100.58999633789062,100.58999633789062,100.58999633789062,340,0.0,0.0,2023-07-21
1135,2023-07-21 14:37:00-04:00,100.62999725341797,100.62999725341797,100.62999725341797,100.62999725341797,445,0.0,0.0,2023-07-21
1136,2023-07-21 14:39:00-04:00,100.72899627685547,100.72899627685547,100.72899627685547,100.72899627685547,152,0.0,0.0,2023-07-21
1137,2023-07-21 14:41:00-04:00,100.69999694824219,100.69999694824219,100.69999694824219,100.69999694824219,238,0.0,0.0,2023-07-21
1138,2023-07-21 14:42:00-04:00,100.70500183105469,100.70500183105469,100.70500183105469,100.70500183105469,674,0.0,0.0,2023-07-21
1139,2023-07-21 14:44:00-04:00,100.72000122070312,100.75,100.69000244140625,100.69000244140625,794,0.0,0.0,2023-07-21
1140,2023-07-21 14:49:00-04:00,100.73999786376953,100.73999786376953,100.73999786376953,100.73999786376953,498,0.0,0.0,2023-07-21
1141,2023-07-21 14:52:00-04:00,100.75,100.80000305175781,100.75,100.80000305175781,988,0.0,0.0,2023-07-21
1142,2023-07-21 14:53:00-04:00,100.79000091552734,100.80000305175781,100.79000091552734,100.79000091552734,811,0.0,0.0,2023-07-21
1143,2023-07-21 14:55:00-04:00,100.7699966430664,100.7699966430664,100.7699966430664,100.7699966430664,761,0.0,0.0,2023-07-21
1144,2023-07-21 15:01:00-04:00,100.73999786376953,100.73999786376953,100.73999786376953,100.73999786376953,447,0.0,0.0,2023-07-21
1145,2023-07-21 15:02:00-04:00,100.70999908447266,100.72000122070312,100.70999908447266,100.72000122070312,675,0.0,0.0,2023-07-21
1146,2023-07-21 15:03:00-04:00,100.6500015258789,100.65499877929688,100.54000091552734,100.54000091552734,1045,0.0,0.0,2023-07-21
1147,2023-07-21 15:04:00-04:00,100.51000213623047,100.51000213623047,100.51000213623047,100.51000213623047,679,0.0,0.0,2023-07-21
1148,2023-07-21 15:05:00-04:00,100.47000122070312,100.47000122070312,100.47000122070312,100.47000122070312,552,0.0,0.0,2023-07-21
1149,2023-07-21 15:09:00-04:00,100.48999786376953,100.48999786376953,100.41000366210938,100.41000366210938,586,0.0,0.0,2023-07-21
1150,2023-07-21 15:10:00-04:00,100.33000183105469,100.33000183105469,100.33000183105469,100.33000183105469,961,0.0,0.0,2023-07-21
1151,2023-07-21 15:15:00-04:00,100.56999969482422,100.56999969482422,100.56999969482422,100.56999969482422,573,0.0,0.0,2023-07-21
1152,2023-07-21 15:17:00-04:00,100.55999755859375,100.55999755859375,100.55999755859375,100.55999755859375,100,0.0,0.0,2023-07-21
1153,2023-07-21 15:18:00-04:00,100.55999755859375,100.5999984741211,100.55999755859375,100.5999984741211,711,0.0,0.0,2023-07-21
1154,2023-07-21 15:20:00-04:00,100.69999694824219,100.69999694824219,100.69999694824219,100.69999694824219,803,0.0,0.0,2023-07-21
1155,2023-07-21 15:22:00-04:00,100.65499877929688,100.65499877929688,100.54000091552734,100.54000091552734,1604,0.0,0.0,2023-07-21
1156,2023-07-21 15:24:00-04:00,100.54499816894531,100.54499816894531,100.54499816894531,100.54499816894531,409,0.0,0.0,2023-07-21
1157,2023-07-21 15:26:00-04:00,100.58999633789062,100.58999633789062,100.58999633789062,100.58999633789062,1068,0.0,0.0,2023-07-21
1158,2023-07-21 15:30:00-04:00,100.73999786376953,100.73999786376953,100.73750305175781,100.73750305175781,869,0.0,0.0,2023-07-21
1159,2023-07-21 15:32:00-04:00,100.80000305175781,100.80000305175781,100.80000305175781,100.80000305175781,182,0.0,0.0,2023-07-21
1160,2023-07-21 15:33:00-04:00,100.81999969482422,100.86000061035156,100.81500244140625,100.86000061035156,889,0.0,0.0,2023-07-21
1161,2023-07-21 15:34:00-04:00,100.8550033569336,100.8550033569336,100.8550033569336,100.8550033569336,194,0.0,0.0,2023-07-21
1162,2023-07-21 15:35:00-04:00,100.8550033569336,100.8550033569336,100.80000305175781,100.80000305175781,1510,0.0,0.0,2023-07-21
1163,2023-07-21 15:36:00-04:00,100.82499694824219,100.82499694824219,100.82499694824219,100.82499694824219,121,0.0,0.0,2023-07-21
1164,2023-07-21 15:37:00-04:00,100.79000091552734,100.79000091552734,100.73999786376953,100.73999786376953,1414,0.0,0.0,2023-07-21
1165,2023-07-21 15:38:00-04:00,100.75,100.75,100.7249984741211,100.7249984741211,499,0.0,0.0,2023-07-21
1166,2023-07-21 15:39:00-04:00,100.7699966430664,100.83499908447266,100.7699966430664,100.80000305175781,1600,0.0,0.0,2023-07-21
1167,2023-07-21 15:40:00-04:00,100.80500030517578,100.8499984741211,100.80500030517578,100.8499984741211,381,0.0,0.0,2023-07-21
1168,2023-07-21 15:42:00-04:00,100.87999725341797,100.87999725341797,100.87000274658203,100.87000274658203,386,0.0,0.0,2023-07-21
1169,2023-07-21 15:43:00-04:00,100.8499984741211,101.01899719238281,100.8499984741211,101.01000213623047,2474,0.0,0.0,2023-07-21
1170,2023-07-21 15:44:00-04:00,101.0250015258789,101.11000061035156,101.0199966430664,101.11000061035156,784,0.0,0.0,2023-07-21
1171,2023-07-21 15:45:00-04:00,101.06500244140625,101.06999969482422,100.9000015258789,100.93499755859375,2552,0.0,0.0,2023-07-21
1172,2023-07-21 15:47:00-04:00,100.91000366210938,100.94000244140625,100.91000366210938,100.94000244140625,876,0.0,0.0,2023-07-21
1173,2023-07-21 15:48:00-04:00,100.87000274658203,100.88999938964844,100.86000061035156,100.88999938964844,1159,0.0,0.0,2023-07-21
1174,2023-07-21 15:49:00-04:00,100.80000305175781,100.80000305175781,100.80000305175781,100.80000305175781,560,0.0,0.0,2023-07-21
1175,2023-07-21 15:50:00-04:00,100.66999816894531,100.83000183105469,100.6500015258789,100.83000183105469,5345,0.0,0.0,2023-07-21
1176,2023-07-21 15:51:00-04:00,100.86000061035156,100.87000274658203,100.86000061035156,100.87000274658203,327,0.0,0.0,2023-07-21
1177,2023-07-21 15:52:00-04:00,100.88999938964844,100.88999938964844,100.8499984741211,100.8499984741211,2060,0.0,0.0,2023-07-21
1178,2023-07-21 15:53:00-04:00,100.91000366210938,100.91000366210938,100.86000061035156,100.86000061035156,1075,0.0,0.0,2023-07-21
1179,2023-07-21 15:54:00-04:00,100.87000274658203,100.88999938964844,100.87000274658203,100.88999938964844,811,0.0,0.0,2023-07-21
1180,2023-07-21 15:55:00-04:00,100.83999633789062,100.83999633789062,100.80000305175781,100.81999969482422,1661,0.0,0.0,2023-07-21
1181,2023-07-21 15:56:00-04:00,100.83000183105469,100.83999633789062,100.80000305175781,100.81999969482422,3029,0.0,0.0,2023-07-21
1182,2023-07-21 15:57:00-04:00,100.86000061035156,100.87000274658203,100.82499694824219,100.86000061035156,1815,0.0,0.0,2023-07-21
1183,2023-07-21 15:58:00-04:00,100.82499694824219,100.86000061035156,100.79000091552734,100.81999969482422,2648,0.0,0.0,2023-07-21
1184,2023-07-21 15:59:00-04:00,100.80000305175781,100.86000061035156,100.76000213623047,100.76000213623047,3628,0.0,0.0,2023-07-21
